0, 0, 0, 1.007518
0, 0, 1, 0.841146
0, 0, 2, 0.826360
0, 0, 3, 0.827697
0, 0, 4, 0.819085
0, 0, 5, 0.816487
0, 0, 6, 0.782726
0, 0, 7, 0.750595
0, 0, 8, 0.761651
0, 0, 9, 0.785334
0, 0, 10, 0.839001
0, 0, 11, 1.036707
0, 0, 12, 1.463917
0, 0, 13, 1.964761
0, 0, 14, 100.000000
0, 0, 15, 100.000000
0, 0, 16, 100.000000
0, 0, 17, 100.000000
0, 0, 18, 100.000000
0, 0, 19, 100.000000
0, 0, 20, 100.000000
0, 0, 21, 100.000000
0, 0, 22, 100.000000
0, 0, 23, 100.000000
0, 0, 24, 100.000000
0, 0, 25, 100.000000
0, 0, 26, 100.000000
0, 0, 27, 100.000000
0, 0, 28, 100.000000
0, 0, 29, 100.000000
0, 0, 30, 100.000000
0, 0, 31, 100.000000
0, 0, 32, 100.000000
0, 0, 33, 100.000000
0, 0, 34, 100.000000
0, 1, 0, 0.734956
0, 1, 1, 0.516083
0, 1, 2, 0.487886
0, 1, 3, 0.472282
0, 1, 4, 0.460440
0, 1, 5, 0.466269
0, 1, 6, 0.465292
0, 1, 7, 0.465541
0, 1, 8, 0.488041
0, 1, 9, 0.509862
0, 1, 10, 0.540877
0, 1, 11, 0.697417
0, 1, 12, 1.173345
0, 1, 13, 1.839264
0, 1, 14, 100.000000
0, 1, 15, 100.000000
0, 1, 16, 100.000000
0, 1, 17, 100.000000
0, 1, 18, 100.000000
0, 1, 19, 100.000000
0, 1, 20, 100.000000
0, 1, 21, 100.000000
0, 1, 22, 100.000000
0, 1, 23, 100.000000
0, 1, 24, 100.000000
0, 1, 25, 100.000000
0, 1, 26, 100.000000
0, 1, 27, 100.000000
0, 1, 28, 100.000000
0, 1, 29, 100.000000
0, 1, 30, 100.000000
0, 1, 31, 100.000000
0, 1, 32, 100.000000
0, 1, 33, 100.000000
0, 1, 34, 100.000000
0, 2, 0, 0.674352
0, 2, 1, 0.450215
0, 2, 2, 0.434395
0, 2, 3, 0.434691
0, 2, 4, 0.415847
0, 2, 5, 0.399850
0, 2, 6, 0.388239
0, 2, 7, 0.377149
0, 2, 8, 0.387758
0, 2, 9, 0.421044
0, 2, 10, 0.461292
0, 2, 11, 0.619851
0, 2, 12, 1.048802
0, 2, 13, 1.727638
0, 2, 14, 100.000000
0, 2, 15, 100.000000
0, 2, 16, 100.000000
0, 2, 17, 100.000000
0, 2, 18, 100.000000
0, 2, 19, 100.000000
0, 2, 20, 100.000000
0, 2, 21, 100.000000
0, 2, 22, 100.000000
0, 2, 23, 100.000000
0, 2, 24, 100.000000
0, 2, 25, 100.000000
0, 2, 26, 100.000000
0, 2, 27, 100.000000
0, 2, 28, 100.000000
0, 2, 29, 100.000000
0, 2, 30, 100.000000
0, 2, 31, 100.000000
0, 2, 32, 100.000000
0, 2, 33, 100.000000
0, 2, 34, 100.000000
0, 3, 0, 0.703306
0, 3, 1, 0.449294
0, 3, 2, 0.434475
0, 3, 3, 0.430317
0, 3, 4, 0.416367
0, 3, 5, 0.416898
0, 3, 6, 0.415449
0, 3, 7, 0.408965
0, 3, 8, 0.412370
0, 3, 9, 0.433508
0, 3, 10, 0.485906
0, 3, 11, 0.668392
0, 3, 12, 1.094220
0, 3, 13, 1.703115
0, 3, 14, 100.000000
0, 3, 15, 100.000000
0, 3, 16, 100.000000
0, 3, 17, 100.000000
0, 3, 18, 100.000000
0, 3, 19, 100.000000
0, 3, 20, 100.000000
0, 3, 21, 100.000000
0, 3, 22, 100.000000
0, 3, 23, 100.000000
0, 3, 24, 100.000000
0, 3, 25, 100.000000
0, 3, 26, 100.000000
0, 3, 27, 100.000000
0, 3, 28, 100.000000
0, 3, 29, 100.000000
0, 3, 30, 100.000000
0, 3, 31, 100.000000
0, 3, 32, 100.000000
0, 3, 33, 100.000000
0, 3, 34, 100.000000
0, 4, 0, 0.723153
0, 4, 1, 0.448389
0, 4, 2, 0.440669
0, 4, 3, 0.422028
0, 4, 4, 0.393265
0, 4, 5, 0.395665
0, 4, 6, 0.405936
0, 4, 7, 0.414137
0, 4, 8, 0.440247
0, 4, 9, 0.487552
0, 4, 10, 0.578663
0, 4, 11, 0.796936
0, 4, 12, 1.235912
0, 4, 13, 1.710151
0, 4, 14, 100.000000
0, 4, 15, 100.000000
0, 4, 16, 100.000000
0, 4, 17, 100.000000
0, 4, 18, 100.000000
0, 4, 19, 100.000000
0, 4, 20, 100.000000
0, 4, 21, 100.000000
0, 4, 22, 100.000000
0, 4, 23, 100.000000
0, 4, 24, 100.000000
0, 4, 25, 100.000000
0, 4, 26, 100.000000
0, 4, 27, 100.000000
0, 4, 28, 100.000000
0, 4, 29, 100.000000
0, 4, 30, 100.000000
0, 4, 31, 100.000000
0, 4, 32, 100.000000
0, 4, 33, 100.000000
0, 4, 34, 100.000000
0, 5, 0, 0.758809
0, 5, 1, 0.490999
0, 5, 2, 0.453333
0, 5, 3, 0.417177
0, 5, 4, 0.379353
0, 5, 5, 0.371554
0, 5, 6, 0.369799
0, 5, 7, 0.387660
0, 5, 8, 0.453833
0, 5, 9, 0.533744
0, 5, 10, 0.656769
0, 5, 11, 0.927804
0, 5, 12, 1.410325
0, 5, 13, 1.857868
0, 5, 14, 100.000000
0, 5, 15, 100.000000
0, 5, 16, 100.000000
0, 5, 17, 100.000000
0, 5, 18, 100.000000
0, 5, 19, 100.000000
0, 5, 20, 100.000000
0, 5, 21, 100.000000
0, 5, 22, 100.000000
0, 5, 23, 100.000000
0, 5, 24, 100.000000
0, 5, 25, 100.000000
0, 5, 26, 100.000000
0, 5, 27, 100.000000
0, 5, 28, 100.000000
0, 5, 29, 100.000000
0, 5, 30, 100.000000
0, 5, 31, 100.000000
0, 5, 32, 100.000000
0, 5, 33, 100.000000
0, 5, 34, 100.000000
0, 6, 0, 0.806290
0, 6, 1, 0.530491
0, 6, 2, 0.450656
0, 6, 3, 0.412826
0, 6, 4, 0.402360
0, 6, 5, 0.391612
0, 6, 6, 0.366916
0, 6, 7, 0.391004
0, 6, 8, 0.472485
0, 6, 9, 0.544926
0, 6, 10, 0.655891
0, 6, 11, 0.930949
0, 6, 12, 1.449999
0, 6, 13, 2.085684
0, 6, 14, 100.000000
0, 6, 15, 100.000000
0, 6, 16, 100.000000
0, 6, 17, 100.000000
0, 6, 18, 100.000000
0, 6, 19, 100.000000
0, 6, 20, 100.000000
0, 6, 21, 100.000000
0, 6, 22, 100.000000
0, 6, 23, 100.000000
0, 6, 24, 100.000000
0, 6, 25, 100.000000
0, 6, 26, 100.000000
0, 6, 27, 100.000000
0, 6, 28, 100.000000
0, 6, 29, 100.000000
0, 6, 30, 100.000000
0, 6, 31, 100.000000
0, 6, 32, 100.000000
0, 6, 33, 100.000000
0, 6, 34, 100.000000
0, 7, 0, 0.792686
0, 7, 1, 0.515852
0, 7, 2, 0.412213
0, 7, 3, 0.387441
0, 7, 4, 0.405179
0, 7, 5, 0.420715
0, 7, 6, 0.397780
0, 7, 7, 0.416226
0, 7, 8, 0.497222
0, 7, 9, 0.534878
0, 7, 10, 0.590243
0, 7, 11, 0.818477
0, 7, 12, 1.288964
0, 7, 13, 1.831011
0, 7, 14, 100.000000
0, 7, 15, 100.000000
0, 7, 16, 100.000000
0, 7, 17, 100.000000
0, 7, 18, 100.000000
0, 7, 19, 100.000000
0, 7, 20, 100.000000
0, 7, 21, 100.000000
0, 7, 22, 100.000000
0, 7, 23, 100.000000
0, 7, 24, 100.000000
0, 7, 25, 100.000000
0, 7, 26, 100.000000
0, 7, 27, 100.000000
0, 7, 28, 100.000000
0, 7, 29, 100.000000
0, 7, 30, 100.000000
0, 7, 31, 100.000000
0, 7, 32, 100.000000
0, 7, 33, 100.000000
0, 7, 34, 100.000000
0, 8, 0, 0.744271
0, 8, 1, 0.465341
0, 8, 2, 0.376920
0, 8, 3, 0.366822
0, 8, 4, 0.393874
0, 8, 5, 0.420955
0, 8, 6, 0.413209
0, 8, 7, 0.415625
0, 8, 8, 0.475318
0, 8, 9, 0.521300
0, 8, 10, 0.590468
0, 8, 11, 0.782019
0, 8, 12, 1.124015
0, 8, 13, 1.580752
0, 8, 14, 2.358691
0, 8, 15, 100.000000
0, 8, 16, 100.000000
0, 8, 17, 100.000000
0, 8, 18, 100.000000
0, 8, 19, 100.000000
0, 8, 20, 100.000000
0, 8, 21, 100.000000
0, 8, 22, 100.000000
0, 8, 23, 100.000000
0, 8, 24, 100.000000
0, 8, 25, 100.000000
0, 8, 26, 100.000000
0, 8, 27, 100.000000
0, 8, 28, 100.000000
0, 8, 29, 100.000000
0, 8, 30, 100.000000
0, 8, 31, 100.000000
0, 8, 32, 100.000000
0, 8, 33, 100.000000
0, 8, 34, 100.000000
0, 9, 0, 0.713634
0, 9, 1, 0.441132
0, 9, 2, 0.376586
0, 9, 3, 0.376172
0, 9, 4, 0.386882
0, 9, 5, 0.413286
0, 9, 6, 0.429431
0, 9, 7, 0.431624
0, 9, 8, 0.471603
0, 9, 9, 0.535022
0, 9, 10, 0.609552
0, 9, 11, 0.770583
0, 9, 12, 1.130251
0, 9, 13, 1.568548
0, 9, 14, 2.401813
0, 9, 15, 100.000000
0, 9, 16, 100.000000
0, 9, 17, 100.000000
0, 9, 18, 100.000000
0, 9, 19, 100.000000
0, 9, 20, 100.000000
0, 9, 21, 100.000000
0, 9, 22, 100.000000
0, 9, 23, 100.000000
0, 9, 24, 100.000000
0, 9, 25, 100.000000
0, 9, 26, 100.000000
0, 9, 27, 100.000000
0, 9, 28, 100.000000
0, 9, 29, 100.000000
0, 9, 30, 100.000000
0, 9, 31, 100.000000
0, 9, 32, 100.000000
0, 9, 33, 100.000000
0, 9, 34, 100.000000
0, 10, 0, 0.729321
0, 10, 1, 0.466855
0, 10, 2, 0.411420
0, 10, 3, 0.405831
0, 10, 4, 0.402912
0, 10, 5, 0.420854
0, 10, 6, 0.454731
0, 10, 7, 0.463880
0, 10, 8, 0.483152
0, 10, 9, 0.522301
0, 10, 10, 0.584515
0, 10, 11, 0.735483
0, 10, 12, 1.175351
0, 10, 13, 1.750635
0, 10, 14, 100.000000
0, 10, 15, 100.000000
0, 10, 16, 100.000000
0, 10, 17, 100.000000
0, 10, 18, 100.000000
0, 10, 19, 100.000000
0, 10, 20, 100.000000
0, 10, 21, 100.000000
0, 10, 22, 100.000000
0, 10, 23, 100.000000
0, 10, 24, 100.000000
0, 10, 25, 100.000000
0, 10, 26, 100.000000
0, 10, 27, 100.000000
0, 10, 28, 100.000000
0, 10, 29, 100.000000
0, 10, 30, 100.000000
0, 10, 31, 100.000000
0, 10, 32, 100.000000
0, 10, 33, 100.000000
0, 10, 34, 100.000000
0, 11, 0, 0.702032
0, 11, 1, 0.469174
0, 11, 2, 0.441724
0, 11, 3, 0.436285
0, 11, 4, 0.415425
0, 11, 5, 0.420471
0, 11, 6, 0.428645
0, 11, 7, 0.442266
0, 11, 8, 0.478779
0, 11, 9, 0.506519
0, 11, 10, 0.544339
0, 11, 11, 0.707259
0, 11, 12, 1.145671
0, 11, 13, 1.744293
0, 11, 14, 100.000000
0, 11, 15, 100.000000
0, 11, 16, 100.000000
0, 11, 17, 100.000000
0, 11, 18, 100.000000
0, 11, 19, 100.000000
0, 11, 20, 100.000000
0, 11, 21, 100.000000
0, 11, 22, 100.000000
0, 11, 23, 100.000000
0, 11, 24, 100.000000
0, 11, 25, 100.000000
0, 11, 26, 100.000000
0, 11, 27, 100.000000
0, 11, 28, 100.000000
0, 11, 29, 100.000000
0, 11, 30, 100.000000
0, 11, 31, 100.000000
0, 11, 32, 100.000000
0, 11, 33, 100.000000
0, 11, 34, 100.000000
0, 12, 0, 0.710453
0, 12, 1, 0.497669
0, 12, 2, 0.471208
0, 12, 3, 0.450773
0, 12, 4, 0.427482
0, 12, 5, 0.425596
0, 12, 6, 0.386707
0, 12, 7, 0.370960
0, 12, 8, 0.433724
0, 12, 9, 0.477931
0, 12, 10, 0.503159
0, 12, 11, 0.635661
0, 12, 12, 0.933765
0, 12, 13, 1.494859
0, 12, 14, 2.207498
0, 12, 15, 100.000000
0, 12, 16, 100.000000
0, 12, 17, 100.000000
0, 12, 18, 100.000000
0, 12, 19, 100.000000
0, 12, 20, 100.000000
0, 12, 21, 100.000000
0, 12, 22, 100.000000
0, 12, 23, 100.000000
0, 12, 24, 100.000000
0, 12, 25, 100.000000
0, 12, 26, 100.000000
0, 12, 27, 100.000000
0, 12, 28, 100.000000
0, 12, 29, 100.000000
0, 12, 30, 100.000000
0, 12, 31, 100.000000
0, 12, 32, 100.000000
0, 12, 33, 100.000000
0, 12, 34, 100.000000
0, 13, 0, 0.783662
0, 13, 1, 0.531535
0, 13, 2, 0.452299
0, 13, 3, 0.435597
0, 13, 4, 0.430729
0, 13, 5, 0.427320
0, 13, 6, 0.395065
0, 13, 7, 0.379372
0, 13, 8, 0.420329
0, 13, 9, 0.439797
0, 13, 10, 0.450538
0, 13, 11, 0.579496
0, 13, 12, 0.869677
0, 13, 13, 1.289916
0, 13, 14, 2.017900
0, 13, 15, 100.000000
0, 13, 16, 100.000000
0, 13, 17, 100.000000
0, 13, 18, 100.000000
0, 13, 19, 100.000000
0, 13, 20, 100.000000
0, 13, 21, 100.000000
0, 13, 22, 100.000000
0, 13, 23, 100.000000
0, 13, 24, 100.000000
0, 13, 25, 100.000000
0, 13, 26, 100.000000
0, 13, 27, 100.000000
0, 13, 28, 100.000000
0, 13, 29, 100.000000
0, 13, 30, 100.000000
0, 13, 31, 100.000000
0, 13, 32, 100.000000
0, 13, 33, 100.000000
0, 13, 34, 100.000000
0, 14, 0, 0.841254
0, 14, 1, 0.533696
0, 14, 2, 0.397090
0, 14, 3, 0.384027
0, 14, 4, 0.415639
0, 14, 5, 0.441407
0, 14, 6, 0.431406
0, 14, 7, 0.425718
0, 14, 8, 0.438065
0, 14, 9, 0.428776
0, 14, 10, 0.409970
0, 14, 11, 0.498428
0, 14, 12, 0.771687
0, 14, 13, 1.233567
0, 14, 14, 1.985485
0, 14, 15, 100.000000
0, 14, 16, 100.000000
0, 14, 17, 100.000000
0, 14, 18, 100.000000
0, 14, 19, 100.000000
0, 14, 20, 100.000000
0, 14, 21, 100.000000
0, 14, 22, 100.000000
0, 14, 23, 100.000000
0, 14, 24, 100.000000
0, 14, 25, 100.000000
0, 14, 26, 100.000000
0, 14, 27, 100.000000
0, 14, 28, 100.000000
0, 14, 29, 100.000000
0, 14, 30, 100.000000
0, 14, 31, 100.000000
0, 14, 32, 100.000000
0, 14, 33, 100.000000
0, 14, 34, 100.000000
0, 15, 0, 0.832890
0, 15, 1, 0.495048
0, 15, 2, 0.363266
0, 15, 3, 0.369375
0, 15, 4, 0.422024
0, 15, 5, 0.459992
0, 15, 6, 0.451905
0, 15, 7, 0.449539
0, 15, 8, 0.448313
0, 15, 9, 0.415175
0, 15, 10, 0.384672
0, 15, 11, 0.468520
0, 15, 12, 0.776164
0, 15, 13, 1.212571
0, 15, 14, 1.842330
0, 15, 15, 100.000000
0, 15, 16, 100.000000
0, 15, 17, 100.000000
0, 15, 18, 100.000000
0, 15, 19, 100.000000
0, 15, 20, 100.000000
0, 15, 21, 100.000000
0, 15, 22, 100.000000
0, 15, 23, 100.000000
0, 15, 24, 100.000000
0, 15, 25, 100.000000
0, 15, 26, 100.000000
0, 15, 27, 100.000000
0, 15, 28, 100.000000
0, 15, 29, 100.000000
0, 15, 30, 100.000000
0, 15, 31, 100.000000
0, 15, 32, 100.000000
0, 15, 33, 100.000000
0, 15, 34, 100.000000
0, 16, 0, 0.774902
0, 16, 1, 0.454186
0, 16, 2, 0.366057
0, 16, 3, 0.388201
0, 16, 4, 0.431333
0, 16, 5, 0.434640
0, 16, 6, 0.423858
0, 16, 7, 0.443086
0, 16, 8, 0.460016
0, 16, 9, 0.430558
0, 16, 10, 0.413136
0, 16, 11, 0.519275
0, 16, 12, 0.807854
0, 16, 13, 1.238007
0, 16, 14, 1.832505
0, 16, 15, 100.000000
0, 16, 16, 100.000000
0, 16, 17, 100.000000
0, 16, 18, 100.000000
0, 16, 19, 100.000000
0, 16, 20, 100.000000
0, 16, 21, 100.000000
0, 16, 22, 100.000000
0, 16, 23, 100.000000
0, 16, 24, 100.000000
0, 16, 25, 100.000000
0, 16, 26, 100.000000
0, 16, 27, 100.000000
0, 16, 28, 100.000000
0, 16, 29, 100.000000
0, 16, 30, 100.000000
0, 16, 31, 100.000000
0, 16, 32, 100.000000
0, 16, 33, 100.000000
0, 16, 34, 100.000000
0, 17, 0, 0.758774
0, 17, 1, 0.457770
0, 17, 2, 0.399443
0, 17, 3, 0.415421
0, 17, 4, 0.415286
0, 17, 5, 0.395634
0, 17, 6, 0.402263
0, 17, 7, 0.443647
0, 17, 8, 0.472083
0, 17, 9, 0.459929
0, 17, 10, 0.481802
0, 17, 11, 0.591351
0, 17, 12, 0.866131
0, 17, 13, 1.346154
0, 17, 14, 2.081933
0, 17, 15, 100.000000
0, 17, 16, 100.000000
0, 17, 17, 100.000000
0, 17, 18, 100.000000
0, 17, 19, 100.000000
0, 17, 20, 100.000000
0, 17, 21, 100.000000
0, 17, 22, 100.000000
0, 17, 23, 100.000000
0, 17, 24, 100.000000
0, 17, 25, 100.000000
0, 17, 26, 100.000000
0, 17, 27, 100.000000
0, 17, 28, 100.000000
0, 17, 29, 100.000000
0, 17, 30, 100.000000
0, 17, 31, 100.000000
0, 17, 32, 100.000000
0, 17, 33, 100.000000
0, 17, 34, 100.000000
0, 18, 0, 0.753021
0, 18, 1, 0.470972
0, 18, 2, 0.439596
0, 18, 3, 0.426594
0, 18, 4, 0.381714
0, 18, 5, 0.343220
0, 18, 6, 0.361913
0, 18, 7, 0.415043
0, 18, 8, 0.459440
0, 18, 9, 0.452770
0, 18, 10, 0.478645
0, 18, 11, 0.590949
0, 18, 12, 0.865678
0, 18, 13, 1.410550
0, 18, 14, 2.293419
0, 18, 15, 100.000000
0, 18, 16, 100.000000
0, 18, 17, 100.000000
0, 18, 18, 100.000000
0, 18, 19, 100.000000
0, 18, 20, 100.000000
0, 18, 21, 100.000000
0, 18, 22, 100.000000
0, 18, 23, 100.000000
0, 18, 24, 100.000000
0, 18, 25, 100.000000
0, 18, 26, 100.000000
0, 18, 27, 100.000000
0, 18, 28, 100.000000
0, 18, 29, 100.000000
0, 18, 30, 100.000000
0, 18, 31, 100.000000
0, 18, 32, 100.000000
0, 18, 33, 100.000000
0, 18, 34, 100.000000
0, 19, 0, 0.734137
0, 19, 1, 0.465385
0, 19, 2, 0.453368
0, 19, 3, 0.434409
0, 19, 4, 0.380027
0, 19, 5, 0.340889
0, 19, 6, 0.348263
0, 19, 7, 0.392850
0, 19, 8, 0.429635
0, 19, 9, 0.437611
0, 19, 10, 0.474708
0, 19, 11, 0.604659
0, 19, 12, 0.881238
0, 19, 13, 1.353529
0, 19, 14, 2.032845
0, 19, 15, 100.000000
0, 19, 16, 100.000000
0, 19, 17, 100.000000
0, 19, 18, 100.000000
0, 19, 19, 100.000000
0, 19, 20, 100.000000
0, 19, 21, 100.000000
0, 19, 22, 100.000000
0, 19, 23, 100.000000
0, 19, 24, 100.000000
0, 19, 25, 100.000000
0, 19, 26, 100.000000
0, 19, 27, 100.000000
0, 19, 28, 100.000000
0, 19, 29, 100.000000
0, 19, 30, 100.000000
0, 19, 31, 100.000000
0, 19, 32, 100.000000
0, 19, 33, 100.000000
0, 19, 34, 100.000000
0, 20, 0, 0.716465
0, 20, 1, 0.451720
0, 20, 2, 0.441578
0, 20, 3, 0.430542
0, 20, 4, 0.380561
0, 20, 5, 0.371015
0, 20, 6, 0.378778
0, 20, 7, 0.404617
0, 20, 8, 0.432529
0, 20, 9, 0.449793
0, 20, 10, 0.469103
0, 20, 11, 0.594163
0, 20, 12, 0.890483
0, 20, 13, 1.322473
0, 20, 14, 1.901660
0, 20, 15, 100.000000
0, 20, 16, 100.000000
0, 20, 17, 100.000000
0, 20, 18, 100.000000
0, 20, 19, 100.000000
0, 20, 20, 100.000000
0, 20, 21, 100.000000
0, 20, 22, 100.000000
0, 20, 23, 100.000000
0, 20, 24, 100.000000
0, 20, 25, 100.000000
0, 20, 26, 100.000000
0, 20, 27, 100.000000
0, 20, 28, 100.000000
0, 20, 29, 100.000000
0, 20, 30, 100.000000
0, 20, 31, 100.000000
0, 20, 32, 100.000000
0, 20, 33, 100.000000
0, 20, 34, 100.000000
0, 21, 0, 0.701241
0, 21, 1, 0.432033
0, 21, 2, 0.403440
0, 21, 3, 0.402235
0, 21, 4, 0.387571
0, 21, 5, 0.405667
0, 21, 6, 0.431805
0, 21, 7, 0.440825
0, 21, 8, 0.450463
0, 21, 9, 0.465263
0, 21, 10, 0.479157
0, 21, 11, 0.579788
0, 21, 12, 0.867140
0, 21, 13, 1.346756
0, 21, 14, 2.029402
0, 21, 15, 100.000000
0, 21, 16, 100.000000
0, 21, 17, 100.000000
0, 21, 18, 100.000000
0, 21, 19, 100.000000
0, 21, 20, 100.000000
0, 21, 21, 100.000000
0, 21, 22, 100.000000
0, 21, 23, 100.000000
0, 21, 24, 100.000000
0, 21, 25, 100.000000
0, 21, 26, 100.000000
0, 21, 27, 100.000000
0, 21, 28, 100.000000
0, 21, 29, 100.000000
0, 21, 30, 100.000000
0, 21, 31, 100.000000
0, 21, 32, 100.000000
0, 21, 33, 100.000000
0, 21, 34, 100.000000
0, 22, 0, 0.718130
0, 22, 1, 0.450635
0, 22, 2, 0.387928
0, 22, 3, 0.389443
0, 22, 4, 0.405266
0, 22, 5, 0.445025
0, 22, 6, 0.475864
0, 22, 7, 0.456794
0, 22, 8, 0.438494
0, 22, 9, 0.432831
0, 22, 10, 0.458549
0, 22, 11, 0.582284
0, 22, 12, 0.890042
0, 22, 13, 1.374662
0, 22, 14, 2.098981
0, 22, 15, 100.000000
0, 22, 16, 100.000000
0, 22, 17, 100.000000
0, 22, 18, 100.000000
0, 22, 19, 100.000000
0, 22, 20, 100.000000
0, 22, 21, 100.000000
0, 22, 22, 100.000000
0, 22, 23, 100.000000
0, 22, 24, 100.000000
0, 22, 25, 100.000000
0, 22, 26, 100.000000
0, 22, 27, 100.000000
0, 22, 28, 100.000000
0, 22, 29, 100.000000
0, 22, 30, 100.000000
0, 22, 31, 100.000000
0, 22, 32, 100.000000
0, 22, 33, 100.000000
0, 22, 34, 100.000000
0, 23, 0, 0.748388
0, 23, 1, 0.493078
0, 23, 2, 0.423383
0, 23, 3, 0.416101
0, 23, 4, 0.439056
0, 23, 5, 0.470369
0, 23, 6, 0.479219
0, 23, 7, 0.459830
0, 23, 8, 0.429117
0, 23, 9, 0.409593
0, 23, 10, 0.442756
0, 23, 11, 0.596109
0, 23, 12, 0.949421
0, 23, 13, 1.421329
0, 23, 14, 2.135294
0, 23, 15, 100.000000
0, 23, 16, 100.000000
0, 23, 17, 100.000000
0, 23, 18, 100.000000
0, 23, 19, 100.000000
0, 23, 20, 100.000000
0, 23, 21, 100.000000
0, 23, 22, 100.000000
0, 23, 23, 100.000000
0, 23, 24, 100.000000
0, 23, 25, 100.000000
0, 23, 26, 100.000000
0, 23, 27, 100.000000
0, 23, 28, 100.000000
0, 23, 29, 100.000000
0, 23, 30, 100.000000
0, 23, 31, 100.000000
0, 23, 32, 100.000000
0, 23, 33, 100.000000
0, 23, 34, 100.000000
0, 24, 0, 0.752015
0, 24, 1, 0.485253
0, 24, 2, 0.437899
0, 24, 3, 0.442667
0, 24, 4, 0.461058
0, 24, 5, 0.468659
0, 24, 6, 0.469704
0, 24, 7, 0.459916
0, 24, 8, 0.439718
0, 24, 9, 0.431676
0, 24, 10, 0.469204
0, 24, 11, 0.624931
0, 24, 12, 0.965036
0, 24, 13, 1.447044
0, 24, 14, 2.113393
0, 24, 15, 100.000000
0, 24, 16, 100.000000
0, 24, 17, 100.000000
0, 24, 18, 100.000000
0, 24, 19, 100.000000
0, 24, 20, 100.000000
0, 24, 21, 100.000000
0, 24, 22, 100.000000
0, 24, 23, 100.000000
0, 24, 24, 100.000000
0, 24, 25, 100.000000
0, 24, 26, 100.000000
0, 24, 27, 100.000000
0, 24, 28, 100.000000
0, 24, 29, 100.000000
0, 24, 30, 100.000000
0, 24, 31, 100.000000
0, 24, 32, 100.000000
0, 24, 33, 100.000000
0, 24, 34, 100.000000
0, 25, 0, 0.721632
0, 25, 1, 0.447008
0, 25, 2, 0.437681
0, 25, 3, 0.464435
0, 25, 4, 0.460166
0, 25, 5, 0.455960
0, 25, 6, 0.462168
0, 25, 7, 0.473116
0, 25, 8, 0.471161
0, 25, 9, 0.476053
0, 25, 10, 0.512152
0, 25, 11, 0.646427
0, 25, 12, 0.972720
0, 25, 13, 1.403483
0, 25, 14, 2.031687
0, 25, 15, 100.000000
0, 25, 16, 100.000000
0, 25, 17, 100.000000
0, 25, 18, 100.000000
0, 25, 19, 100.000000
0, 25, 20, 100.000000
0, 25, 21, 100.000000
0, 25, 22, 100.000000
0, 25, 23, 100.000000
0, 25, 24, 100.000000
0, 25, 25, 100.000000
0, 25, 26, 100.000000
0, 25, 27, 100.000000
0, 25, 28, 100.000000
0, 25, 29, 100.000000
0, 25, 30, 100.000000
0, 25, 31, 100.000000
0, 25, 32, 100.000000
0, 25, 33, 100.000000
0, 25, 34, 100.000000
0, 26, 0, 0.761657
0, 26, 1, 0.460701
0, 26, 2, 0.449835
0, 26, 3, 0.485897
0, 26, 4, 0.467349
0, 26, 5, 0.439650
0, 26, 6, 0.447169
0, 26, 7, 0.479990
0, 26, 8, 0.492064
0, 26, 9, 0.477674
0, 26, 10, 0.504662
0, 26, 11, 0.646315
0, 26, 12, 0.993713
0, 26, 13, 1.427680
0, 26, 14, 1.989641
0, 26, 15, 100.000000
0, 26, 16, 100.000000
0, 26, 17, 100.000000
0, 26, 18, 100.000000
0, 26, 19, 100.000000
0, 26, 20, 100.000000
0, 26, 21, 100.000000
0, 26, 22, 100.000000
0, 26, 23, 100.000000
0, 26, 24, 100.000000
0, 26, 25, 100.000000
0, 26, 26, 100.000000
0, 26, 27, 100.000000
0, 26, 28, 100.000000
0, 26, 29, 100.000000
0, 26, 30, 100.000000
0, 26, 31, 100.000000
0, 26, 32, 100.000000
0, 26, 33, 100.000000
0, 26, 34, 100.000000
0, 27, 0, 0.823736
0, 27, 1, 0.501148
0, 27, 2, 0.469711
0, 27, 3, 0.489281
0, 27, 4, 0.464586
0, 27, 5, 0.433123
0, 27, 6, 0.437689
0, 27, 7, 0.464960
0, 27, 8, 0.475445
0, 27, 9, 0.461461
0, 27, 10, 0.487331
0, 27, 11, 0.654838
0, 27, 12, 1.009216
0, 27, 13, 1.527548
0, 27, 14, 2.310431
0, 27, 15, 100.000000
0, 27, 16, 100.000000
0, 27, 17, 100.000000
0, 27, 18, 100.000000
0, 27, 19, 100.000000
0, 27, 20, 100.000000
0, 27, 21, 100.000000
0, 27, 22, 100.000000
0, 27, 23, 100.000000
0, 27, 24, 100.000000
0, 27, 25, 100.000000
0, 27, 26, 100.000000
0, 27, 27, 100.000000
0, 27, 28, 100.000000
0, 27, 29, 100.000000
0, 27, 30, 100.000000
0, 27, 31, 100.000000
0, 27, 32, 100.000000
0, 27, 33, 100.000000
0, 27, 34, 100.000000
0, 28, 0, 0.767262
0, 28, 1, 0.504578
0, 28, 2, 0.461631
0, 28, 3, 0.455664
0, 28, 4, 0.429737
0, 28, 5, 0.411157
0, 28, 6, 0.430258
0, 28, 7, 0.456126
0, 28, 8, 0.459423
0, 28, 9, 0.436720
0, 28, 10, 0.487703
0, 28, 11, 0.692224
0, 28, 12, 1.058823
0, 28, 13, 1.547942
0, 28, 14, 100.000000
0, 28, 15, 100.000000
0, 28, 16, 100.000000
0, 28, 17, 100.000000
0, 28, 18, 100.000000
0, 28, 19, 100.000000
0, 28, 20, 100.000000
0, 28, 21, 100.000000
0, 28, 22, 100.000000
0, 28, 23, 100.000000
0, 28, 24, 100.000000
0, 28, 25, 100.000000
0, 28, 26, 100.000000
0, 28, 27, 100.000000
0, 28, 28, 100.000000
0, 28, 29, 100.000000
0, 28, 30, 100.000000
0, 28, 31, 100.000000
0, 28, 32, 100.000000
0, 28, 33, 100.000000
0, 28, 34, 100.000000
0, 29, 0, 0.649666
0, 29, 1, 0.501462
0, 29, 2, 0.492274
0, 29, 3, 0.476673
0, 29, 4, 0.439630
0, 29, 5, 0.451996
0, 29, 6, 0.488893
0, 29, 7, 0.512822
0, 29, 8, 0.500443
0, 29, 9, 0.461858
0, 29, 10, 0.534639
0, 29, 11, 0.750244
0, 29, 12, 1.080870
0, 29, 13, 1.457229
0, 29, 14, 2.199314
0, 29, 15, 100.000000
0, 29, 16, 100.000000
0, 29, 17, 100.000000
0, 29, 18, 100.000000
0, 29, 19, 100.000000
0, 29, 20, 100.000000
0, 29, 21, 100.000000
0, 29, 22, 100.000000
0, 29, 23, 100.000000
0, 29, 24, 100.000000
0, 29, 25, 100.000000
0, 29, 26, 100.000000
0, 29, 27, 100.000000
0, 29, 28, 100.000000
0, 29, 29, 100.000000
0, 29, 30, 100.000000
0, 29, 31, 100.000000
0, 29, 32, 100.000000
0, 29, 33, 100.000000
0, 29, 34, 100.000000
1, 0, 0, 0.733526
1, 0, 1, 0.498213
1, 0, 2, 0.493774
1, 0, 3, 0.523868
1, 0, 4, 0.541787
1, 0, 5, 0.540584
1, 0, 6, 0.506086
1, 0, 7, 0.494922
1, 0, 8, 0.515105
1, 0, 9, 0.534126
1, 0, 10, 0.584792
1, 0, 11, 0.842752
1, 0, 12, 1.346280
1, 0, 13, 1.815263
1, 0, 14, 100.000000
1, 0, 15, 100.000000
1, 0, 16, 100.000000
1, 0, 17, 100.000000
1, 0, 18, 100.000000
1, 0, 19, 100.000000
1, 0, 20, 100.000000
1, 0, 21, 100.000000
1, 0, 22, 100.000000
1, 0, 23, 100.000000
1, 0, 24, 100.000000
1, 0, 25, 100.000000
1, 0, 26, 100.000000
1, 0, 27, 100.000000
1, 0, 28, 100.000000
1, 0, 29, 100.000000
1, 0, 30, 100.000000
1, 0, 31, 100.000000
1, 0, 32, 100.000000
1, 0, 33, 100.000000
1, 0, 34, 100.000000
1, 1, 0, 0.461969
1, 1, 1, 0.089408
1, 1, 2, 0.016286
1, 1, 3, 0.021593
1, 1, 4, 0.034915
1, 1, 5, 0.058379
1, 1, 6, 0.066466
1, 1, 7, 0.071481
1, 1, 8, 0.089141
1, 1, 9, 0.106463
1, 1, 10, 0.185031
1, 1, 11, 0.482265
1, 1, 12, 1.043581
1, 1, 13, 1.702954
1, 1, 14, 100.000000
1, 1, 15, 100.000000
1, 1, 16, 100.000000
1, 1, 17, 100.000000
1, 1, 18, 100.000000
1, 1, 19, 100.000000
1, 1, 20, 100.000000
1, 1, 21, 100.000000
1, 1, 22, 100.000000
1, 1, 23, 100.000000
1, 1, 24, 100.000000
1, 1, 25, 100.000000
1, 1, 26, 100.000000
1, 1, 27, 100.000000
1, 1, 28, 100.000000
1, 1, 29, 100.000000
1, 1, 30, 100.000000
1, 1, 31, 100.000000
1, 1, 32, 100.000000
1, 1, 33, 100.000000
1, 1, 34, 100.000000
1, 2, 0, 0.420708
1, 2, 1, -0.004451
1, 2, 2, -0.103835
1, 2, 3, -0.110486
1, 2, 4, -0.112302
1, 2, 5, -0.091058
1, 2, 6, -0.096200
1, 2, 7, -0.112732
1, 2, 8, -0.111538
1, 2, 9, -0.082003
1, 2, 10, 0.059310
1, 2, 11, 0.401141
1, 2, 12, 0.936967
1, 2, 13, 1.573838
1, 2, 14, 2.418226
1, 2, 15, 100.000000
1, 2, 16, 100.000000
1, 2, 17, 100.000000
1, 2, 18, 100.000000
1, 2, 19, 100.000000
1, 2, 20, 100.000000
1, 2, 21, 100.000000
1, 2, 22, 100.000000
1, 2, 23, 100.000000
1, 2, 24, 100.000000
1, 2, 25, 100.000000
1, 2, 26, 100.000000
1, 2, 27, 100.000000
1, 2, 28, 100.000000
1, 2, 29, 100.000000
1, 2, 30, 100.000000
1, 2, 31, 100.000000
1, 2, 32, 100.000000
1, 2, 33, 100.000000
1, 2, 34, 100.000000
1, 3, 0, 0.415918
1, 3, 1, -0.014365
1, 3, 2, -0.076284
1, 3, 3, -0.068224
1, 3, 4, -0.088722
1, 3, 5, -0.082528
1, 3, 6, -0.083765
1, 3, 7, -0.096080
1, 3, 8, -0.108521
1, 3, 9, -0.102075
1, 3, 10, 0.056963
1, 3, 11, 0.412569
1, 3, 12, 0.922396
1, 3, 13, 1.464705
1, 3, 14, 2.296254
1, 3, 15, 100.000000
1, 3, 16, 100.000000
1, 3, 17, 100.000000
1, 3, 18, 100.000000
1, 3, 19, 100.000000
1, 3, 20, 100.000000
1, 3, 21, 100.000000
1, 3, 22, 100.000000
1, 3, 23, 100.000000
1, 3, 24, 100.000000
1, 3, 25, 100.000000
1, 3, 26, 100.000000
1, 3, 27, 100.000000
1, 3, 28, 100.000000
1, 3, 29, 100.000000
1, 3, 30, 100.000000
1, 3, 31, 100.000000
1, 3, 32, 100.000000
1, 3, 33, 100.000000
1, 3, 34, 100.000000
1, 4, 0, 0.413117
1, 4, 1, -0.013103
1, 4, 2, -0.062857
1, 4, 3, -0.072536
1, 4, 4, -0.109843
1, 4, 5, -0.098029
1, 4, 6, -0.074944
1, 4, 7, -0.066114
1, 4, 8, -0.082890
1, 4, 9, -0.069374
1, 4, 10, 0.114808
1, 4, 11, 0.485136
1, 4, 12, 0.995422
1, 4, 13, 1.387166
1, 4, 14, 2.198608
1, 4, 15, 100.000000
1, 4, 16, 100.000000
1, 4, 17, 100.000000
1, 4, 18, 100.000000
1, 4, 19, 100.000000
1, 4, 20, 100.000000
1, 4, 21, 100.000000
1, 4, 22, 100.000000
1, 4, 23, 100.000000
1, 4, 24, 100.000000
1, 4, 25, 100.000000
1, 4, 26, 100.000000
1, 4, 27, 100.000000
1, 4, 28, 100.000000
1, 4, 29, 100.000000
1, 4, 30, 100.000000
1, 4, 31, 100.000000
1, 4, 32, 100.000000
1, 4, 33, 100.000000
1, 4, 34, 100.000000
1, 5, 0, 0.454580
1, 5, 1, 0.021665
1, 5, 2, -0.076296
1, 5, 3, -0.096879
1, 5, 4, -0.137680
1, 5, 5, -0.123995
1, 5, 6, -0.100826
1, 5, 7, -0.084285
1, 5, 8, -0.074901
1, 5, 9, -0.029343
1, 5, 10, 0.187363
1, 5, 11, 0.573850
1, 5, 12, 1.086740
1, 5, 13, 1.422317
1, 5, 14, 2.350832
1, 5, 15, 100.000000
1, 5, 16, 100.000000
1, 5, 17, 100.000000
1, 5, 18, 100.000000
1, 5, 19, 100.000000
1, 5, 20, 100.000000
1, 5, 21, 100.000000
1, 5, 22, 100.000000
1, 5, 23, 100.000000
1, 5, 24, 100.000000
1, 5, 25, 100.000000
1, 5, 26, 100.000000
1, 5, 27, 100.000000
1, 5, 28, 100.000000
1, 5, 29, 100.000000
1, 5, 30, 100.000000
1, 5, 31, 100.000000
1, 5, 32, 100.000000
1, 5, 33, 100.000000
1, 5, 34, 100.000000
1, 6, 0, 0.517384
1, 6, 1, 0.060613
1, 6, 2, -0.103882
1, 6, 3, -0.124320
1, 6, 4, -0.130193
1, 6, 5, -0.118087
1, 6, 6, -0.129155
1, 6, 7, -0.109777
1, 6, 8, -0.069651
1, 6, 9, 0.009899
1, 6, 10, 0.209105
1, 6, 11, 0.563766
1, 6, 12, 1.059313
1, 6, 13, 1.574465
1, 6, 14, 100.000000
1, 6, 15, 100.000000
1, 6, 16, 100.000000
1, 6, 17, 100.000000
1, 6, 18, 100.000000
1, 6, 19, 100.000000
1, 6, 20, 100.000000
1, 6, 21, 100.000000
1, 6, 22, 100.000000
1, 6, 23, 100.000000
1, 6, 24, 100.000000
1, 6, 25, 100.000000
1, 6, 26, 100.000000
1, 6, 27, 100.000000
1, 6, 28, 100.000000
1, 6, 29, 100.000000
1, 6, 30, 100.000000
1, 6, 31, 100.000000
1, 6, 32, 100.000000
1, 6, 33, 100.000000
1, 6, 34, 100.000000
1, 7, 0, 0.538265
1, 7, 1, 0.075310
1, 7, 2, -0.131871
1, 7, 3, -0.155127
1, 7, 4, -0.125754
1, 7, 5, -0.104467
1, 7, 6, -0.117771
1, 7, 7, -0.100772
1, 7, 8, -0.044236
1, 7, 9, 0.032035
1, 7, 10, 0.145494
1, 7, 11, 0.446551
1, 7, 12, 0.950276
1, 7, 13, 1.440631
1, 7, 14, 2.290547
1, 7, 15, 100.000000
1, 7, 16, 100.000000
1, 7, 17, 100.000000
1, 7, 18, 100.000000
1, 7, 19, 100.000000
1, 7, 20, 100.000000
1, 7, 21, 100.000000
1, 7, 22, 100.000000
1, 7, 23, 100.000000
1, 7, 24, 100.000000
1, 7, 25, 100.000000
1, 7, 26, 100.000000
1, 7, 27, 100.000000
1, 7, 28, 100.000000
1, 7, 29, 100.000000
1, 7, 30, 100.000000
1, 7, 31, 100.000000
1, 7, 32, 100.000000
1, 7, 33, 100.000000
1, 7, 34, 100.000000
1, 8, 0, 0.495868
1, 8, 1, 0.042276
1, 8, 2, -0.167541
1, 8, 3, -0.171268
1, 8, 4, -0.123199
1, 8, 5, -0.090845
1, 8, 6, -0.081910
1, 8, 7, -0.076361
1, 8, 8, -0.030495
1, 8, 9, 0.022125
1, 8, 10, 0.104232
1, 8, 11, 0.364071
1, 8, 12, 0.831696
1, 8, 13, 1.347817
1, 8, 14, 2.062214
1, 8, 15, 100.000000
1, 8, 16, 100.000000
1, 8, 17, 100.000000
1, 8, 18, 100.000000
1, 8, 19, 100.000000
1, 8, 20, 100.000000
1, 8, 21, 100.000000
1, 8, 22, 100.000000
1, 8, 23, 100.000000
1, 8, 24, 100.000000
1, 8, 25, 100.000000
1, 8, 26, 100.000000
1, 8, 27, 100.000000
1, 8, 28, 100.000000
1, 8, 29, 100.000000
1, 8, 30, 100.000000
1, 8, 31, 100.000000
1, 8, 32, 100.000000
1, 8, 33, 100.000000
1, 8, 34, 100.000000
1, 9, 0, 0.437984
1, 9, 1, -0.004899
1, 9, 2, -0.157529
1, 9, 3, -0.155160
1, 9, 4, -0.121488
1, 9, 5, -0.086600
1, 9, 6, -0.062859
1, 9, 7, -0.063239
1, 9, 8, -0.040907
1, 9, 9, 0.015566
1, 9, 10, 0.112156
1, 9, 11, 0.348450
1, 9, 12, 0.829577
1, 9, 13, 1.379223
1, 9, 14, 2.097484
1, 9, 15, 100.000000
1, 9, 16, 100.000000
1, 9, 17, 100.000000
1, 9, 18, 100.000000
1, 9, 19, 100.000000
1, 9, 20, 100.000000
1, 9, 21, 100.000000
1, 9, 22, 100.000000
1, 9, 23, 100.000000
1, 9, 24, 100.000000
1, 9, 25, 100.000000
1, 9, 26, 100.000000
1, 9, 27, 100.000000
1, 9, 28, 100.000000
1, 9, 29, 100.000000
1, 9, 30, 100.000000
1, 9, 31, 100.000000
1, 9, 32, 100.000000
1, 9, 33, 100.000000
1, 9, 34, 100.000000
1, 10, 0, 0.437209
1, 10, 1, 0.016407
1, 10, 2, -0.109475
1, 10, 3, -0.109149
1, 10, 4, -0.100184
1, 10, 5, -0.068066
1, 10, 6, -0.047427
1, 10, 7, -0.046913
1, 10, 8, -0.034331
1, 10, 9, -0.000675
1, 10, 10, 0.083350
1, 10, 11, 0.338942
1, 10, 12, 0.854597
1, 10, 13, 1.470155
1, 10, 14, 2.143623
1, 10, 15, 100.000000
1, 10, 16, 100.000000
1, 10, 17, 100.000000
1, 10, 18, 100.000000
1, 10, 19, 100.000000
1, 10, 20, 100.000000
1, 10, 21, 100.000000
1, 10, 22, 100.000000
1, 10, 23, 100.000000
1, 10, 24, 100.000000
1, 10, 25, 100.000000
1, 10, 26, 100.000000
1, 10, 27, 100.000000
1, 10, 28, 100.000000
1, 10, 29, 100.000000
1, 10, 30, 100.000000
1, 10, 31, 100.000000
1, 10, 32, 100.000000
1, 10, 33, 100.000000
1, 10, 34, 100.000000
1, 11, 0, 0.441374
1, 11, 1, 0.050567
1, 11, 2, -0.075228
1, 11, 3, -0.085074
1, 11, 4, -0.096778
1, 11, 5, -0.066059
1, 11, 6, -0.042595
1, 11, 7, -0.028881
1, 11, 8, -0.030530
1, 11, 9, -0.018049
1, 11, 10, 0.064728
1, 11, 11, 0.365600
1, 11, 12, 0.855683
1, 11, 13, 1.479396
1, 11, 14, 2.252571
1, 11, 15, 100.000000
1, 11, 16, 100.000000
1, 11, 17, 100.000000
1, 11, 18, 100.000000
1, 11, 19, 100.000000
1, 11, 20, 100.000000
1, 11, 21, 100.000000
1, 11, 22, 100.000000
1, 11, 23, 100.000000
1, 11, 24, 100.000000
1, 11, 25, 100.000000
1, 11, 26, 100.000000
1, 11, 27, 100.000000
1, 11, 28, 100.000000
1, 11, 29, 100.000000
1, 11, 30, 100.000000
1, 11, 31, 100.000000
1, 11, 32, 100.000000
1, 11, 33, 100.000000
1, 11, 34, 100.000000
1, 12, 0, 0.494016
1, 12, 1, 0.100918
1, 12, 2, -0.045277
1, 12, 3, -0.082807
1, 12, 4, -0.102560
1, 12, 5, -0.076198
1, 12, 6, -0.069798
1, 12, 7, -0.060278
1, 12, 8, -0.047976
1, 12, 9, -0.047625
1, 12, 10, 0.035705
1, 12, 11, 0.327412
1, 12, 12, 0.711291
1, 12, 13, 1.252983
1, 12, 14, 2.114164
1, 12, 15, 100.000000
1, 12, 16, 100.000000
1, 12, 17, 100.000000
1, 12, 18, 100.000000
1, 12, 19, 100.000000
1, 12, 20, 100.000000
1, 12, 21, 100.000000
1, 12, 22, 100.000000
1, 12, 23, 100.000000
1, 12, 24, 100.000000
1, 12, 25, 100.000000
1, 12, 26, 100.000000
1, 12, 27, 100.000000
1, 12, 28, 100.000000
1, 12, 29, 100.000000
1, 12, 30, 100.000000
1, 12, 31, 100.000000
1, 12, 32, 100.000000
1, 12, 33, 100.000000
1, 12, 34, 100.000000
1, 13, 0, 0.549394
1, 13, 1, 0.113527
1, 13, 2, -0.067835
1, 13, 3, -0.105258
1, 13, 4, -0.124143
1, 13, 5, -0.107304
1, 13, 6, -0.079930
1, 13, 7, -0.063119
1, 13, 8, -0.065876
1, 13, 9, -0.087674
1, 13, 10, -0.042688
1, 13, 11, 0.239677
1, 13, 12, 0.681034
1, 13, 13, 1.173663
1, 13, 14, 1.939670
1, 13, 15, 100.000000
1, 13, 16, 100.000000
1, 13, 17, 100.000000
1, 13, 18, 100.000000
1, 13, 19, 100.000000
1, 13, 20, 100.000000
1, 13, 21, 100.000000
1, 13, 22, 100.000000
1, 13, 23, 100.000000
1, 13, 24, 100.000000
1, 13, 25, 100.000000
1, 13, 26, 100.000000
1, 13, 27, 100.000000
1, 13, 28, 100.000000
1, 13, 29, 100.000000
1, 13, 30, 100.000000
1, 13, 31, 100.000000
1, 13, 32, 100.000000
1, 13, 33, 100.000000
1, 13, 34, 100.000000
1, 14, 0, 0.579662
1, 14, 1, 0.103943
1, 14, 2, -0.117913
1, 14, 3, -0.141905
1, 14, 4, -0.132089
1, 14, 5, -0.118949
1, 14, 6, -0.096793
1, 14, 7, -0.072859
1, 14, 8, -0.066827
1, 14, 9, -0.119828
1, 14, 10, -0.121984
1, 14, 11, 0.109450
1, 14, 12, 0.583019
1, 14, 13, 1.139135
1, 14, 14, 1.912191
1, 14, 15, 100.000000
1, 14, 16, 100.000000
1, 14, 17, 100.000000
1, 14, 18, 100.000000
1, 14, 19, 100.000000
1, 14, 20, 100.000000
1, 14, 21, 100.000000
1, 14, 22, 100.000000
1, 14, 23, 100.000000
1, 14, 24, 100.000000
1, 14, 25, 100.000000
1, 14, 26, 100.000000
1, 14, 27, 100.000000
1, 14, 28, 100.000000
1, 14, 29, 100.000000
1, 14, 30, 100.000000
1, 14, 31, 100.000000
1, 14, 32, 100.000000
1, 14, 33, 100.000000
1, 14, 34, 100.000000
1, 15, 0, 0.578922
1, 15, 1, 0.079458
1, 15, 2, -0.142973
1, 15, 3, -0.144308
1, 15, 4, -0.111969
1, 15, 5, -0.086426
1, 15, 6, -0.074801
1, 15, 7, -0.066897
1, 15, 8, -0.077171
1, 15, 9, -0.136706
1, 15, 10, -0.155301
1, 15, 11, 0.069956
1, 15, 12, 0.552179
1, 15, 13, 1.104111
1, 15, 14, 1.703804
1, 15, 15, 100.000000
1, 15, 16, 100.000000
1, 15, 17, 100.000000
1, 15, 18, 100.000000
1, 15, 19, 100.000000
1, 15, 20, 100.000000
1, 15, 21, 100.000000
1, 15, 22, 100.000000
1, 15, 23, 100.000000
1, 15, 24, 100.000000
1, 15, 25, 100.000000
1, 15, 26, 100.000000
1, 15, 27, 100.000000
1, 15, 28, 100.000000
1, 15, 29, 100.000000
1, 15, 30, 100.000000
1, 15, 31, 100.000000
1, 15, 32, 100.000000
1, 15, 33, 100.000000
1, 15, 34, 100.000000
1, 16, 0, 0.546005
1, 16, 1, 0.047710
1, 16, 2, -0.120844
1, 16, 3, -0.120801
1, 16, 4, -0.086402
1, 16, 5, -0.072267
1, 16, 6, -0.072665
1, 16, 7, -0.069151
1, 16, 8, -0.076610
1, 16, 9, -0.117928
1, 16, 10, -0.111841
1, 16, 11, 0.117629
1, 16, 12, 0.541942
1, 16, 13, 1.081768
1, 16, 14, 1.617296
1, 16, 15, 100.000000
1, 16, 16, 100.000000
1, 16, 17, 100.000000
1, 16, 18, 100.000000
1, 16, 19, 100.000000
1, 16, 20, 100.000000
1, 16, 21, 100.000000
1, 16, 22, 100.000000
1, 16, 23, 100.000000
1, 16, 24, 100.000000
1, 16, 25, 100.000000
1, 16, 26, 100.000000
1, 16, 27, 100.000000
1, 16, 28, 100.000000
1, 16, 29, 100.000000
1, 16, 30, 100.000000
1, 16, 31, 100.000000
1, 16, 32, 100.000000
1, 16, 33, 100.000000
1, 16, 34, 100.000000
1, 17, 0, 0.514920
1, 17, 1, 0.032737
1, 17, 2, -0.087816
1, 17, 3, -0.087100
1, 17, 4, -0.068104
1, 17, 5, -0.070750
1, 17, 6, -0.071229
1, 17, 7, -0.058633
1, 17, 8, -0.060297
1, 17, 9, -0.084395
1, 17, 10, -0.035529
1, 17, 11, 0.182349
1, 17, 12, 0.565710
1, 17, 13, 1.128089
1, 17, 14, 1.828444
1, 17, 15, 100.000000
1, 17, 16, 100.000000
1, 17, 17, 100.000000
1, 17, 18, 100.000000
1, 17, 19, 100.000000
1, 17, 20, 100.000000
1, 17, 21, 100.000000
1, 17, 22, 100.000000
1, 17, 23, 100.000000
1, 17, 24, 100.000000
1, 17, 25, 100.000000
1, 17, 26, 100.000000
1, 17, 27, 100.000000
1, 17, 28, 100.000000
1, 17, 29, 100.000000
1, 17, 30, 100.000000
1, 17, 31, 100.000000
1, 17, 32, 100.000000
1, 17, 33, 100.000000
1, 17, 34, 100.000000
1, 18, 0, 0.488393
1, 18, 1, 0.023245
1, 18, 2, -0.072920
1, 18, 3, -0.073453
1, 18, 4, -0.084589
1, 18, 5, -0.089917
1, 18, 6, -0.073106
1, 18, 7, -0.055232
1, 18, 8, -0.062284
1, 18, 9, -0.074823
1, 18, 10, -0.021424
1, 18, 11, 0.180330
1, 18, 12, 0.555290
1, 18, 13, 1.142255
1, 18, 14, 2.002254
1, 18, 15, 100.000000
1, 18, 16, 100.000000
1, 18, 17, 100.000000
1, 18, 18, 100.000000
1, 18, 19, 100.000000
1, 18, 20, 100.000000
1, 18, 21, 100.000000
1, 18, 22, 100.000000
1, 18, 23, 100.000000
1, 18, 24, 100.000000
1, 18, 25, 100.000000
1, 18, 26, 100.000000
1, 18, 27, 100.000000
1, 18, 28, 100.000000
1, 18, 29, 100.000000
1, 18, 30, 100.000000
1, 18, 31, 100.000000
1, 18, 32, 100.000000
1, 18, 33, 100.000000
1, 18, 34, 100.000000
1, 19, 0, 0.475929
1, 19, 1, 0.012342
1, 19, 2, -0.086942
1, 19, 3, -0.085896
1, 19, 4, -0.111096
1, 19, 5, -0.112266
1, 19, 6, -0.094873
1, 19, 7, -0.071421
1, 19, 8, -0.070782
1, 19, 9, -0.058653
1, 19, 10, 0.016630
1, 19, 11, 0.206623
1, 19, 12, 0.568990
1, 19, 13, 1.131637
1, 19, 14, 1.966083
1, 19, 15, 100.000000
1, 19, 16, 100.000000
1, 19, 17, 100.000000
1, 19, 18, 100.000000
1, 19, 19, 100.000000
1, 19, 20, 100.000000
1, 19, 21, 100.000000
1, 19, 22, 100.000000
1, 19, 23, 100.000000
1, 19, 24, 100.000000
1, 19, 25, 100.000000
1, 19, 26, 100.000000
1, 19, 27, 100.000000
1, 19, 28, 100.000000
1, 19, 29, 100.000000
1, 19, 30, 100.000000
1, 19, 31, 100.000000
1, 19, 32, 100.000000
1, 19, 33, 100.000000
1, 19, 34, 100.000000
1, 20, 0, 0.497066
1, 20, 1, 0.025727
1, 20, 2, -0.105798
1, 20, 3, -0.102408
1, 20, 4, -0.112138
1, 20, 5, -0.112097
1, 20, 6, -0.105207
1, 20, 7, -0.090742
1, 20, 8, -0.085846
1, 20, 9, -0.087167
1, 20, 10, -0.040075
1, 20, 11, 0.177201
1, 20, 12, 0.571420
1, 20, 13, 1.154380
1, 20, 14, 1.895586
1, 20, 15, 100.000000
1, 20, 16, 100.000000
1, 20, 17, 100.000000
1, 20, 18, 100.000000
1, 20, 19, 100.000000
1, 20, 20, 100.000000
1, 20, 21, 100.000000
1, 20, 22, 100.000000
1, 20, 23, 100.000000
1, 20, 24, 100.000000
1, 20, 25, 100.000000
1, 20, 26, 100.000000
1, 20, 27, 100.000000
1, 20, 28, 100.000000
1, 20, 29, 100.000000
1, 20, 30, 100.000000
1, 20, 31, 100.000000
1, 20, 32, 100.000000
1, 20, 33, 100.000000
1, 20, 34, 100.000000
1, 21, 0, 0.499534
1, 21, 1, 0.025652
1, 21, 2, -0.131764
1, 21, 3, -0.114164
1, 21, 4, -0.099718
1, 21, 5, -0.090074
1, 21, 6, -0.078028
1, 21, 7, -0.076170
1, 21, 8, -0.087044
1, 21, 9, -0.099610
1, 21, 10, -0.072877
1, 21, 11, 0.173753
1, 21, 12, 0.598324
1, 21, 13, 1.203958
1, 21, 14, 1.933343
1, 21, 15, 100.000000
1, 21, 16, 100.000000
1, 21, 17, 100.000000
1, 21, 18, 100.000000
1, 21, 19, 100.000000
1, 21, 20, 100.000000
1, 21, 21, 100.000000
1, 21, 22, 100.000000
1, 21, 23, 100.000000
1, 21, 24, 100.000000
1, 21, 25, 100.000000
1, 21, 26, 100.000000
1, 21, 27, 100.000000
1, 21, 28, 100.000000
1, 21, 29, 100.000000
1, 21, 30, 100.000000
1, 21, 31, 100.000000
1, 21, 32, 100.000000
1, 21, 33, 100.000000
1, 21, 34, 100.000000
1, 22, 0, 0.486822
1, 22, 1, 0.017356
1, 22, 2, -0.131134
1, 22, 3, -0.118048
1, 22, 4, -0.092048
1, 22, 5, -0.070030
1, 22, 6, -0.069219
1, 22, 7, -0.076526
1, 22, 8, -0.102839
1, 22, 9, -0.111460
1, 22, 10, -0.066143
1, 22, 11, 0.174704
1, 22, 12, 0.612864
1, 22, 13, 1.190819
1, 22, 14, 1.965043
1, 22, 15, 100.000000
1, 22, 16, 100.000000
1, 22, 17, 100.000000
1, 22, 18, 100.000000
1, 22, 19, 100.000000
1, 22, 20, 100.000000
1, 22, 21, 100.000000
1, 22, 22, 100.000000
1, 22, 23, 100.000000
1, 22, 24, 100.000000
1, 22, 25, 100.000000
1, 22, 26, 100.000000
1, 22, 27, 100.000000
1, 22, 28, 100.000000
1, 22, 29, 100.000000
1, 22, 30, 100.000000
1, 22, 31, 100.000000
1, 22, 32, 100.000000
1, 22, 33, 100.000000
1, 22, 34, 100.000000
1, 23, 0, 0.480611
1, 23, 1, 0.031504
1, 23, 2, -0.110601
1, 23, 3, -0.104364
1, 23, 4, -0.082532
1, 23, 5, -0.071238
1, 23, 6, -0.080399
1, 23, 7, -0.086291
1, 23, 8, -0.104694
1, 23, 9, -0.101567
1, 23, 10, -0.042669
1, 23, 11, 0.194199
1, 23, 12, 0.639580
1, 23, 13, 1.256194
1, 23, 14, 1.962181
1, 23, 15, 100.000000
1, 23, 16, 100.000000
1, 23, 17, 100.000000
1, 23, 18, 100.000000
1, 23, 19, 100.000000
1, 23, 20, 100.000000
1, 23, 21, 100.000000
1, 23, 22, 100.000000
1, 23, 23, 100.000000
1, 23, 24, 100.000000
1, 23, 25, 100.000000
1, 23, 26, 100.000000
1, 23, 27, 100.000000
1, 23, 28, 100.000000
1, 23, 29, 100.000000
1, 23, 30, 100.000000
1, 23, 31, 100.000000
1, 23, 32, 100.000000
1, 23, 33, 100.000000
1, 23, 34, 100.000000
1, 24, 0, 0.461867
1, 24, 1, 0.033843
1, 24, 2, -0.089320
1, 24, 3, -0.096461
1, 24, 4, -0.076683
1, 24, 5, -0.064484
1, 24, 6, -0.061232
1, 24, 7, -0.077540
1, 24, 8, -0.077248
1, 24, 9, -0.072526
1, 24, 10, -0.026526
1, 24, 11, 0.200804
1, 24, 12, 0.638952
1, 24, 13, 1.275569
1, 24, 14, 1.957408
1, 24, 15, 100.000000
1, 24, 16, 100.000000
1, 24, 17, 100.000000
1, 24, 18, 100.000000
1, 24, 19, 100.000000
1, 24, 20, 100.000000
1, 24, 21, 100.000000
1, 24, 22, 100.000000
1, 24, 23, 100.000000
1, 24, 24, 100.000000
1, 24, 25, 100.000000
1, 24, 26, 100.000000
1, 24, 27, 100.000000
1, 24, 28, 100.000000
1, 24, 29, 100.000000
1, 24, 30, 100.000000
1, 24, 31, 100.000000
1, 24, 32, 100.000000
1, 24, 33, 100.000000
1, 24, 34, 100.000000
1, 25, 0, 0.432952
1, 25, 1, 0.020965
1, 25, 2, -0.064337
1, 25, 3, -0.074406
1, 25, 4, -0.079814
1, 25, 5, -0.079099
1, 25, 6, -0.061401
1, 25, 7, -0.067428
1, 25, 8, -0.059267
1, 25, 9, -0.031999
1, 25, 10, 0.010227
1, 25, 11, 0.206626
1, 25, 12, 0.641745
1, 25, 13, 1.218356
1, 25, 14, 1.787294
1, 25, 15, 100.000000
1, 25, 16, 100.000000
1, 25, 17, 100.000000
1, 25, 18, 100.000000
1, 25, 19, 100.000000
1, 25, 20, 100.000000
1, 25, 21, 100.000000
1, 25, 22, 100.000000
1, 25, 23, 100.000000
1, 25, 24, 100.000000
1, 25, 25, 100.000000
1, 25, 26, 100.000000
1, 25, 27, 100.000000
1, 25, 28, 100.000000
1, 25, 29, 100.000000
1, 25, 30, 100.000000
1, 25, 31, 100.000000
1, 25, 32, 100.000000
1, 25, 33, 100.000000
1, 25, 34, 100.000000
1, 26, 0, 0.459695
1, 26, 1, 0.053526
1, 26, 2, -0.030427
1, 26, 3, -0.054093
1, 26, 4, -0.079933
1, 26, 5, -0.088799
1, 26, 6, -0.078930
1, 26, 7, -0.071882
1, 26, 8, -0.059009
1, 26, 9, -0.026229
1, 26, 10, 0.032973
1, 26, 11, 0.217505
1, 26, 12, 0.667637
1, 26, 13, 1.206515
1, 26, 14, 1.745306
1, 26, 15, 100.000000
1, 26, 16, 100.000000
1, 26, 17, 100.000000
1, 26, 18, 100.000000
1, 26, 19, 100.000000
1, 26, 20, 100.000000
1, 26, 21, 100.000000
1, 26, 22, 100.000000
1, 26, 23, 100.000000
1, 26, 24, 100.000000
1, 26, 25, 100.000000
1, 26, 26, 100.000000
1, 26, 27, 100.000000
1, 26, 28, 100.000000
1, 26, 29, 100.000000
1, 26, 30, 100.000000
1, 26, 31, 100.000000
1, 26, 32, 100.000000
1, 26, 33, 100.000000
1, 26, 34, 100.000000
1, 27, 0, 0.528170
1, 27, 1, 0.106564
1, 27, 2, -0.015241
1, 27, 3, -0.059872
1, 27, 4, -0.084228
1, 27, 5, -0.075206
1, 27, 6, -0.065720
1, 27, 7, -0.061297
1, 27, 8, -0.061128
1, 27, 9, -0.057699
1, 27, 10, 0.017843
1, 27, 11, 0.259841
1, 27, 12, 0.712888
1, 27, 13, 1.252536
1, 27, 14, 1.970646
1, 27, 15, 100.000000
1, 27, 16, 100.000000
1, 27, 17, 100.000000
1, 27, 18, 100.000000
1, 27, 19, 100.000000
1, 27, 20, 100.000000
1, 27, 21, 100.000000
1, 27, 22, 100.000000
1, 27, 23, 100.000000
1, 27, 24, 100.000000
1, 27, 25, 100.000000
1, 27, 26, 100.000000
1, 27, 27, 100.000000
1, 27, 28, 100.000000
1, 27, 29, 100.000000
1, 27, 30, 100.000000
1, 27, 31, 100.000000
1, 27, 32, 100.000000
1, 27, 33, 100.000000
1, 27, 34, 100.000000
1, 28, 0, 0.528891
1, 28, 1, 0.130582
1, 28, 2, -0.012290
1, 28, 3, -0.078450
1, 28, 4, -0.096533
1, 28, 5, -0.068884
1, 28, 6, -0.040750
1, 28, 7, -0.033205
1, 28, 8, -0.070098
1, 28, 9, -0.097266
1, 28, 10, 0.007256
1, 28, 11, 0.281609
1, 28, 12, 0.734134
1, 28, 13, 1.276343
1, 28, 14, 1.968438
1, 28, 15, 100.000000
1, 28, 16, 100.000000
1, 28, 17, 100.000000
1, 28, 18, 100.000000
1, 28, 19, 100.000000
1, 28, 20, 100.000000
1, 28, 21, 100.000000
1, 28, 22, 100.000000
1, 28, 23, 100.000000
1, 28, 24, 100.000000
1, 28, 25, 100.000000
1, 28, 26, 100.000000
1, 28, 27, 100.000000
1, 28, 28, 100.000000
1, 28, 29, 100.000000
1, 28, 30, 100.000000
1, 28, 31, 100.000000
1, 28, 32, 100.000000
1, 28, 33, 100.000000
1, 28, 34, 100.000000
1, 29, 0, 0.487006
1, 29, 1, 0.204667
1, 29, 2, 0.090539
1, 29, 3, 0.015470
1, 29, 4, 0.000506
1, 29, 5, 0.052182
1, 29, 6, 0.101464
1, 29, 7, 0.102525
1, 29, 8, 0.047759
1, 29, 9, -0.002170
1, 29, 10, 0.080317
1, 29, 11, 0.360307
1, 29, 12, 0.770703
1, 29, 13, 1.238298
1, 29, 14, 1.818096
1, 29, 15, 100.000000
1, 29, 16, 100.000000
1, 29, 17, 100.000000
1, 29, 18, 100.000000
1, 29, 19, 100.000000
1, 29, 20, 100.000000
1, 29, 21, 100.000000
1, 29, 22, 100.000000
1, 29, 23, 100.000000
1, 29, 24, 100.000000
1, 29, 25, 100.000000
1, 29, 26, 100.000000
1, 29, 27, 100.000000
1, 29, 28, 100.000000
1, 29, 29, 100.000000
1, 29, 30, 100.000000
1, 29, 31, 100.000000
1, 29, 32, 100.000000
1, 29, 33, 100.000000
1, 29, 34, 100.000000
2, 0, 0, 0.665604
2, 0, 1, 0.426739
2, 0, 2, 0.406817
2, 0, 3, 0.427182
2, 0, 4, 0.446741
2, 0, 5, 0.447630
2, 0, 6, 0.424053
2, 0, 7, 0.433360
2, 0, 8, 0.472220
2, 0, 9, 0.507004
2, 0, 10, 0.604771
2, 0, 11, 0.952760
2, 0, 12, 1.472356
2, 0, 13, 2.054475
2, 0, 14, 100.000000
2, 0, 15, 100.000000
2, 0, 16, 100.000000
2, 0, 17, 100.000000
2, 0, 18, 100.000000
2, 0, 19, 100.000000
2, 0, 20, 100.000000
2, 0, 21, 100.000000
2, 0, 22, 100.000000
2, 0, 23, 100.000000
2, 0, 24, 100.000000
2, 0, 25, 100.000000
2, 0, 26, 100.000000
2, 0, 27, 100.000000
2, 0, 28, 100.000000
2, 0, 29, 100.000000
2, 0, 30, 100.000000
2, 0, 31, 100.000000
2, 0, 32, 100.000000
2, 0, 33, 100.000000
2, 0, 34, 100.000000
2, 1, 0, 0.434269
2, 1, 1, 0.010426
2, 1, 2, -0.113532
2, 1, 3, -0.103875
2, 1, 4, -0.075665
2, 1, 5, -0.048641
2, 1, 6, -0.044417
2, 1, 7, -0.046650
2, 1, 8, -0.031502
2, 1, 9, 0.015318
2, 1, 10, 0.170171
2, 1, 11, 0.573978
2, 1, 12, 1.179173
2, 1, 13, 1.813657
2, 1, 14, 100.000000
2, 1, 15, 100.000000
2, 1, 16, 100.000000
2, 1, 17, 100.000000
2, 1, 18, 100.000000
2, 1, 19, 100.000000
2, 1, 20, 100.000000
2, 1, 21, 100.000000
2, 1, 22, 100.000000
2, 1, 23, 100.000000
2, 1, 24, 100.000000
2, 1, 25, 100.000000
2, 1, 26, 100.000000
2, 1, 27, 100.000000
2, 1, 28, 100.000000
2, 1, 29, 100.000000
2, 1, 30, 100.000000
2, 1, 31, 100.000000
2, 1, 32, 100.000000
2, 1, 33, 100.000000
2, 1, 34, 100.000000
2, 2, 0, 0.384941
2, 2, 1, -0.124218
2, 2, 2, -0.339694
2, 2, 3, -0.378360
2, 2, 4, -0.363296
2, 2, 5, -0.327528
2, 2, 6, -0.322345
2, 2, 7, -0.338674
2, 2, 8, -0.321176
2, 2, 9, -0.243380
2, 2, 10, -0.011289
2, 2, 11, 0.424986
2, 2, 12, 1.017610
2, 2, 13, 1.584666
2, 2, 14, 100.000000
2, 2, 15, 100.000000
2, 2, 16, 100.000000
2, 2, 17, 100.000000
2, 2, 18, 100.000000
2, 2, 19, 100.000000
2, 2, 20, 100.000000
2, 2, 21, 100.000000
2, 2, 22, 100.000000
2, 2, 23, 100.000000
2, 2, 24, 100.000000
2, 2, 25, 100.000000
2, 2, 26, 100.000000
2, 2, 27, 100.000000
2, 2, 28, 100.000000
2, 2, 29, 100.000000
2, 2, 30, 100.000000
2, 2, 31, 100.000000
2, 2, 32, 100.000000
2, 2, 33, 100.000000
2, 2, 34, 100.000000
2, 3, 0, 0.353151
2, 3, 1, -0.158646
2, 3, 2, -0.350137
2, 3, 3, -0.379093
2, 3, 4, -0.392054
2, 3, 5, -0.366345
2, 3, 6, -0.361918
2, 3, 7, -0.378485
2, 3, 8, -0.377176
2, 3, 9, -0.293603
2, 3, 10, -0.076359
2, 3, 11, 0.363054
2, 3, 12, 0.901268
2, 3, 13, 1.438615
2, 3, 14, 2.312359
2, 3, 15, 100.000000
2, 3, 16, 100.000000
2, 3, 17, 100.000000
2, 3, 18, 100.000000
2, 3, 19, 100.000000
2, 3, 20, 100.000000
2, 3, 21, 100.000000
2, 3, 22, 100.000000
2, 3, 23, 100.000000
2, 3, 24, 100.000000
2, 3, 25, 100.000000
2, 3, 26, 100.000000
2, 3, 27, 100.000000
2, 3, 28, 100.000000
2, 3, 29, 100.000000
2, 3, 30, 100.000000
2, 3, 31, 100.000000
2, 3, 32, 100.000000
2, 3, 33, 100.000000
2, 3, 34, 100.000000
2, 4, 0, 0.349414
2, 4, 1, -0.174274
2, 4, 2, -0.371696
2, 4, 3, -0.384214
2, 4, 4, -0.402442
2, 4, 5, -0.369620
2, 4, 6, -0.347061
2, 4, 7, -0.362619
2, 4, 8, -0.372217
2, 4, 9, -0.297746
2, 4, 10, -0.050935
2, 4, 11, 0.369602
2, 4, 12, 0.888524
2, 4, 13, 1.352670
2, 4, 14, 2.187882
2, 4, 15, 100.000000
2, 4, 16, 100.000000
2, 4, 17, 100.000000
2, 4, 18, 100.000000
2, 4, 19, 100.000000
2, 4, 20, 100.000000
2, 4, 21, 100.000000
2, 4, 22, 100.000000
2, 4, 23, 100.000000
2, 4, 24, 100.000000
2, 4, 25, 100.000000
2, 4, 26, 100.000000
2, 4, 27, 100.000000
2, 4, 28, 100.000000
2, 4, 29, 100.000000
2, 4, 30, 100.000000
2, 4, 31, 100.000000
2, 4, 32, 100.000000
2, 4, 33, 100.000000
2, 4, 34, 100.000000
2, 5, 0, 0.384354
2, 5, 1, -0.148870
2, 5, 2, -0.410027
2, 5, 3, -0.418075
2, 5, 4, -0.426481
2, 5, 5, -0.381545
2, 5, 6, -0.354924
2, 5, 7, -0.371624
2, 5, 8, -0.372585
2, 5, 9, -0.248116
2, 5, 10, 0.024307
2, 5, 11, 0.425426
2, 5, 12, 0.988834
2, 5, 13, 1.457009
2, 5, 14, 2.391996
2, 5, 15, 100.000000
2, 5, 16, 100.000000
2, 5, 17, 100.000000
2, 5, 18, 100.000000
2, 5, 19, 100.000000
2, 5, 20, 100.000000
2, 5, 21, 100.000000
2, 5, 22, 100.000000
2, 5, 23, 100.000000
2, 5, 24, 100.000000
2, 5, 25, 100.000000
2, 5, 26, 100.000000
2, 5, 27, 100.000000
2, 5, 28, 100.000000
2, 5, 29, 100.000000
2, 5, 30, 100.000000
2, 5, 31, 100.000000
2, 5, 32, 100.000000
2, 5, 33, 100.000000
2, 5, 34, 100.000000
2, 6, 0, 0.419127
2, 6, 1, -0.120342
2, 6, 2, -0.436207
2, 6, 3, -0.458985
2, 6, 4, -0.446553
2, 6, 5, -0.391006
2, 6, 6, -0.385753
2, 6, 7, -0.386040
2, 6, 8, -0.364386
2, 6, 9, -0.219757
2, 6, 10, 0.046616
2, 6, 11, 0.436317
2, 6, 12, 0.970378
2, 6, 13, 1.572463
2, 6, 14, 100.000000
2, 6, 15, 100.000000
2, 6, 16, 100.000000
2, 6, 17, 100.000000
2, 6, 18, 100.000000
2, 6, 19, 100.000000
2, 6, 20, 100.000000
2, 6, 21, 100.000000
2, 6, 22, 100.000000
2, 6, 23, 100.000000
2, 6, 24, 100.000000
2, 6, 25, 100.000000
2, 6, 26, 100.000000
2, 6, 27, 100.000000
2, 6, 28, 100.000000
2, 6, 29, 100.000000
2, 6, 30, 100.000000
2, 6, 31, 100.000000
2, 6, 32, 100.000000
2, 6, 33, 100.000000
2, 6, 34, 100.000000
2, 7, 0, 0.440584
2, 7, 1, -0.105009
2, 7, 2, -0.445757
2, 7, 3, -0.484363
2, 7, 4, -0.459215
2, 7, 5, -0.400867
2, 7, 6, -0.404561
2, 7, 7, -0.388246
2, 7, 8, -0.349953
2, 7, 9, -0.222995
2, 7, 10, -0.023461
2, 7, 11, 0.329405
2, 7, 12, 0.883125
2, 7, 13, 1.401087
2, 7, 14, 2.277255
2, 7, 15, 100.000000
2, 7, 16, 100.000000
2, 7, 17, 100.000000
2, 7, 18, 100.000000
2, 7, 19, 100.000000
2, 7, 20, 100.000000
2, 7, 21, 100.000000
2, 7, 22, 100.000000
2, 7, 23, 100.000000
2, 7, 24, 100.000000
2, 7, 25, 100.000000
2, 7, 26, 100.000000
2, 7, 27, 100.000000
2, 7, 28, 100.000000
2, 7, 29, 100.000000
2, 7, 30, 100.000000
2, 7, 31, 100.000000
2, 7, 32, 100.000000
2, 7, 33, 100.000000
2, 7, 34, 100.000000
2, 8, 0, 0.421686
2, 8, 1, -0.107071
2, 8, 2, -0.425561
2, 8, 3, -0.473205
2, 8, 4, -0.462826
2, 8, 5, -0.417621
2, 8, 6, -0.391953
2, 8, 7, -0.368485
2, 8, 8, -0.335459
2, 8, 9, -0.253245
2, 8, 10, -0.106394
2, 8, 11, 0.215884
2, 8, 12, 0.762529
2, 8, 13, 1.365796
2, 8, 14, 2.122172
2, 8, 15, 100.000000
2, 8, 16, 100.000000
2, 8, 17, 100.000000
2, 8, 18, 100.000000
2, 8, 19, 100.000000
2, 8, 20, 100.000000
2, 8, 21, 100.000000
2, 8, 22, 100.000000
2, 8, 23, 100.000000
2, 8, 24, 100.000000
2, 8, 25, 100.000000
2, 8, 26, 100.000000
2, 8, 27, 100.000000
2, 8, 28, 100.000000
2, 8, 29, 100.000000
2, 8, 30, 100.000000
2, 8, 31, 100.000000
2, 8, 32, 100.000000
2, 8, 33, 100.000000
2, 8, 34, 100.000000
2, 9, 0, 0.381832
2, 9, 1, -0.130947
2, 9, 2, -0.403874
2, 9, 3, -0.458269
2, 9, 4, -0.450428
2, 9, 5, -0.429622
2, 9, 6, -0.393299
2, 9, 7, -0.373432
2, 9, 8, -0.348991
2, 9, 9, -0.278787
2, 9, 10, -0.134788
2, 9, 11, 0.199030
2, 9, 12, 0.740623
2, 9, 13, 1.378608
2, 9, 14, 2.048522
2, 9, 15, 100.000000
2, 9, 16, 100.000000
2, 9, 17, 100.000000
2, 9, 18, 100.000000
2, 9, 19, 100.000000
2, 9, 20, 100.000000
2, 9, 21, 100.000000
2, 9, 22, 100.000000
2, 9, 23, 100.000000
2, 9, 24, 100.000000
2, 9, 25, 100.000000
2, 9, 26, 100.000000
2, 9, 27, 100.000000
2, 9, 28, 100.000000
2, 9, 29, 100.000000
2, 9, 30, 100.000000
2, 9, 31, 100.000000
2, 9, 32, 100.000000
2, 9, 33, 100.000000
2, 9, 34, 100.000000
2, 10, 0, 0.369478
2, 10, 1, -0.135336
2, 10, 2, -0.362253
2, 10, 3, -0.416954
2, 10, 4, -0.427376
2, 10, 5, -0.390052
2, 10, 6, -0.364213
2, 10, 7, -0.375538
2, 10, 8, -0.367766
2, 10, 9, -0.298430
2, 10, 10, -0.145553
2, 10, 11, 0.218363
2, 10, 12, 0.767295
2, 10, 13, 1.374154
2, 10, 14, 1.985719
2, 10, 15, 100.000000
2, 10, 16, 100.000000
2, 10, 17, 100.000000
2, 10, 18, 100.000000
2, 10, 19, 100.000000
2, 10, 20, 100.000000
2, 10, 21, 100.000000
2, 10, 22, 100.000000
2, 10, 23, 100.000000
2, 10, 24, 100.000000
2, 10, 25, 100.000000
2, 10, 26, 100.000000
2, 10, 27, 100.000000
2, 10, 28, 100.000000
2, 10, 29, 100.000000
2, 10, 30, 100.000000
2, 10, 31, 100.000000
2, 10, 32, 100.000000
2, 10, 33, 100.000000
2, 10, 34, 100.000000
2, 11, 0, 0.378594
2, 11, 1, -0.112167
2, 11, 2, -0.344345
2, 11, 3, -0.408587
2, 11, 4, -0.427550
2, 11, 5, -0.364475
2, 11, 6, -0.317626
2, 11, 7, -0.322056
2, 11, 8, -0.355134
2, 11, 9, -0.285558
2, 11, 10, -0.113075
2, 11, 11, 0.266310
2, 11, 12, 0.775999
2, 11, 13, 1.353559
2, 11, 14, 2.083339
2, 11, 15, 100.000000
2, 11, 16, 100.000000
2, 11, 17, 100.000000
2, 11, 18, 100.000000
2, 11, 19, 100.000000
2, 11, 20, 100.000000
2, 11, 21, 100.000000
2, 11, 22, 100.000000
2, 11, 23, 100.000000
2, 11, 24, 100.000000
2, 11, 25, 100.000000
2, 11, 26, 100.000000
2, 11, 27, 100.000000
2, 11, 28, 100.000000
2, 11, 29, 100.000000
2, 11, 30, 100.000000
2, 11, 31, 100.000000
2, 11, 32, 100.000000
2, 11, 33, 100.000000
2, 11, 34, 100.000000
2, 12, 0, 0.404958
2, 12, 1, -0.080142
2, 12, 2, -0.328479
2, 12, 3, -0.397340
2, 12, 4, -0.419703
2, 12, 5, -0.360279
2, 12, 6, -0.326712
2, 12, 7, -0.324503
2, 12, 8, -0.343638
2, 12, 9, -0.272388
2, 12, 10, -0.091706
2, 12, 11, 0.255156
2, 12, 12, 0.716218
2, 12, 13, 1.246850
2, 12, 14, 2.076622
2, 12, 15, 100.000000
2, 12, 16, 100.000000
2, 12, 17, 100.000000
2, 12, 18, 100.000000
2, 12, 19, 100.000000
2, 12, 20, 100.000000
2, 12, 21, 100.000000
2, 12, 22, 100.000000
2, 12, 23, 100.000000
2, 12, 24, 100.000000
2, 12, 25, 100.000000
2, 12, 26, 100.000000
2, 12, 27, 100.000000
2, 12, 28, 100.000000
2, 12, 29, 100.000000
2, 12, 30, 100.000000
2, 12, 31, 100.000000
2, 12, 32, 100.000000
2, 12, 33, 100.000000
2, 12, 34, 100.000000
2, 13, 0, 0.427875
2, 13, 1, -0.073180
2, 13, 2, -0.353068
2, 13, 3, -0.421461
2, 13, 4, -0.427772
2, 13, 5, -0.377386
2, 13, 6, -0.344777
2, 13, 7, -0.338974
2, 13, 8, -0.349615
2, 13, 9, -0.289804
2, 13, 10, -0.141755
2, 13, 11, 0.175034
2, 13, 12, 0.650028
2, 13, 13, 1.225996
2, 13, 14, 2.081982
2, 13, 15, 100.000000
2, 13, 16, 100.000000
2, 13, 17, 100.000000
2, 13, 18, 100.000000
2, 13, 19, 100.000000
2, 13, 20, 100.000000
2, 13, 21, 100.000000
2, 13, 22, 100.000000
2, 13, 23, 100.000000
2, 13, 24, 100.000000
2, 13, 25, 100.000000
2, 13, 26, 100.000000
2, 13, 27, 100.000000
2, 13, 28, 100.000000
2, 13, 29, 100.000000
2, 13, 30, 100.000000
2, 13, 31, 100.000000
2, 13, 32, 100.000000
2, 13, 33, 100.000000
2, 13, 34, 100.000000
2, 14, 0, 0.458552
2, 14, 1, -0.066827
2, 14, 2, -0.400774
2, 14, 3, -0.487046
2, 14, 4, -0.452558
2, 14, 5, -0.423927
2, 14, 6, -0.411804
2, 14, 7, -0.392603
2, 14, 8, -0.367142
2, 14, 9, -0.316875
2, 14, 10, -0.191821
2, 14, 11, 0.120815
2, 14, 12, 0.634196
2, 14, 13, 1.239455
2, 14, 14, 1.803364
2, 14, 15, 100.000000
2, 14, 16, 100.000000
2, 14, 17, 100.000000
2, 14, 18, 100.000000
2, 14, 19, 100.000000
2, 14, 20, 100.000000
2, 14, 21, 100.000000
2, 14, 22, 100.000000
2, 14, 23, 100.000000
2, 14, 24, 100.000000
2, 14, 25, 100.000000
2, 14, 26, 100.000000
2, 14, 27, 100.000000
2, 14, 28, 100.000000
2, 14, 29, 100.000000
2, 14, 30, 100.000000
2, 14, 31, 100.000000
2, 14, 32, 100.000000
2, 14, 33, 100.000000
2, 14, 34, 100.000000
2, 15, 0, 0.489730
2, 15, 1, -0.076226
2, 15, 2, -0.428429
2, 15, 3, -0.434519
2, 15, 4, -0.414881
2, 15, 5, -0.392628
2, 15, 6, -0.398992
2, 15, 7, -0.401273
2, 15, 8, -0.396727
2, 15, 9, -0.379697
2, 15, 10, -0.230509
2, 15, 11, 0.090500
2, 15, 12, 0.585506
2, 15, 13, 1.112702
2, 15, 14, 1.589443
2, 15, 15, 100.000000
2, 15, 16, 100.000000
2, 15, 17, 100.000000
2, 15, 18, 100.000000
2, 15, 19, 100.000000
2, 15, 20, 100.000000
2, 15, 21, 100.000000
2, 15, 22, 100.000000
2, 15, 23, 100.000000
2, 15, 24, 100.000000
2, 15, 25, 100.000000
2, 15, 26, 100.000000
2, 15, 27, 100.000000
2, 15, 28, 100.000000
2, 15, 29, 100.000000
2, 15, 30, 100.000000
2, 15, 31, 100.000000
2, 15, 32, 100.000000
2, 15, 33, 100.000000
2, 15, 34, 100.000000
2, 16, 0, 0.483670
2, 16, 1, -0.103537
2, 16, 2, -0.417588
2, 16, 3, -0.407232
2, 16, 4, -0.395728
2, 16, 5, -0.366959
2, 16, 6, -0.400987
2, 16, 7, -0.415751
2, 16, 8, -0.401824
2, 16, 9, -0.378530
2, 16, 10, -0.243044
2, 16, 11, 0.068742
2, 16, 12, 0.541408
2, 16, 13, 1.054377
2, 16, 14, 1.583252
2, 16, 15, 100.000000
2, 16, 16, 100.000000
2, 16, 17, 100.000000
2, 16, 18, 100.000000
2, 16, 19, 100.000000
2, 16, 20, 100.000000
2, 16, 21, 100.000000
2, 16, 22, 100.000000
2, 16, 23, 100.000000
2, 16, 24, 100.000000
2, 16, 25, 100.000000
2, 16, 26, 100.000000
2, 16, 27, 100.000000
2, 16, 28, 100.000000
2, 16, 29, 100.000000
2, 16, 30, 100.000000
2, 16, 31, 100.000000
2, 16, 32, 100.000000
2, 16, 33, 100.000000
2, 16, 34, 100.000000
2, 17, 0, 0.449310
2, 17, 1, -0.131074
2, 17, 2, -0.395008
2, 17, 3, -0.393031
2, 17, 4, -0.380737
2, 17, 5, -0.352133
2, 17, 6, -0.379556
2, 17, 7, -0.385648
2, 17, 8, -0.362506
2, 17, 9, -0.320308
2, 17, 10, -0.209815
2, 17, 11, 0.076874
2, 17, 12, 0.545356
2, 17, 13, 1.093234
2, 17, 14, 1.797103
2, 17, 15, 100.000000
2, 17, 16, 100.000000
2, 17, 17, 100.000000
2, 17, 18, 100.000000
2, 17, 19, 100.000000
2, 17, 20, 100.000000
2, 17, 21, 100.000000
2, 17, 22, 100.000000
2, 17, 23, 100.000000
2, 17, 24, 100.000000
2, 17, 25, 100.000000
2, 17, 26, 100.000000
2, 17, 27, 100.000000
2, 17, 28, 100.000000
2, 17, 29, 100.000000
2, 17, 30, 100.000000
2, 17, 31, 100.000000
2, 17, 32, 100.000000
2, 17, 33, 100.000000
2, 17, 34, 100.000000
2, 18, 0, 0.418390
2, 18, 1, -0.145587
2, 18, 2, -0.403438
2, 18, 3, -0.390748
2, 18, 4, -0.393832
2, 18, 5, -0.359480
2, 18, 6, -0.337847
2, 18, 7, -0.346779
2, 18, 8, -0.339181
2, 18, 9, -0.295553
2, 18, 10, -0.192453
2, 18, 11, 0.062284
2, 18, 12, 0.495047
2, 18, 13, 1.064532
2, 18, 14, 1.764963
2, 18, 15, 100.000000
2, 18, 16, 100.000000
2, 18, 17, 100.000000
2, 18, 18, 100.000000
2, 18, 19, 100.000000
2, 18, 20, 100.000000
2, 18, 21, 100.000000
2, 18, 22, 100.000000
2, 18, 23, 100.000000
2, 18, 24, 100.000000
2, 18, 25, 100.000000
2, 18, 26, 100.000000
2, 18, 27, 100.000000
2, 18, 28, 100.000000
2, 18, 29, 100.000000
2, 18, 30, 100.000000
2, 18, 31, 100.000000
2, 18, 32, 100.000000
2, 18, 33, 100.000000
2, 18, 34, 100.000000
2, 19, 0, 0.409535
2, 19, 1, -0.148583
2, 19, 2, -0.423031
2, 19, 3, -0.417950
2, 19, 4, -0.427003
2, 19, 5, -0.389745
2, 19, 6, -0.354222
2, 19, 7, -0.358651
2, 19, 8, -0.360000
2, 19, 9, -0.295089
2, 19, 10, -0.177976
2, 19, 11, 0.069049
2, 19, 12, 0.477833
2, 19, 13, 1.037307
2, 19, 14, 1.749243
2, 19, 15, 100.000000
2, 19, 16, 100.000000
2, 19, 17, 100.000000
2, 19, 18, 100.000000
2, 19, 19, 100.000000
2, 19, 20, 100.000000
2, 19, 21, 100.000000
2, 19, 22, 100.000000
2, 19, 23, 100.000000
2, 19, 24, 100.000000
2, 19, 25, 100.000000
2, 19, 26, 100.000000
2, 19, 27, 100.000000
2, 19, 28, 100.000000
2, 19, 29, 100.000000
2, 19, 30, 100.000000
2, 19, 31, 100.000000
2, 19, 32, 100.000000
2, 19, 33, 100.000000
2, 19, 34, 100.000000
2, 20, 0, 0.435593
2, 20, 1, -0.115422
2, 20, 2, -0.422748
2, 20, 3, -0.427886
2, 20, 4, -0.433217
2, 20, 5, -0.392324
2, 20, 6, -0.363889
2, 20, 7, -0.367747
2, 20, 8, -0.391134
2, 20, 9, -0.372272
2, 20, 10, -0.232375
2, 20, 11, 0.073598
2, 20, 12, 0.516681
2, 20, 13, 1.119533
2, 20, 14, 1.866004
2, 20, 15, 100.000000
2, 20, 16, 100.000000
2, 20, 17, 100.000000
2, 20, 18, 100.000000
2, 20, 19, 100.000000
2, 20, 20, 100.000000
2, 20, 21, 100.000000
2, 20, 22, 100.000000
2, 20, 23, 100.000000
2, 20, 24, 100.000000
2, 20, 25, 100.000000
2, 20, 26, 100.000000
2, 20, 27, 100.000000
2, 20, 28, 100.000000
2, 20, 29, 100.000000
2, 20, 30, 100.000000
2, 20, 31, 100.000000
2, 20, 32, 100.000000
2, 20, 33, 100.000000
2, 20, 34, 100.000000
2, 21, 0, 0.445325
2, 21, 1, -0.098503
2, 21, 2, -0.400932
2, 21, 3, -0.420048
2, 21, 4, -0.398252
2, 21, 5, -0.380551
2, 21, 6, -0.361789
2, 21, 7, -0.365809
2, 21, 8, -0.379831
2, 21, 9, -0.374334
2, 21, 10, -0.221117
2, 21, 11, 0.112790
2, 21, 12, 0.595657
2, 21, 13, 1.238809
2, 21, 14, 2.058819
2, 21, 15, 100.000000
2, 21, 16, 100.000000
2, 21, 17, 100.000000
2, 21, 18, 100.000000
2, 21, 19, 100.000000
2, 21, 20, 100.000000
2, 21, 21, 100.000000
2, 21, 22, 100.000000
2, 21, 23, 100.000000
2, 21, 24, 100.000000
2, 21, 25, 100.000000
2, 21, 26, 100.000000
2, 21, 27, 100.000000
2, 21, 28, 100.000000
2, 21, 29, 100.000000
2, 21, 30, 100.000000
2, 21, 31, 100.000000
2, 21, 32, 100.000000
2, 21, 33, 100.000000
2, 21, 34, 100.000000
2, 22, 0, 0.427898
2, 22, 1, -0.126787
2, 22, 2, -0.405914
2, 22, 3, -0.406096
2, 22, 4, -0.396899
2, 22, 5, -0.387655
2, 22, 6, -0.375920
2, 22, 7, -0.358142
2, 22, 8, -0.364026
2, 22, 9, -0.379060
2, 22, 10, -0.222849
2, 22, 11, 0.100960
2, 22, 12, 0.585706
2, 22, 13, 1.169671
2, 22, 14, 1.933485
2, 22, 15, 100.000000
2, 22, 16, 100.000000
2, 22, 17, 100.000000
2, 22, 18, 100.000000
2, 22, 19, 100.000000
2, 22, 20, 100.000000
2, 22, 21, 100.000000
2, 22, 22, 100.000000
2, 22, 23, 100.000000
2, 22, 24, 100.000000
2, 22, 25, 100.000000
2, 22, 26, 100.000000
2, 22, 27, 100.000000
2, 22, 28, 100.000000
2, 22, 29, 100.000000
2, 22, 30, 100.000000
2, 22, 31, 100.000000
2, 22, 32, 100.000000
2, 22, 33, 100.000000
2, 22, 34, 100.000000
2, 23, 0, 0.406850
2, 23, 1, -0.150557
2, 23, 2, -0.403631
2, 23, 3, -0.407459
2, 23, 4, -0.401157
2, 23, 5, -0.395105
2, 23, 6, -0.386691
2, 23, 7, -0.352223
2, 23, 8, -0.364742
2, 23, 9, -0.366237
2, 23, 10, -0.221128
2, 23, 11, 0.100743
2, 23, 12, 0.583036
2, 23, 13, 1.207489
2, 23, 14, 1.788955
2, 23, 15, 100.000000
2, 23, 16, 100.000000
2, 23, 17, 100.000000
2, 23, 18, 100.000000
2, 23, 19, 100.000000
2, 23, 20, 100.000000
2, 23, 21, 100.000000
2, 23, 22, 100.000000
2, 23, 23, 100.000000
2, 23, 24, 100.000000
2, 23, 25, 100.000000
2, 23, 26, 100.000000
2, 23, 27, 100.000000
2, 23, 28, 100.000000
2, 23, 29, 100.000000
2, 23, 30, 100.000000
2, 23, 31, 100.000000
2, 23, 32, 100.000000
2, 23, 33, 100.000000
2, 23, 34, 100.000000
2, 24, 0, 0.376712
2, 24, 1, -0.157620
2, 24, 2, -0.396898
2, 24, 3, -0.405997
2, 24, 4, -0.385913
2, 24, 5, -0.374373
2, 24, 6, -0.361919
2, 24, 7, -0.348548
2, 24, 8, -0.339676
2, 24, 9, -0.345345
2, 24, 10, -0.235818
2, 24, 11, 0.079761
2, 24, 12, 0.562752
2, 24, 13, 1.222546
2, 24, 14, 1.860383
2, 24, 15, 100.000000
2, 24, 16, 100.000000
2, 24, 17, 100.000000
2, 24, 18, 100.000000
2, 24, 19, 100.000000
2, 24, 20, 100.000000
2, 24, 21, 100.000000
2, 24, 22, 100.000000
2, 24, 23, 100.000000
2, 24, 24, 100.000000
2, 24, 25, 100.000000
2, 24, 26, 100.000000
2, 24, 27, 100.000000
2, 24, 28, 100.000000
2, 24, 29, 100.000000
2, 24, 30, 100.000000
2, 24, 31, 100.000000
2, 24, 32, 100.000000
2, 24, 33, 100.000000
2, 24, 34, 100.000000
2, 25, 0, 0.356657
2, 25, 1, -0.160543
2, 25, 2, -0.358650
2, 25, 3, -0.385906
2, 25, 4, -0.383038
2, 25, 5, -0.367663
2, 25, 6, -0.357902
2, 25, 7, -0.343243
2, 25, 8, -0.328948
2, 25, 9, -0.321850
2, 25, 10, -0.245570
2, 25, 11, 0.049256
2, 25, 12, 0.539552
2, 25, 13, 1.153972
2, 25, 14, 1.886280
2, 25, 15, 100.000000
2, 25, 16, 100.000000
2, 25, 17, 100.000000
2, 25, 18, 100.000000
2, 25, 19, 100.000000
2, 25, 20, 100.000000
2, 25, 21, 100.000000
2, 25, 22, 100.000000
2, 25, 23, 100.000000
2, 25, 24, 100.000000
2, 25, 25, 100.000000
2, 25, 26, 100.000000
2, 25, 27, 100.000000
2, 25, 28, 100.000000
2, 25, 29, 100.000000
2, 25, 30, 100.000000
2, 25, 31, 100.000000
2, 25, 32, 100.000000
2, 25, 33, 100.000000
2, 25, 34, 100.000000
2, 26, 0, 0.366903
2, 26, 1, -0.144917
2, 26, 2, -0.325979
2, 26, 3, -0.377437
2, 26, 4, -0.416445
2, 26, 5, -0.396550
2, 26, 6, -0.361727
2, 26, 7, -0.356286
2, 26, 8, -0.367217
2, 26, 9, -0.325796
2, 26, 10, -0.243570
2, 26, 11, 0.030495
2, 26, 12, 0.508681
2, 26, 13, 1.069097
2, 26, 14, 1.756885
2, 26, 15, 100.000000
2, 26, 16, 100.000000
2, 26, 17, 100.000000
2, 26, 18, 100.000000
2, 26, 19, 100.000000
2, 26, 20, 100.000000
2, 26, 21, 100.000000
2, 26, 22, 100.000000
2, 26, 23, 100.000000
2, 26, 24, 100.000000
2, 26, 25, 100.000000
2, 26, 26, 100.000000
2, 26, 27, 100.000000
2, 26, 28, 100.000000
2, 26, 29, 100.000000
2, 26, 30, 100.000000
2, 26, 31, 100.000000
2, 26, 32, 100.000000
2, 26, 33, 100.000000
2, 26, 34, 100.000000
2, 27, 0, 0.423770
2, 27, 1, -0.098845
2, 27, 2, -0.322880
2, 27, 3, -0.393537
2, 27, 4, -0.420465
2, 27, 5, -0.381591
2, 27, 6, -0.352296
2, 27, 7, -0.349517
2, 27, 8, -0.366310
2, 27, 9, -0.346818
2, 27, 10, -0.230302
2, 27, 11, 0.067227
2, 27, 12, 0.532530
2, 27, 13, 1.049085
2, 27, 14, 1.772209
2, 27, 15, 100.000000
2, 27, 16, 100.000000
2, 27, 17, 100.000000
2, 27, 18, 100.000000
2, 27, 19, 100.000000
2, 27, 20, 100.000000
2, 27, 21, 100.000000
2, 27, 22, 100.000000
2, 27, 23, 100.000000
2, 27, 24, 100.000000
2, 27, 25, 100.000000
2, 27, 26, 100.000000
2, 27, 27, 100.000000
2, 27, 28, 100.000000
2, 27, 29, 100.000000
2, 27, 30, 100.000000
2, 27, 31, 100.000000
2, 27, 32, 100.000000
2, 27, 33, 100.000000
2, 27, 34, 100.000000
2, 28, 0, 0.461950
2, 28, 1, -0.037665
2, 28, 2, -0.280713
2, 28, 3, -0.365956
2, 28, 4, -0.383008
2, 28, 5, -0.348782
2, 28, 6, -0.308866
2, 28, 7, -0.293329
2, 28, 8, -0.328277
2, 28, 9, -0.349573
2, 28, 10, -0.213680
2, 28, 11, 0.096754
2, 28, 12, 0.533516
2, 28, 13, 1.067412
2, 28, 14, 1.640129
2, 28, 15, 100.000000
2, 28, 16, 100.000000
2, 28, 17, 100.000000
2, 28, 18, 100.000000
2, 28, 19, 100.000000
2, 28, 20, 100.000000
2, 28, 21, 100.000000
2, 28, 22, 100.000000
2, 28, 23, 100.000000
2, 28, 24, 100.000000
2, 28, 25, 100.000000
2, 28, 26, 100.000000
2, 28, 27, 100.000000
2, 28, 28, 100.000000
2, 28, 29, 100.000000
2, 28, 30, 100.000000
2, 28, 31, 100.000000
2, 28, 32, 100.000000
2, 28, 33, 100.000000
2, 28, 34, 100.000000
2, 29, 0, 0.489792
2, 29, 1, 0.107624
2, 29, 2, -0.043767
2, 29, 3, -0.107756
2, 29, 4, -0.124320
2, 29, 5, -0.116164
2, 29, 6, -0.097548
2, 29, 7, -0.087726
2, 29, 8, -0.111680
2, 29, 9, -0.145571
2, 29, 10, -0.080507
2, 29, 11, 0.187220
2, 29, 12, 0.606348
2, 29, 13, 1.123395
2, 29, 14, 1.595159
2, 29, 15, 100.000000
2, 29, 16, 100.000000
2, 29, 17, 100.000000
2, 29, 18, 100.000000
2, 29, 19, 100.000000
2, 29, 20, 100.000000
2, 29, 21, 100.000000
2, 29, 22, 100.000000
2, 29, 23, 100.000000
2, 29, 24, 100.000000
2, 29, 25, 100.000000
2, 29, 26, 100.000000
2, 29, 27, 100.000000
2, 29, 28, 100.000000
2, 29, 29, 100.000000
2, 29, 30, 100.000000
2, 29, 31, 100.000000
2, 29, 32, 100.000000
2, 29, 33, 100.000000
2, 29, 34, 100.000000
3, 0, 0, 0.711894
3, 0, 1, 0.479336
3, 0, 2, 0.414702
3, 0, 3, 0.399880
3, 0, 4, 0.408222
3, 0, 5, 0.434553
3, 0, 6, 0.452431
3, 0, 7, 0.460212
3, 0, 8, 0.490632
3, 0, 9, 0.539279
3, 0, 10, 0.656134
3, 0, 11, 1.010741
3, 0, 12, 1.535016
3, 0, 13, 2.437645
3, 0, 14, 100.000000
3, 0, 15, 100.000000
3, 0, 16, 100.000000
3, 0, 17, 100.000000
3, 0, 18, 100.000000
3, 0, 19, 100.000000
3, 0, 20, 100.000000
3, 0, 21, 100.000000
3, 0, 22, 100.000000
3, 0, 23, 100.000000
3, 0, 24, 100.000000
3, 0, 25, 100.000000
3, 0, 26, 100.000000
3, 0, 27, 100.000000
3, 0, 28, 100.000000
3, 0, 29, 100.000000
3, 0, 30, 100.000000
3, 0, 31, 100.000000
3, 0, 32, 100.000000
3, 0, 33, 100.000000
3, 0, 34, 100.000000
3, 1, 0, 0.483089
3, 1, 1, 0.045781
3, 1, 2, -0.111606
3, 1, 3, -0.114383
3, 1, 4, -0.092497
3, 1, 5, -0.057248
3, 1, 6, -0.037887
3, 1, 7, -0.029334
3, 1, 8, -0.024141
3, 1, 9, 0.020923
3, 1, 10, 0.213685
3, 1, 11, 0.655683
3, 1, 12, 1.265967
3, 1, 13, 1.986134
3, 1, 14, 100.000000
3, 1, 15, 100.000000
3, 1, 16, 100.000000
3, 1, 17, 100.000000
3, 1, 18, 100.000000
3, 1, 19, 100.000000
3, 1, 20, 100.000000
3, 1, 21, 100.000000
3, 1, 22, 100.000000
3, 1, 23, 100.000000
3, 1, 24, 100.000000
3, 1, 25, 100.000000
3, 1, 26, 100.000000
3, 1, 27, 100.000000
3, 1, 28, 100.000000
3, 1, 29, 100.000000
3, 1, 30, 100.000000
3, 1, 31, 100.000000
3, 1, 32, 100.000000
3, 1, 33, 100.000000
3, 1, 34, 100.000000
3, 2, 0, 0.404603
3, 2, 1, -0.135626
3, 2, 2, -0.371363
3, 2, 3, -0.373071
3, 2, 4, -0.356020
3, 2, 5, -0.338302
3, 2, 6, -0.342471
3, 2, 7, -0.345501
3, 2, 8, -0.303464
3, 2, 9, -0.214957
3, 2, 10, 0.019801
3, 2, 11, 0.477510
3, 2, 12, 1.052946
3, 2, 13, 1.663174
3, 2, 14, 100.000000
3, 2, 15, 100.000000
3, 2, 16, 100.000000
3, 2, 17, 100.000000
3, 2, 18, 100.000000
3, 2, 19, 100.000000
3, 2, 20, 100.000000
3, 2, 21, 100.000000
3, 2, 22, 100.000000
3, 2, 23, 100.000000
3, 2, 24, 100.000000
3, 2, 25, 100.000000
3, 2, 26, 100.000000
3, 2, 27, 100.000000
3, 2, 28, 100.000000
3, 2, 29, 100.000000
3, 2, 30, 100.000000
3, 2, 31, 100.000000
3, 2, 32, 100.000000
3, 2, 33, 100.000000
3, 2, 34, 100.000000
3, 3, 0, 0.351747
3, 3, 1, -0.191072
3, 3, 2, -0.437337
3, 3, 3, -0.446837
3, 3, 4, -0.426073
3, 3, 5, -0.425022
3, 3, 6, -0.427960
3, 3, 7, -0.441176
3, 3, 8, -0.392727
3, 3, 9, -0.290558
3, 3, 10, -0.080235
3, 3, 11, 0.349758
3, 3, 12, 0.897870
3, 3, 13, 1.444789
3, 3, 14, 2.186868
3, 3, 15, 100.000000
3, 3, 16, 100.000000
3, 3, 17, 100.000000
3, 3, 18, 100.000000
3, 3, 19, 100.000000
3, 3, 20, 100.000000
3, 3, 21, 100.000000
3, 3, 22, 100.000000
3, 3, 23, 100.000000
3, 3, 24, 100.000000
3, 3, 25, 100.000000
3, 3, 26, 100.000000
3, 3, 27, 100.000000
3, 3, 28, 100.000000
3, 3, 29, 100.000000
3, 3, 30, 100.000000
3, 3, 31, 100.000000
3, 3, 32, 100.000000
3, 3, 33, 100.000000
3, 3, 34, 100.000000
3, 4, 0, 0.340060
3, 4, 1, -0.192990
3, 4, 2, -0.474644
3, 4, 3, -0.480039
3, 4, 4, -0.460747
3, 4, 5, -0.445789
3, 4, 6, -0.437429
3, 4, 7, -0.446729
3, 4, 8, -0.413619
3, 4, 9, -0.308066
3, 4, 10, -0.075873
3, 4, 11, 0.329448
3, 4, 12, 0.855593
3, 4, 13, 1.407464
3, 4, 14, 2.125021
3, 4, 15, 100.000000
3, 4, 16, 100.000000
3, 4, 17, 100.000000
3, 4, 18, 100.000000
3, 4, 19, 100.000000
3, 4, 20, 100.000000
3, 4, 21, 100.000000
3, 4, 22, 100.000000
3, 4, 23, 100.000000
3, 4, 24, 100.000000
3, 4, 25, 100.000000
3, 4, 26, 100.000000
3, 4, 27, 100.000000
3, 4, 28, 100.000000
3, 4, 29, 100.000000
3, 4, 30, 100.000000
3, 4, 31, 100.000000
3, 4, 32, 100.000000
3, 4, 33, 100.000000
3, 4, 34, 100.000000
3, 5, 0, 0.359475
3, 5, 1, -0.172467
3, 5, 2, -0.465929
3, 5, 3, -0.467068
3, 5, 4, -0.484028
3, 5, 5, -0.457629
3, 5, 6, -0.451316
3, 5, 7, -0.446959
3, 5, 8, -0.398975
3, 5, 9, -0.267390
3, 5, 10, -0.012979
3, 5, 11, 0.378299
3, 5, 12, 0.917973
3, 5, 13, 1.597459
3, 5, 14, 2.420311
3, 5, 15, 100.000000
3, 5, 16, 100.000000
3, 5, 17, 100.000000
3, 5, 18, 100.000000
3, 5, 19, 100.000000
3, 5, 20, 100.000000
3, 5, 21, 100.000000
3, 5, 22, 100.000000
3, 5, 23, 100.000000
3, 5, 24, 100.000000
3, 5, 25, 100.000000
3, 5, 26, 100.000000
3, 5, 27, 100.000000
3, 5, 28, 100.000000
3, 5, 29, 100.000000
3, 5, 30, 100.000000
3, 5, 31, 100.000000
3, 5, 32, 100.000000
3, 5, 33, 100.000000
3, 5, 34, 100.000000
3, 6, 0, 0.371545
3, 6, 1, -0.165435
3, 6, 2, -0.447381
3, 6, 3, -0.453099
3, 6, 4, -0.477547
3, 6, 5, -0.464864
3, 6, 6, -0.476048
3, 6, 7, -0.458710
3, 6, 8, -0.380312
3, 6, 9, -0.243780
3, 6, 10, -0.001129
3, 6, 11, 0.391026
3, 6, 12, 0.927100
3, 6, 13, 1.598114
3, 6, 14, 100.000000
3, 6, 15, 100.000000
3, 6, 16, 100.000000
3, 6, 17, 100.000000
3, 6, 18, 100.000000
3, 6, 19, 100.000000
3, 6, 20, 100.000000
3, 6, 21, 100.000000
3, 6, 22, 100.000000
3, 6, 23, 100.000000
3, 6, 24, 100.000000
3, 6, 25, 100.000000
3, 6, 26, 100.000000
3, 6, 27, 100.000000
3, 6, 28, 100.000000
3, 6, 29, 100.000000
3, 6, 30, 100.000000
3, 6, 31, 100.000000
3, 6, 32, 100.000000
3, 6, 33, 100.000000
3, 6, 34, 100.000000
3, 7, 0, 0.392083
3, 7, 1, -0.158988
3, 7, 2, -0.443189
3, 7, 3, -0.444355
3, 7, 4, -0.453825
3, 7, 5, -0.458963
3, 7, 6, -0.481155
3, 7, 7, -0.481157
3, 7, 8, -0.394781
3, 7, 9, -0.255195
3, 7, 10, -0.043668
3, 7, 11, 0.303986
3, 7, 12, 0.862852
3, 7, 13, 1.479200
3, 7, 14, 2.370023
3, 7, 15, 100.000000
3, 7, 16, 100.000000
3, 7, 17, 100.000000
3, 7, 18, 100.000000
3, 7, 19, 100.000000
3, 7, 20, 100.000000
3, 7, 21, 100.000000
3, 7, 22, 100.000000
3, 7, 23, 100.000000
3, 7, 24, 100.000000
3, 7, 25, 100.000000
3, 7, 26, 100.000000
3, 7, 27, 100.000000
3, 7, 28, 100.000000
3, 7, 29, 100.000000
3, 7, 30, 100.000000
3, 7, 31, 100.000000
3, 7, 32, 100.000000
3, 7, 33, 100.000000
3, 7, 34, 100.000000
3, 8, 0, 0.409544
3, 8, 1, -0.142811
3, 8, 2, -0.430741
3, 8, 3, -0.452176
3, 8, 4, -0.448314
3, 8, 5, -0.463522
3, 8, 6, -0.476336
3, 8, 7, -0.449255
3, 8, 8, -0.410212
3, 8, 9, -0.282024
3, 8, 10, -0.113514
3, 8, 11, 0.206337
3, 8, 12, 0.777238
3, 8, 13, 1.441001
3, 8, 14, 2.288063
3, 8, 15, 100.000000
3, 8, 16, 100.000000
3, 8, 17, 100.000000
3, 8, 18, 100.000000
3, 8, 19, 100.000000
3, 8, 20, 100.000000
3, 8, 21, 100.000000
3, 8, 22, 100.000000
3, 8, 23, 100.000000
3, 8, 24, 100.000000
3, 8, 25, 100.000000
3, 8, 26, 100.000000
3, 8, 27, 100.000000
3, 8, 28, 100.000000
3, 8, 29, 100.000000
3, 8, 30, 100.000000
3, 8, 31, 100.000000
3, 8, 32, 100.000000
3, 8, 33, 100.000000
3, 8, 34, 100.000000
3, 9, 0, 0.395059
3, 9, 1, -0.139095
3, 9, 2, -0.427051
3, 9, 3, -0.462267
3, 9, 4, -0.465023
3, 9, 5, -0.463226
3, 9, 6, -0.470458
3, 9, 7, -0.458937
3, 9, 8, -0.432110
3, 9, 9, -0.312808
3, 9, 10, -0.159736
3, 9, 11, 0.179033
3, 9, 12, 0.735247
3, 9, 13, 1.422619
3, 9, 14, 2.320081
3, 9, 15, 100.000000
3, 9, 16, 100.000000
3, 9, 17, 100.000000
3, 9, 18, 100.000000
3, 9, 19, 100.000000
3, 9, 20, 100.000000
3, 9, 21, 100.000000
3, 9, 22, 100.000000
3, 9, 23, 100.000000
3, 9, 24, 100.000000
3, 9, 25, 100.000000
3, 9, 26, 100.000000
3, 9, 27, 100.000000
3, 9, 28, 100.000000
3, 9, 29, 100.000000
3, 9, 30, 100.000000
3, 9, 31, 100.000000
3, 9, 32, 100.000000
3, 9, 33, 100.000000
3, 9, 34, 100.000000
3, 10, 0, 0.385845
3, 10, 1, -0.136479
3, 10, 2, -0.401695
3, 10, 3, -0.467146
3, 10, 4, -0.492462
3, 10, 5, -0.473218
3, 10, 6, -0.456181
3, 10, 7, -0.464934
3, 10, 8, -0.447800
3, 10, 9, -0.344385
3, 10, 10, -0.185741
3, 10, 11, 0.177516
3, 10, 12, 0.732921
3, 10, 13, 1.377331
3, 10, 14, 2.143390
3, 10, 15, 100.000000
3, 10, 16, 100.000000
3, 10, 17, 100.000000
3, 10, 18, 100.000000
3, 10, 19, 100.000000
3, 10, 20, 100.000000
3, 10, 21, 100.000000
3, 10, 22, 100.000000
3, 10, 23, 100.000000
3, 10, 24, 100.000000
3, 10, 25, 100.000000
3, 10, 26, 100.000000
3, 10, 27, 100.000000
3, 10, 28, 100.000000
3, 10, 29, 100.000000
3, 10, 30, 100.000000
3, 10, 31, 100.000000
3, 10, 32, 100.000000
3, 10, 33, 100.000000
3, 10, 34, 100.000000
3, 11, 0, 0.386251
3, 11, 1, -0.135718
3, 11, 2, -0.397475
3, 11, 3, -0.457288
3, 11, 4, -0.461533
3, 11, 5, -0.442462
3, 11, 6, -0.423294
3, 11, 7, -0.450576
3, 11, 8, -0.452167
3, 11, 9, -0.352697
3, 11, 10, -0.166804
3, 11, 11, 0.195201
3, 11, 12, 0.730898
3, 11, 13, 1.324542
3, 11, 14, 2.093571
3, 11, 15, 100.000000
3, 11, 16, 100.000000
3, 11, 17, 100.000000
3, 11, 18, 100.000000
3, 11, 19, 100.000000
3, 11, 20, 100.000000
3, 11, 21, 100.000000
3, 11, 22, 100.000000
3, 11, 23, 100.000000
3, 11, 24, 100.000000
3, 11, 25, 100.000000
3, 11, 26, 100.000000
3, 11, 27, 100.000000
3, 11, 28, 100.000000
3, 11, 29, 100.000000
3, 11, 30, 100.000000
3, 11, 31, 100.000000
3, 11, 32, 100.000000
3, 11, 33, 100.000000
3, 11, 34, 100.000000
3, 12, 0, 0.383277
3, 12, 1, -0.135013
3, 12, 2, -0.417025
3, 12, 3, -0.451498
3, 12, 4, -0.461720
3, 12, 5, -0.464201
3, 12, 6, -0.414364
3, 12, 7, -0.435208
3, 12, 8, -0.434788
3, 12, 9, -0.326605
3, 12, 10, -0.144942
3, 12, 11, 0.206998
3, 12, 12, 0.720057
3, 12, 13, 1.317498
3, 12, 14, 2.089809
3, 12, 15, 100.000000
3, 12, 16, 100.000000
3, 12, 17, 100.000000
3, 12, 18, 100.000000
3, 12, 19, 100.000000
3, 12, 20, 100.000000
3, 12, 21, 100.000000
3, 12, 22, 100.000000
3, 12, 23, 100.000000
3, 12, 24, 100.000000
3, 12, 25, 100.000000
3, 12, 26, 100.000000
3, 12, 27, 100.000000
3, 12, 28, 100.000000
3, 12, 29, 100.000000
3, 12, 30, 100.000000
3, 12, 31, 100.000000
3, 12, 32, 100.000000
3, 12, 33, 100.000000
3, 12, 34, 100.000000
3, 13, 0, 0.396544
3, 13, 1, -0.118426
3, 13, 2, -0.382549
3, 13, 3, -0.389644
3, 13, 4, -0.406646
3, 13, 5, -0.457726
3, 13, 6, -0.445839
3, 13, 7, -0.443517
3, 13, 8, -0.423332
3, 13, 9, -0.318223
3, 13, 10, -0.154599
3, 13, 11, 0.174467
3, 13, 12, 0.674686
3, 13, 13, 1.316517
3, 13, 14, 2.189930
3, 13, 15, 100.000000
3, 13, 16, 100.000000
3, 13, 17, 100.000000
3, 13, 18, 100.000000
3, 13, 19, 100.000000
3, 13, 20, 100.000000
3, 13, 21, 100.000000
3, 13, 22, 100.000000
3, 13, 23, 100.000000
3, 13, 24, 100.000000
3, 13, 25, 100.000000
3, 13, 26, 100.000000
3, 13, 27, 100.000000
3, 13, 28, 100.000000
3, 13, 29, 100.000000
3, 13, 30, 100.000000
3, 13, 31, 100.000000
3, 13, 32, 100.000000
3, 13, 33, 100.000000
3, 13, 34, 100.000000
3, 14, 0, 0.431636
3, 14, 1, -0.088761
3, 14, 2, -0.377992
3, 14, 3, -0.389155
3, 14, 4, -0.413278
3, 14, 5, -0.464142
3, 14, 6, -0.481307
3, 14, 7, -0.477161
3, 14, 8, -0.433950
3, 14, 9, -0.352750
3, 14, 10, -0.181640
3, 14, 11, 0.152714
3, 14, 12, 0.649760
3, 14, 13, 1.257205
3, 14, 14, 1.854828
3, 14, 15, 100.000000
3, 14, 16, 100.000000
3, 14, 17, 100.000000
3, 14, 18, 100.000000
3, 14, 19, 100.000000
3, 14, 20, 100.000000
3, 14, 21, 100.000000
3, 14, 22, 100.000000
3, 14, 23, 100.000000
3, 14, 24, 100.000000
3, 14, 25, 100.000000
3, 14, 26, 100.000000
3, 14, 27, 100.000000
3, 14, 28, 100.000000
3, 14, 29, 100.000000
3, 14, 30, 100.000000
3, 14, 31, 100.000000
3, 14, 32, 100.000000
3, 14, 33, 100.000000
3, 14, 34, 100.000000
3, 15, 0, 0.476497
3, 15, 1, -0.075662
3, 15, 2, -0.413504
3, 15, 3, -0.432607
3, 15, 4, -0.463859
3, 15, 5, -0.454384
3, 15, 6, -0.447062
3, 15, 7, -0.438804
3, 15, 8, -0.432063
3, 15, 9, -0.401813
3, 15, 10, -0.229488
3, 15, 11, 0.124643
3, 15, 12, 0.602487
3, 15, 13, 1.119167
3, 15, 14, 1.579397
3, 15, 15, 2.494153
3, 15, 16, 100.000000
3, 15, 17, 100.000000
3, 15, 18, 100.000000
3, 15, 19, 100.000000
3, 15, 20, 100.000000
3, 15, 21, 100.000000
3, 15, 22, 100.000000
3, 15, 23, 100.000000
3, 15, 24, 100.000000
3, 15, 25, 100.000000
3, 15, 26, 100.000000
3, 15, 27, 100.000000
3, 15, 28, 100.000000
3, 15, 29, 100.000000
3, 15, 30, 100.000000
3, 15, 31, 100.000000
3, 15, 32, 100.000000
3, 15, 33, 100.000000
3, 15, 34, 100.000000
3, 16, 0, 0.481368
3, 16, 1, -0.099145
3, 16, 2, -0.445195
3, 16, 3, -0.446113
3, 16, 4, -0.479495
3, 16, 5, -0.437838
3, 16, 6, -0.438866
3, 16, 7, -0.474408
3, 16, 8, -0.473220
3, 16, 9, -0.425240
3, 16, 10, -0.252264
3, 16, 11, 0.080310
3, 16, 12, 0.573406
3, 16, 13, 1.056454
3, 16, 14, 1.678779
3, 16, 15, 100.000000
3, 16, 16, 100.000000
3, 16, 17, 100.000000
3, 16, 18, 100.000000
3, 16, 19, 100.000000
3, 16, 20, 100.000000
3, 16, 21, 100.000000
3, 16, 22, 100.000000
3, 16, 23, 100.000000
3, 16, 24, 100.000000
3, 16, 25, 100.000000
3, 16, 26, 100.000000
3, 16, 27, 100.000000
3, 16, 28, 100.000000
3, 16, 29, 100.000000
3, 16, 30, 100.000000
3, 16, 31, 100.000000
3, 16, 32, 100.000000
3, 16, 33, 100.000000
3, 16, 34, 100.000000
3, 17, 0, 0.461001
3, 17, 1, -0.125602
3, 17, 2, -0.464363
3, 17, 3, -0.447970
3, 17, 4, -0.470167
3, 17, 5, -0.460632
3, 17, 6, -0.426282
3, 17, 7, -0.449356
3, 17, 8, -0.434587
3, 17, 9, -0.384528
3, 17, 10, -0.243753
3, 17, 11, 0.074081
3, 17, 12, 0.557751
3, 17, 13, 1.085673
3, 17, 14, 1.795708
3, 17, 15, 100.000000
3, 17, 16, 100.000000
3, 17, 17, 100.000000
3, 17, 18, 100.000000
3, 17, 19, 100.000000
3, 17, 20, 100.000000
3, 17, 21, 100.000000
3, 17, 22, 100.000000
3, 17, 23, 100.000000
3, 17, 24, 100.000000
3, 17, 25, 100.000000
3, 17, 26, 100.000000
3, 17, 27, 100.000000
3, 17, 28, 100.000000
3, 17, 29, 100.000000
3, 17, 30, 100.000000
3, 17, 31, 100.000000
3, 17, 32, 100.000000
3, 17, 33, 100.000000
3, 17, 34, 100.000000
3, 18, 0, 0.433834
3, 18, 1, -0.134517
3, 18, 2, -0.473127
3, 18, 3, -0.444496
3, 18, 4, -0.461609
3, 18, 5, -0.478354
3, 18, 6, -0.449599
3, 18, 7, -0.424201
3, 18, 8, -0.402744
3, 18, 9, -0.363230
3, 18, 10, -0.238249
3, 18, 11, 0.035641
3, 18, 12, 0.492957
3, 18, 13, 1.021909
3, 18, 14, 1.595819
3, 18, 15, 2.449656
3, 18, 16, 100.000000
3, 18, 17, 100.000000
3, 18, 18, 100.000000
3, 18, 19, 100.000000
3, 18, 20, 100.000000
3, 18, 21, 100.000000
3, 18, 22, 100.000000
3, 18, 23, 100.000000
3, 18, 24, 100.000000
3, 18, 25, 100.000000
3, 18, 26, 100.000000
3, 18, 27, 100.000000
3, 18, 28, 100.000000
3, 18, 29, 100.000000
3, 18, 30, 100.000000
3, 18, 31, 100.000000
3, 18, 32, 100.000000
3, 18, 33, 100.000000
3, 18, 34, 100.000000
3, 19, 0, 0.416467
3, 19, 1, -0.138021
3, 19, 2, -0.479778
3, 19, 3, -0.447878
3, 19, 4, -0.472899
3, 19, 5, -0.472609
3, 19, 6, -0.459435
3, 19, 7, -0.442392
3, 19, 8, -0.414292
3, 19, 9, -0.370179
3, 19, 10, -0.262297
3, 19, 11, 0.008917
3, 19, 12, 0.451427
3, 19, 13, 0.970755
3, 19, 14, 1.407942
3, 19, 15, 2.218774
3, 19, 16, 100.000000
3, 19, 17, 100.000000
3, 19, 18, 100.000000
3, 19, 19, 100.000000
3, 19, 20, 100.000000
3, 19, 21, 100.000000
3, 19, 22, 100.000000
3, 19, 23, 100.000000
3, 19, 24, 100.000000
3, 19, 25, 100.000000
3, 19, 26, 100.000000
3, 19, 27, 100.000000
3, 19, 28, 100.000000
3, 19, 29, 100.000000
3, 19, 30, 100.000000
3, 19, 31, 100.000000
3, 19, 32, 100.000000
3, 19, 33, 100.000000
3, 19, 34, 100.000000
3, 20, 0, 0.414693
3, 20, 1, -0.134350
3, 20, 2, -0.470894
3, 20, 3, -0.451852
3, 20, 4, -0.473747
3, 20, 5, -0.477010
3, 20, 6, -0.455895
3, 20, 7, -0.444660
3, 20, 8, -0.433024
3, 20, 9, -0.384630
3, 20, 10, -0.250352
3, 20, 11, 0.045934
3, 20, 12, 0.506345
3, 20, 13, 1.077680
3, 20, 14, 1.560184
3, 20, 15, 2.343091
3, 20, 16, 100.000000
3, 20, 17, 100.000000
3, 20, 18, 100.000000
3, 20, 19, 100.000000
3, 20, 20, 100.000000
3, 20, 21, 100.000000
3, 20, 22, 100.000000
3, 20, 23, 100.000000
3, 20, 24, 100.000000
3, 20, 25, 100.000000
3, 20, 26, 100.000000
3, 20, 27, 100.000000
3, 20, 28, 100.000000
3, 20, 29, 100.000000
3, 20, 30, 100.000000
3, 20, 31, 100.000000
3, 20, 32, 100.000000
3, 20, 33, 100.000000
3, 20, 34, 100.000000
3, 21, 0, 0.417736
3, 21, 1, -0.131069
3, 21, 2, -0.437704
3, 21, 3, -0.481341
3, 21, 4, -0.473524
3, 21, 5, -0.484017
3, 21, 6, -0.456181
3, 21, 7, -0.437994
3, 21, 8, -0.416063
3, 21, 9, -0.370817
3, 21, 10, -0.213199
3, 21, 11, 0.085649
3, 21, 12, 0.556789
3, 21, 13, 1.180940
3, 21, 14, 1.827015
3, 21, 15, 100.000000
3, 21, 16, 100.000000
3, 21, 17, 100.000000
3, 21, 18, 100.000000
3, 21, 19, 100.000000
3, 21, 20, 100.000000
3, 21, 21, 100.000000
3, 21, 22, 100.000000
3, 21, 23, 100.000000
3, 21, 24, 100.000000
3, 21, 25, 100.000000
3, 21, 26, 100.000000
3, 21, 27, 100.000000
3, 21, 28, 100.000000
3, 21, 29, 100.000000
3, 21, 30, 100.000000
3, 21, 31, 100.000000
3, 21, 32, 100.000000
3, 21, 33, 100.000000
3, 21, 34, 100.000000
3, 22, 0, 0.414529
3, 22, 1, -0.145838
3, 22, 2, -0.442981
3, 22, 3, -0.477181
3, 22, 4, -0.477044
3, 22, 5, -0.483777
3, 22, 6, -0.452406
3, 22, 7, -0.432842
3, 22, 8, -0.406265
3, 22, 9, -0.375298
3, 22, 10, -0.211541
3, 22, 11, 0.092872
3, 22, 12, 0.577784
3, 22, 13, 1.196485
3, 22, 14, 1.972805
3, 22, 15, 100.000000
3, 22, 16, 100.000000
3, 22, 17, 100.000000
3, 22, 18, 100.000000
3, 22, 19, 100.000000
3, 22, 20, 100.000000
3, 22, 21, 100.000000
3, 22, 22, 100.000000
3, 22, 23, 100.000000
3, 22, 24, 100.000000
3, 22, 25, 100.000000
3, 22, 26, 100.000000
3, 22, 27, 100.000000
3, 22, 28, 100.000000
3, 22, 29, 100.000000
3, 22, 30, 100.000000
3, 22, 31, 100.000000
3, 22, 32, 100.000000
3, 22, 33, 100.000000
3, 22, 34, 100.000000
3, 23, 0, 0.408343
3, 23, 1, -0.159968
3, 23, 2, -0.452664
3, 23, 3, -0.465611
3, 23, 4, -0.474619
3, 23, 5, -0.463486
3, 23, 6, -0.451190
3, 23, 7, -0.425771
3, 23, 8, -0.415428
3, 23, 9, -0.380894
3, 23, 10, -0.225864
3, 23, 11, 0.086348
3, 23, 12, 0.579364
3, 23, 13, 1.183483
3, 23, 14, 1.862265
3, 23, 15, 100.000000
3, 23, 16, 100.000000
3, 23, 17, 100.000000
3, 23, 18, 100.000000
3, 23, 19, 100.000000
3, 23, 20, 100.000000
3, 23, 21, 100.000000
3, 23, 22, 100.000000
3, 23, 23, 100.000000
3, 23, 24, 100.000000
3, 23, 25, 100.000000
3, 23, 26, 100.000000
3, 23, 27, 100.000000
3, 23, 28, 100.000000
3, 23, 29, 100.000000
3, 23, 30, 100.000000
3, 23, 31, 100.000000
3, 23, 32, 100.000000
3, 23, 33, 100.000000
3, 23, 34, 100.000000
3, 24, 0, 0.391019
3, 24, 1, -0.167037
3, 24, 2, -0.462483
3, 24, 3, -0.474900
3, 24, 4, -0.472638
3, 24, 5, -0.462612
3, 24, 6, -0.459673
3, 24, 7, -0.424817
3, 24, 8, -0.398824
3, 24, 9, -0.390385
3, 24, 10, -0.216413
3, 24, 11, 0.105398
3, 24, 12, 0.595479
3, 24, 13, 1.227514
3, 24, 14, 1.963961
3, 24, 15, 100.000000
3, 24, 16, 100.000000
3, 24, 17, 100.000000
3, 24, 18, 100.000000
3, 24, 19, 100.000000
3, 24, 20, 100.000000
3, 24, 21, 100.000000
3, 24, 22, 100.000000
3, 24, 23, 100.000000
3, 24, 24, 100.000000
3, 24, 25, 100.000000
3, 24, 26, 100.000000
3, 24, 27, 100.000000
3, 24, 28, 100.000000
3, 24, 29, 100.000000
3, 24, 30, 100.000000
3, 24, 31, 100.000000
3, 24, 32, 100.000000
3, 24, 33, 100.000000
3, 24, 34, 100.000000
3, 25, 0, 0.382039
3, 25, 1, -0.175621
3, 25, 2, -0.442432
3, 25, 3, -0.460988
3, 25, 4, -0.445712
3, 25, 5, -0.454416
3, 25, 6, -0.440367
3, 25, 7, -0.410660
3, 25, 8, -0.368128
3, 25, 9, -0.372739
3, 25, 10, -0.237781
3, 25, 11, 0.091621
3, 25, 12, 0.570974
3, 25, 13, 1.172611
3, 25, 14, 1.995488
3, 25, 15, 100.000000
3, 25, 16, 100.000000
3, 25, 17, 100.000000
3, 25, 18, 100.000000
3, 25, 19, 100.000000
3, 25, 20, 100.000000
3, 25, 21, 100.000000
3, 25, 22, 100.000000
3, 25, 23, 100.000000
3, 25, 24, 100.000000
3, 25, 25, 100.000000
3, 25, 26, 100.000000
3, 25, 27, 100.000000
3, 25, 28, 100.000000
3, 25, 29, 100.000000
3, 25, 30, 100.000000
3, 25, 31, 100.000000
3, 25, 32, 100.000000
3, 25, 33, 100.000000
3, 25, 34, 100.000000
3, 26, 0, 0.362617
3, 26, 1, -0.187022
3, 26, 2, -0.426587
3, 26, 3, -0.424815
3, 26, 4, -0.450501
3, 26, 5, -0.440559
3, 26, 6, -0.420060
3, 26, 7, -0.399615
3, 26, 8, -0.384773
3, 26, 9, -0.357778
3, 26, 10, -0.269166
3, 26, 11, 0.041389
3, 26, 12, 0.503897
3, 26, 13, 1.061056
3, 26, 14, 1.698895
3, 26, 15, 100.000000
3, 26, 16, 100.000000
3, 26, 17, 100.000000
3, 26, 18, 100.000000
3, 26, 19, 100.000000
3, 26, 20, 100.000000
3, 26, 21, 100.000000
3, 26, 22, 100.000000
3, 26, 23, 100.000000
3, 26, 24, 100.000000
3, 26, 25, 100.000000
3, 26, 26, 100.000000
3, 26, 27, 100.000000
3, 26, 28, 100.000000
3, 26, 29, 100.000000
3, 26, 30, 100.000000
3, 26, 31, 100.000000
3, 26, 32, 100.000000
3, 26, 33, 100.000000
3, 26, 34, 100.000000
3, 27, 0, 0.384185
3, 27, 1, -0.165115
3, 27, 2, -0.421224
3, 27, 3, -0.414614
3, 27, 4, -0.445261
3, 27, 5, -0.449516
3, 27, 6, -0.434923
3, 27, 7, -0.406186
3, 27, 8, -0.406376
3, 27, 9, -0.362583
3, 27, 10, -0.246110
3, 27, 11, 0.034812
3, 27, 12, 0.460617
3, 27, 13, 1.021850
3, 27, 14, 1.614801
3, 27, 15, 100.000000
3, 27, 16, 100.000000
3, 27, 17, 100.000000
3, 27, 18, 100.000000
3, 27, 19, 100.000000
3, 27, 20, 100.000000
3, 27, 21, 100.000000
3, 27, 22, 100.000000
3, 27, 23, 100.000000
3, 27, 24, 100.000000
3, 27, 25, 100.000000
3, 27, 26, 100.000000
3, 27, 27, 100.000000
3, 27, 28, 100.000000
3, 27, 29, 100.000000
3, 27, 30, 100.000000
3, 27, 31, 100.000000
3, 27, 32, 100.000000
3, 27, 33, 100.000000
3, 27, 34, 100.000000
3, 28, 0, 0.418075
3, 28, 1, -0.111557
3, 28, 2, -0.357560
3, 28, 3, -0.388201
3, 28, 4, -0.420879
3, 28, 5, -0.446477
3, 28, 6, -0.414259
3, 28, 7, -0.365762
3, 28, 8, -0.340755
3, 28, 9, -0.324635
3, 28, 10, -0.228905
3, 28, 11, 0.046940
3, 28, 12, 0.444098
3, 28, 13, 1.017154
3, 28, 14, 1.618930
3, 28, 15, 100.000000
3, 28, 16, 100.000000
3, 28, 17, 100.000000
3, 28, 18, 100.000000
3, 28, 19, 100.000000
3, 28, 20, 100.000000
3, 28, 21, 100.000000
3, 28, 22, 100.000000
3, 28, 23, 100.000000
3, 28, 24, 100.000000
3, 28, 25, 100.000000
3, 28, 26, 100.000000
3, 28, 27, 100.000000
3, 28, 28, 100.000000
3, 28, 29, 100.000000
3, 28, 30, 100.000000
3, 28, 31, 100.000000
3, 28, 32, 100.000000
3, 28, 33, 100.000000
3, 28, 34, 100.000000
3, 29, 0, 0.495203
3, 29, 1, 0.078995
3, 29, 2, -0.052209
3, 29, 3, -0.100613
3, 29, 4, -0.137003
3, 29, 5, -0.168030
3, 29, 6, -0.164883
3, 29, 7, -0.118002
3, 29, 8, -0.094917
3, 29, 9, -0.118139
3, 29, 10, -0.070359
3, 29, 11, 0.159817
3, 29, 12, 0.559848
3, 29, 13, 1.106946
3, 29, 14, 1.651435
3, 29, 15, 100.000000
3, 29, 16, 100.000000
3, 29, 17, 100.000000
3, 29, 18, 100.000000
3, 29, 19, 100.000000
3, 29, 20, 100.000000
3, 29, 21, 100.000000
3, 29, 22, 100.000000
3, 29, 23, 100.000000
3, 29, 24, 100.000000
3, 29, 25, 100.000000
3, 29, 26, 100.000000
3, 29, 27, 100.000000
3, 29, 28, 100.000000
3, 29, 29, 100.000000
3, 29, 30, 100.000000
3, 29, 31, 100.000000
3, 29, 32, 100.000000
3, 29, 33, 100.000000
3, 29, 34, 100.000000
4, 0, 0, 0.776587
4, 0, 1, 0.542578
4, 0, 2, 0.450114
4, 0, 3, 0.406742
4, 0, 4, 0.402338
4, 0, 5, 0.440189
4, 0, 6, 0.477682
4, 0, 7, 0.478471
4, 0, 8, 0.490579
4, 0, 9, 0.518137
4, 0, 10, 0.629766
4, 0, 11, 0.946616
4, 0, 12, 1.374973
4, 0, 13, 1.861967
4, 0, 14, 100.000000
4, 0, 15, 100.000000
4, 0, 16, 100.000000
4, 0, 17, 100.000000
4, 0, 18, 100.000000
4, 0, 19, 100.000000
4, 0, 20, 100.000000
4, 0, 21, 100.000000
4, 0, 22, 100.000000
4, 0, 23, 100.000000
4, 0, 24, 100.000000
4, 0, 25, 100.000000
4, 0, 26, 100.000000
4, 0, 27, 100.000000
4, 0, 28, 100.000000
4, 0, 29, 100.000000
4, 0, 30, 100.000000
4, 0, 31, 100.000000
4, 0, 32, 100.000000
4, 0, 33, 100.000000
4, 0, 34, 100.000000
4, 1, 0, 0.525133
4, 1, 1, 0.091809
4, 1, 2, -0.086941
4, 1, 3, -0.103093
4, 1, 4, -0.082787
4, 1, 5, -0.049568
4, 1, 6, -0.025308
4, 1, 7, -0.021495
4, 1, 8, -0.026230
4, 1, 9, -0.000511
4, 1, 10, 0.190628
4, 1, 11, 0.635611
4, 1, 12, 1.185288
4, 1, 13, 1.728773
4, 1, 14, 100.000000
4, 1, 15, 100.000000
4, 1, 16, 100.000000
4, 1, 17, 100.000000
4, 1, 18, 100.000000
4, 1, 19, 100.000000
4, 1, 20, 100.000000
4, 1, 21, 100.000000
4, 1, 22, 100.000000
4, 1, 23, 100.000000
4, 1, 24, 100.000000
4, 1, 25, 100.000000
4, 1, 26, 100.000000
4, 1, 27, 100.000000
4, 1, 28, 100.000000
4, 1, 29, 100.000000
4, 1, 30, 100.000000
4, 1, 31, 100.000000
4, 1, 32, 100.000000
4, 1, 33, 100.000000
4, 1, 34, 100.000000
4, 2, 0, 0.422649
4, 2, 1, -0.116810
4, 2, 2, -0.389585
4, 2, 3, -0.373352
4, 2, 4, -0.345514
4, 2, 5, -0.338604
4, 2, 6, -0.342051
4, 2, 7, -0.348511
4, 2, 8, -0.309093
4, 2, 9, -0.224161
4, 2, 10, 0.014787
4, 2, 11, 0.470646
4, 2, 12, 1.018633
4, 2, 13, 1.632075
4, 2, 14, 100.000000
4, 2, 15, 100.000000
4, 2, 16, 100.000000
4, 2, 17, 100.000000
4, 2, 18, 100.000000
4, 2, 19, 100.000000
4, 2, 20, 100.000000
4, 2, 21, 100.000000
4, 2, 22, 100.000000
4, 2, 23, 100.000000
4, 2, 24, 100.000000
4, 2, 25, 100.000000
4, 2, 26, 100.000000
4, 2, 27, 100.000000
4, 2, 28, 100.000000
4, 2, 29, 100.000000
4, 2, 30, 100.000000
4, 2, 31, 100.000000
4, 2, 32, 100.000000
4, 2, 33, 100.000000
4, 2, 34, 100.000000
4, 3, 0, 0.366857
4, 3, 1, -0.189387
4, 3, 2, -0.461879
4, 3, 3, -0.450970
4, 3, 4, -0.426420
4, 3, 5, -0.436070
4, 3, 6, -0.402581
4, 3, 7, -0.427994
4, 3, 8, -0.409561
4, 3, 9, -0.310219
4, 3, 10, -0.082636
4, 3, 11, 0.346525
4, 3, 12, 0.885223
4, 3, 13, 1.450919
4, 3, 14, 2.307753
4, 3, 15, 100.000000
4, 3, 16, 100.000000
4, 3, 17, 100.000000
4, 3, 18, 100.000000
4, 3, 19, 100.000000
4, 3, 20, 100.000000
4, 3, 21, 100.000000
4, 3, 22, 100.000000
4, 3, 23, 100.000000
4, 3, 24, 100.000000
4, 3, 25, 100.000000
4, 3, 26, 100.000000
4, 3, 27, 100.000000
4, 3, 28, 100.000000
4, 3, 29, 100.000000
4, 3, 30, 100.000000
4, 3, 31, 100.000000
4, 3, 32, 100.000000
4, 3, 33, 100.000000
4, 3, 34, 100.000000
4, 4, 0, 0.346541
4, 4, 1, -0.194130
4, 4, 2, -0.475366
4, 4, 3, -0.478704
4, 4, 4, -0.447622
4, 4, 5, -0.443755
4, 4, 6, -0.412001
4, 4, 7, -0.447014
4, 4, 8, -0.447154
4, 4, 9, -0.333336
4, 4, 10, -0.074539
4, 4, 11, 0.349163
4, 4, 12, 0.888175
4, 4, 13, 1.499120
4, 4, 14, 2.245659
4, 4, 15, 100.000000
4, 4, 16, 100.000000
4, 4, 17, 100.000000
4, 4, 18, 100.000000
4, 4, 19, 100.000000
4, 4, 20, 100.000000
4, 4, 21, 100.000000
4, 4, 22, 100.000000
4, 4, 23, 100.000000
4, 4, 24, 100.000000
4, 4, 25, 100.000000
4, 4, 26, 100.000000
4, 4, 27, 100.000000
4, 4, 28, 100.000000
4, 4, 29, 100.000000
4, 4, 30, 100.000000
4, 4, 31, 100.000000
4, 4, 32, 100.000000
4, 4, 33, 100.000000
4, 4, 34, 100.000000
4, 5, 0, 0.352965
4, 5, 1, -0.184518
4, 5, 2, -0.461180
4, 5, 3, -0.469638
4, 5, 4, -0.450510
4, 5, 5, -0.445137
4, 5, 6, -0.438184
4, 5, 7, -0.459370
4, 5, 8, -0.425438
4, 5, 9, -0.298774
4, 5, 10, -0.018740
4, 5, 11, 0.400738
4, 5, 12, 0.929954
4, 5, 13, 1.605706
4, 5, 14, 100.000000
4, 5, 15, 100.000000
4, 5, 16, 100.000000
4, 5, 17, 100.000000
4, 5, 18, 100.000000
4, 5, 19, 100.000000
4, 5, 20, 100.000000
4, 5, 21, 100.000000
4, 5, 22, 100.000000
4, 5, 23, 100.000000
4, 5, 24, 100.000000
4, 5, 25, 100.000000
4, 5, 26, 100.000000
4, 5, 27, 100.000000
4, 5, 28, 100.000000
4, 5, 29, 100.000000
4, 5, 30, 100.000000
4, 5, 31, 100.000000
4, 5, 32, 100.000000
4, 5, 33, 100.000000
4, 5, 34, 100.000000
4, 6, 0, 0.360810
4, 6, 1, -0.184664
4, 6, 2, -0.476062
4, 6, 3, -0.475877
4, 6, 4, -0.475009
4, 6, 5, -0.464174
4, 6, 6, -0.469655
4, 6, 7, -0.455194
4, 6, 8, -0.406013
4, 6, 9, -0.290467
4, 6, 10, -0.023843
4, 6, 11, 0.407323
4, 6, 12, 0.951748
4, 6, 13, 1.594901
4, 6, 14, 2.444911
4, 6, 15, 100.000000
4, 6, 16, 100.000000
4, 6, 17, 100.000000
4, 6, 18, 100.000000
4, 6, 19, 100.000000
4, 6, 20, 100.000000
4, 6, 21, 100.000000
4, 6, 22, 100.000000
4, 6, 23, 100.000000
4, 6, 24, 100.000000
4, 6, 25, 100.000000
4, 6, 26, 100.000000
4, 6, 27, 100.000000
4, 6, 28, 100.000000
4, 6, 29, 100.000000
4, 6, 30, 100.000000
4, 6, 31, 100.000000
4, 6, 32, 100.000000
4, 6, 33, 100.000000
4, 6, 34, 100.000000
4, 7, 0, 0.375848
4, 7, 1, -0.178547
4, 7, 2, -0.485197
4, 7, 3, -0.483034
4, 7, 4, -0.477314
4, 7, 5, -0.476112
4, 7, 6, -0.465025
4, 7, 7, -0.449320
4, 7, 8, -0.394054
4, 7, 9, -0.287576
4, 7, 10, -0.075265
4, 7, 11, 0.312527
4, 7, 12, 0.886889
4, 7, 13, 1.496955
4, 7, 14, 2.488344
4, 7, 15, 100.000000
4, 7, 16, 100.000000
4, 7, 17, 100.000000
4, 7, 18, 100.000000
4, 7, 19, 100.000000
4, 7, 20, 100.000000
4, 7, 21, 100.000000
4, 7, 22, 100.000000
4, 7, 23, 100.000000
4, 7, 24, 100.000000
4, 7, 25, 100.000000
4, 7, 26, 100.000000
4, 7, 27, 100.000000
4, 7, 28, 100.000000
4, 7, 29, 100.000000
4, 7, 30, 100.000000
4, 7, 31, 100.000000
4, 7, 32, 100.000000
4, 7, 33, 100.000000
4, 7, 34, 100.000000
4, 8, 0, 0.409831
4, 8, 1, -0.150344
4, 8, 2, -0.456958
4, 8, 3, -0.489556
4, 8, 4, -0.480691
4, 8, 5, -0.474172
4, 8, 6, -0.451442
4, 8, 7, -0.448637
4, 8, 8, -0.388357
4, 8, 9, -0.276470
4, 8, 10, -0.129126
4, 8, 11, 0.208007
4, 8, 12, 0.791895
4, 8, 13, 1.487935
4, 8, 14, 2.406842
4, 8, 15, 100.000000
4, 8, 16, 100.000000
4, 8, 17, 100.000000
4, 8, 18, 100.000000
4, 8, 19, 100.000000
4, 8, 20, 100.000000
4, 8, 21, 100.000000
4, 8, 22, 100.000000
4, 8, 23, 100.000000
4, 8, 24, 100.000000
4, 8, 25, 100.000000
4, 8, 26, 100.000000
4, 8, 27, 100.000000
4, 8, 28, 100.000000
4, 8, 29, 100.000000
4, 8, 30, 100.000000
4, 8, 31, 100.000000
4, 8, 32, 100.000000
4, 8, 33, 100.000000
4, 8, 34, 100.000000
4, 9, 0, 0.419896
4, 9, 1, -0.131600
4, 9, 2, -0.443383
4, 9, 3, -0.478383
4, 9, 4, -0.472638
4, 9, 5, -0.464676
4, 9, 6, -0.444198
4, 9, 7, -0.441701
4, 9, 8, -0.404545
4, 9, 9, -0.298888
4, 9, 10, -0.162059
4, 9, 11, 0.168946
4, 9, 12, 0.742440
4, 9, 13, 1.422456
4, 9, 14, 2.259431
4, 9, 15, 100.000000
4, 9, 16, 100.000000
4, 9, 17, 100.000000
4, 9, 18, 100.000000
4, 9, 19, 100.000000
4, 9, 20, 100.000000
4, 9, 21, 100.000000
4, 9, 22, 100.000000
4, 9, 23, 100.000000
4, 9, 24, 100.000000
4, 9, 25, 100.000000
4, 9, 26, 100.000000
4, 9, 27, 100.000000
4, 9, 28, 100.000000
4, 9, 29, 100.000000
4, 9, 30, 100.000000
4, 9, 31, 100.000000
4, 9, 32, 100.000000
4, 9, 33, 100.000000
4, 9, 34, 100.000000
4, 10, 0, 0.412127
4, 10, 1, -0.127608
4, 10, 2, -0.430786
4, 10, 3, -0.481029
4, 10, 4, -0.478289
4, 10, 5, -0.453136
4, 10, 6, -0.430813
4, 10, 7, -0.436143
4, 10, 8, -0.423138
4, 10, 9, -0.334954
4, 10, 10, -0.193346
4, 10, 11, 0.156610
4, 10, 12, 0.711596
4, 10, 13, 1.353701
4, 10, 14, 2.182605
4, 10, 15, 100.000000
4, 10, 16, 100.000000
4, 10, 17, 100.000000
4, 10, 18, 100.000000
4, 10, 19, 100.000000
4, 10, 20, 100.000000
4, 10, 21, 100.000000
4, 10, 22, 100.000000
4, 10, 23, 100.000000
4, 10, 24, 100.000000
4, 10, 25, 100.000000
4, 10, 26, 100.000000
4, 10, 27, 100.000000
4, 10, 28, 100.000000
4, 10, 29, 100.000000
4, 10, 30, 100.000000
4, 10, 31, 100.000000
4, 10, 32, 100.000000
4, 10, 33, 100.000000
4, 10, 34, 100.000000
4, 11, 0, 0.396562
4, 11, 1, -0.144010
4, 11, 2, -0.424688
4, 11, 3, -0.459930
4, 11, 4, -0.455736
4, 11, 5, -0.451272
4, 11, 6, -0.435226
4, 11, 7, -0.442316
4, 11, 8, -0.429294
4, 11, 9, -0.353134
4, 11, 10, -0.197436
4, 11, 11, 0.159367
4, 11, 12, 0.696493
4, 11, 13, 1.321719
4, 11, 14, 2.142748
4, 11, 15, 100.000000
4, 11, 16, 100.000000
4, 11, 17, 100.000000
4, 11, 18, 100.000000
4, 11, 19, 100.000000
4, 11, 20, 100.000000
4, 11, 21, 100.000000
4, 11, 22, 100.000000
4, 11, 23, 100.000000
4, 11, 24, 100.000000
4, 11, 25, 100.000000
4, 11, 26, 100.000000
4, 11, 27, 100.000000
4, 11, 28, 100.000000
4, 11, 29, 100.000000
4, 11, 30, 100.000000
4, 11, 31, 100.000000
4, 11, 32, 100.000000
4, 11, 33, 100.000000
4, 11, 34, 100.000000
4, 12, 0, 0.387980
4, 12, 1, -0.144222
4, 12, 2, -0.434692
4, 12, 3, -0.465995
4, 12, 4, -0.451252
4, 12, 5, -0.449621
4, 12, 6, -0.443880
4, 12, 7, -0.438918
4, 12, 8, -0.431658
4, 12, 9, -0.351896
4, 12, 10, -0.181308
4, 12, 11, 0.174975
4, 12, 12, 0.692541
4, 12, 13, 1.316421
4, 12, 14, 2.170807
4, 12, 15, 100.000000
4, 12, 16, 100.000000
4, 12, 17, 100.000000
4, 12, 18, 100.000000
4, 12, 19, 100.000000
4, 12, 20, 100.000000
4, 12, 21, 100.000000
4, 12, 22, 100.000000
4, 12, 23, 100.000000
4, 12, 24, 100.000000
4, 12, 25, 100.000000
4, 12, 26, 100.000000
4, 12, 27, 100.000000
4, 12, 28, 100.000000
4, 12, 29, 100.000000
4, 12, 30, 100.000000
4, 12, 31, 100.000000
4, 12, 32, 100.000000
4, 12, 33, 100.000000
4, 12, 34, 100.000000
4, 13, 0, 0.404297
4, 13, 1, -0.126604
4, 13, 2, -0.446801
4, 13, 3, -0.474943
4, 13, 4, -0.452472
4, 13, 5, -0.454257
4, 13, 6, -0.453268
4, 13, 7, -0.443205
4, 13, 8, -0.427275
4, 13, 9, -0.339211
4, 13, 10, -0.171771
4, 13, 11, 0.164334
4, 13, 12, 0.676899
4, 13, 13, 1.294592
4, 13, 14, 2.185857
4, 13, 15, 100.000000
4, 13, 16, 100.000000
4, 13, 17, 100.000000
4, 13, 18, 100.000000
4, 13, 19, 100.000000
4, 13, 20, 100.000000
4, 13, 21, 100.000000
4, 13, 22, 100.000000
4, 13, 23, 100.000000
4, 13, 24, 100.000000
4, 13, 25, 100.000000
4, 13, 26, 100.000000
4, 13, 27, 100.000000
4, 13, 28, 100.000000
4, 13, 29, 100.000000
4, 13, 30, 100.000000
4, 13, 31, 100.000000
4, 13, 32, 100.000000
4, 13, 33, 100.000000
4, 13, 34, 100.000000
4, 14, 0, 0.431210
4, 14, 1, -0.097035
4, 14, 2, -0.431667
4, 14, 3, -0.438955
4, 14, 4, -0.433309
4, 14, 5, -0.477522
4, 14, 6, -0.456019
4, 14, 7, -0.443125
4, 14, 8, -0.424969
4, 14, 9, -0.371216
4, 14, 10, -0.193724
4, 14, 11, 0.149337
4, 14, 12, 0.628615
4, 14, 13, 1.197863
4, 14, 14, 1.839663
4, 14, 15, 100.000000
4, 14, 16, 100.000000
4, 14, 17, 100.000000
4, 14, 18, 100.000000
4, 14, 19, 100.000000
4, 14, 20, 100.000000
4, 14, 21, 100.000000
4, 14, 22, 100.000000
4, 14, 23, 100.000000
4, 14, 24, 100.000000
4, 14, 25, 100.000000
4, 14, 26, 100.000000
4, 14, 27, 100.000000
4, 14, 28, 100.000000
4, 14, 29, 100.000000
4, 14, 30, 100.000000
4, 14, 31, 100.000000
4, 14, 32, 100.000000
4, 14, 33, 100.000000
4, 14, 34, 100.000000
4, 15, 0, 0.455058
4, 15, 1, -0.075817
4, 15, 2, -0.436365
4, 15, 3, -0.444004
4, 15, 4, -0.443836
4, 15, 5, -0.470180
4, 15, 6, -0.442865
4, 15, 7, -0.437023
4, 15, 8, -0.434884
4, 15, 9, -0.411633
4, 15, 10, -0.258406
4, 15, 11, 0.101613
4, 15, 12, 0.572770
4, 15, 13, 1.102288
4, 15, 14, 1.573158
4, 15, 15, 2.479249
4, 15, 16, 100.000000
4, 15, 17, 100.000000
4, 15, 18, 100.000000
4, 15, 19, 100.000000
4, 15, 20, 100.000000
4, 15, 21, 100.000000
4, 15, 22, 100.000000
4, 15, 23, 100.000000
4, 15, 24, 100.000000
4, 15, 25, 100.000000
4, 15, 26, 100.000000
4, 15, 27, 100.000000
4, 15, 28, 100.000000
4, 15, 29, 100.000000
4, 15, 30, 100.000000
4, 15, 31, 100.000000
4, 15, 32, 100.000000
4, 15, 33, 100.000000
4, 15, 34, 100.000000
4, 16, 0, 0.457408
4, 16, 1, -0.088556
4, 16, 2, -0.457249
4, 16, 3, -0.457477
4, 16, 4, -0.448873
4, 16, 5, -0.459339
4, 16, 6, -0.434309
4, 16, 7, -0.424176
4, 16, 8, -0.431395
4, 16, 9, -0.422190
4, 16, 10, -0.270619
4, 16, 11, 0.060881
4, 16, 12, 0.545252
4, 16, 13, 1.082278
4, 16, 14, 1.707085
4, 16, 15, 100.000000
4, 16, 16, 100.000000
4, 16, 17, 100.000000
4, 16, 18, 100.000000
4, 16, 19, 100.000000
4, 16, 20, 100.000000
4, 16, 21, 100.000000
4, 16, 22, 100.000000
4, 16, 23, 100.000000
4, 16, 24, 100.000000
4, 16, 25, 100.000000
4, 16, 26, 100.000000
4, 16, 27, 100.000000
4, 16, 28, 100.000000
4, 16, 29, 100.000000
4, 16, 30, 100.000000
4, 16, 31, 100.000000
4, 16, 32, 100.000000
4, 16, 33, 100.000000
4, 16, 34, 100.000000
4, 17, 0, 0.452568
4, 17, 1, -0.107030
4, 17, 2, -0.459233
4, 17, 3, -0.453603
4, 17, 4, -0.452576
4, 17, 5, -0.484183
4, 17, 6, -0.428690
4, 17, 7, -0.409734
4, 17, 8, -0.419817
4, 17, 9, -0.403487
4, 17, 10, -0.248217
4, 17, 11, 0.052434
4, 17, 12, 0.504767
4, 17, 13, 1.059048
4, 17, 14, 1.645087
4, 17, 15, 100.000000
4, 17, 16, 100.000000
4, 17, 17, 100.000000
4, 17, 18, 100.000000
4, 17, 19, 100.000000
4, 17, 20, 100.000000
4, 17, 21, 100.000000
4, 17, 22, 100.000000
4, 17, 23, 100.000000
4, 17, 24, 100.000000
4, 17, 25, 100.000000
4, 17, 26, 100.000000
4, 17, 27, 100.000000
4, 17, 28, 100.000000
4, 17, 29, 100.000000
4, 17, 30, 100.000000
4, 17, 31, 100.000000
4, 17, 32, 100.000000
4, 17, 33, 100.000000
4, 17, 34, 100.000000
4, 18, 0, 0.445754
4, 18, 1, -0.115751
4, 18, 2, -0.488372
4, 18, 3, -0.443841
4, 18, 4, -0.464643
4, 18, 5, -0.463578
4, 18, 6, -0.470350
4, 18, 7, -0.420756
4, 18, 8, -0.408107
4, 18, 9, -0.392098
4, 18, 10, -0.280401
4, 18, 11, -0.001292
4, 18, 12, 0.433995
4, 18, 13, 1.001807
4, 18, 14, 1.453333
4, 18, 15, 2.176924
4, 18, 16, 100.000000
4, 18, 17, 100.000000
4, 18, 18, 100.000000
4, 18, 19, 100.000000
4, 18, 20, 100.000000
4, 18, 21, 100.000000
4, 18, 22, 100.000000
4, 18, 23, 100.000000
4, 18, 24, 100.000000
4, 18, 25, 100.000000
4, 18, 26, 100.000000
4, 18, 27, 100.000000
4, 18, 28, 100.000000
4, 18, 29, 100.000000
4, 18, 30, 100.000000
4, 18, 31, 100.000000
4, 18, 32, 100.000000
4, 18, 33, 100.000000
4, 18, 34, 100.000000
4, 19, 0, 0.433311
4, 19, 1, -0.122947
4, 19, 2, -0.472068
4, 19, 3, -0.430796
4, 19, 4, -0.488823
4, 19, 5, -0.454715
4, 19, 6, -0.467995
4, 19, 7, -0.432576
4, 19, 8, -0.398938
4, 19, 9, -0.374471
4, 19, 10, -0.306057
4, 19, 11, -0.063090
4, 19, 12, 0.373902
4, 19, 13, 0.920001
4, 19, 14, 1.248458
4, 19, 15, 1.921319
4, 19, 16, 100.000000
4, 19, 17, 100.000000
4, 19, 18, 100.000000
4, 19, 19, 100.000000
4, 19, 20, 100.000000
4, 19, 21, 100.000000
4, 19, 22, 100.000000
4, 19, 23, 100.000000
4, 19, 24, 100.000000
4, 19, 25, 100.000000
4, 19, 26, 100.000000
4, 19, 27, 100.000000
4, 19, 28, 100.000000
4, 19, 29, 100.000000
4, 19, 30, 100.000000
4, 19, 31, 100.000000
4, 19, 32, 100.000000
4, 19, 33, 100.000000
4, 19, 34, 100.000000
4, 20, 0, 0.411317
4, 20, 1, -0.141896
4, 20, 2, -0.473770
4, 20, 3, -0.456444
4, 20, 4, -0.475224
4, 20, 5, -0.461749
4, 20, 6, -0.451689
4, 20, 7, -0.427478
4, 20, 8, -0.400100
4, 20, 9, -0.364047
4, 20, 10, -0.261113
4, 20, 11, -0.008471
4, 20, 12, 0.443115
4, 20, 13, 0.995951
4, 20, 14, 1.345258
4, 20, 15, 2.054356
4, 20, 16, 100.000000
4, 20, 17, 100.000000
4, 20, 18, 100.000000
4, 20, 19, 100.000000
4, 20, 20, 100.000000
4, 20, 21, 100.000000
4, 20, 22, 100.000000
4, 20, 23, 100.000000
4, 20, 24, 100.000000
4, 20, 25, 100.000000
4, 20, 26, 100.000000
4, 20, 27, 100.000000
4, 20, 28, 100.000000
4, 20, 29, 100.000000
4, 20, 30, 100.000000
4, 20, 31, 100.000000
4, 20, 32, 100.000000
4, 20, 33, 100.000000
4, 20, 34, 100.000000
4, 21, 0, 0.401825
4, 21, 1, -0.147793
4, 21, 2, -0.462435
4, 21, 3, -0.482460
4, 21, 4, -0.484894
4, 21, 5, -0.462546
4, 21, 6, -0.441414
4, 21, 7, -0.434523
4, 21, 8, -0.404792
4, 21, 9, -0.362838
4, 21, 10, -0.225342
4, 21, 11, 0.051908
4, 21, 12, 0.510279
4, 21, 13, 1.067025
4, 21, 14, 1.614555
4, 21, 15, 100.000000
4, 21, 16, 100.000000
4, 21, 17, 100.000000
4, 21, 18, 100.000000
4, 21, 19, 100.000000
4, 21, 20, 100.000000
4, 21, 21, 100.000000
4, 21, 22, 100.000000
4, 21, 23, 100.000000
4, 21, 24, 100.000000
4, 21, 25, 100.000000
4, 21, 26, 100.000000
4, 21, 27, 100.000000
4, 21, 28, 100.000000
4, 21, 29, 100.000000
4, 21, 30, 100.000000
4, 21, 31, 100.000000
4, 21, 32, 100.000000
4, 21, 33, 100.000000
4, 21, 34, 100.000000
4, 22, 0, 0.409985
4, 22, 1, -0.148612
4, 22, 2, -0.445694
4, 22, 3, -0.470605
4, 22, 4, -0.481910
4, 22, 5, -0.460068
4, 22, 6, -0.436315
4, 22, 7, -0.434743
4, 22, 8, -0.423451
4, 22, 9, -0.382408
4, 22, 10, -0.233623
4, 22, 11, 0.070074
4, 22, 12, 0.547927
4, 22, 13, 1.137543
4, 22, 14, 1.885767
4, 22, 15, 100.000000
4, 22, 16, 100.000000
4, 22, 17, 100.000000
4, 22, 18, 100.000000
4, 22, 19, 100.000000
4, 22, 20, 100.000000
4, 22, 21, 100.000000
4, 22, 22, 100.000000
4, 22, 23, 100.000000
4, 22, 24, 100.000000
4, 22, 25, 100.000000
4, 22, 26, 100.000000
4, 22, 27, 100.000000
4, 22, 28, 100.000000
4, 22, 29, 100.000000
4, 22, 30, 100.000000
4, 22, 31, 100.000000
4, 22, 32, 100.000000
4, 22, 33, 100.000000
4, 22, 34, 100.000000
4, 23, 0, 0.412727
4, 23, 1, -0.153612
4, 23, 2, -0.455237
4, 23, 3, -0.453305
4, 23, 4, -0.475989
4, 23, 5, -0.455494
4, 23, 6, -0.428565
4, 23, 7, -0.427898
4, 23, 8, -0.462003
4, 23, 9, -0.402434
4, 23, 10, -0.224625
4, 23, 11, 0.097921
4, 23, 12, 0.602393
4, 23, 13, 1.243796
4, 23, 14, 2.072114
4, 23, 15, 100.000000
4, 23, 16, 100.000000
4, 23, 17, 100.000000
4, 23, 18, 100.000000
4, 23, 19, 100.000000
4, 23, 20, 100.000000
4, 23, 21, 100.000000
4, 23, 22, 100.000000
4, 23, 23, 100.000000
4, 23, 24, 100.000000
4, 23, 25, 100.000000
4, 23, 26, 100.000000
4, 23, 27, 100.000000
4, 23, 28, 100.000000
4, 23, 29, 100.000000
4, 23, 30, 100.000000
4, 23, 31, 100.000000
4, 23, 32, 100.000000
4, 23, 33, 100.000000
4, 23, 34, 100.000000
4, 24, 0, 0.413308
4, 24, 1, -0.156167
4, 24, 2, -0.452124
4, 24, 3, -0.472616
4, 24, 4, -0.476577
4, 24, 5, -0.460959
4, 24, 6, -0.453317
4, 24, 7, -0.452076
4, 24, 8, -0.450198
4, 24, 9, -0.427159
4, 24, 10, -0.203858
4, 24, 11, 0.147061
4, 24, 12, 0.656545
4, 24, 13, 1.317249
4, 24, 14, 2.114524
4, 24, 15, 100.000000
4, 24, 16, 100.000000
4, 24, 17, 100.000000
4, 24, 18, 100.000000
4, 24, 19, 100.000000
4, 24, 20, 100.000000
4, 24, 21, 100.000000
4, 24, 22, 100.000000
4, 24, 23, 100.000000
4, 24, 24, 100.000000
4, 24, 25, 100.000000
4, 24, 26, 100.000000
4, 24, 27, 100.000000
4, 24, 28, 100.000000
4, 24, 29, 100.000000
4, 24, 30, 100.000000
4, 24, 31, 100.000000
4, 24, 32, 100.000000
4, 24, 33, 100.000000
4, 24, 34, 100.000000
4, 25, 0, 0.409049
4, 25, 1, -0.163070
4, 25, 2, -0.452543
4, 25, 3, -0.454815
4, 25, 4, -0.448443
4, 25, 5, -0.453022
4, 25, 6, -0.449815
4, 25, 7, -0.440397
4, 25, 8, -0.400767
4, 25, 9, -0.436277
4, 25, 10, -0.235861
4, 25, 11, 0.141231
4, 25, 12, 0.626618
4, 25, 13, 1.239808
4, 25, 14, 1.933633
4, 25, 15, 100.000000
4, 25, 16, 100.000000
4, 25, 17, 100.000000
4, 25, 18, 100.000000
4, 25, 19, 100.000000
4, 25, 20, 100.000000
4, 25, 21, 100.000000
4, 25, 22, 100.000000
4, 25, 23, 100.000000
4, 25, 24, 100.000000
4, 25, 25, 100.000000
4, 25, 26, 100.000000
4, 25, 27, 100.000000
4, 25, 28, 100.000000
4, 25, 29, 100.000000
4, 25, 30, 100.000000
4, 25, 31, 100.000000
4, 25, 32, 100.000000
4, 25, 33, 100.000000
4, 25, 34, 100.000000
4, 26, 0, 0.381667
4, 26, 1, -0.175724
4, 26, 2, -0.455407
4, 26, 3, -0.405117
4, 26, 4, -0.441052
4, 26, 5, -0.423827
4, 26, 6, -0.424810
4, 26, 7, -0.409989
4, 26, 8, -0.389077
4, 26, 9, -0.369632
4, 26, 10, -0.247083
4, 26, 11, 0.092591
4, 26, 12, 0.540310
4, 26, 13, 1.082118
4, 26, 14, 1.699270
4, 26, 15, 100.000000
4, 26, 16, 100.000000
4, 26, 17, 100.000000
4, 26, 18, 100.000000
4, 26, 19, 100.000000
4, 26, 20, 100.000000
4, 26, 21, 100.000000
4, 26, 22, 100.000000
4, 26, 23, 100.000000
4, 26, 24, 100.000000
4, 26, 25, 100.000000
4, 26, 26, 100.000000
4, 26, 27, 100.000000
4, 26, 28, 100.000000
4, 26, 29, 100.000000
4, 26, 30, 100.000000
4, 26, 31, 100.000000
4, 26, 32, 100.000000
4, 26, 33, 100.000000
4, 26, 34, 100.000000
4, 27, 0, 0.353699
4, 27, 1, -0.182960
4, 27, 2, -0.449963
4, 27, 3, -0.390785
4, 27, 4, -0.459088
4, 27, 5, -0.435613
4, 27, 6, -0.419741
4, 27, 7, -0.413912
4, 27, 8, -0.416590
4, 27, 9, -0.364203
4, 27, 10, -0.213051
4, 27, 11, 0.084472
4, 27, 12, 0.477823
4, 27, 13, 1.025765
4, 27, 14, 1.645037
4, 27, 15, 100.000000
4, 27, 16, 100.000000
4, 27, 17, 100.000000
4, 27, 18, 100.000000
4, 27, 19, 100.000000
4, 27, 20, 100.000000
4, 27, 21, 100.000000
4, 27, 22, 100.000000
4, 27, 23, 100.000000
4, 27, 24, 100.000000
4, 27, 25, 100.000000
4, 27, 26, 100.000000
4, 27, 27, 100.000000
4, 27, 28, 100.000000
4, 27, 29, 100.000000
4, 27, 30, 100.000000
4, 27, 31, 100.000000
4, 27, 32, 100.000000
4, 27, 33, 100.000000
4, 27, 34, 100.000000
4, 28, 0, 0.365174
4, 28, 1, -0.168019
4, 28, 2, -0.389548
4, 28, 3, -0.385876
4, 28, 4, -0.430941
4, 28, 5, -0.435106
4, 28, 6, -0.421606
4, 28, 7, -0.402856
4, 28, 8, -0.355394
4, 28, 9, -0.313416
4, 28, 10, -0.189852
4, 28, 11, 0.071834
4, 28, 12, 0.447075
4, 28, 13, 1.043150
4, 28, 14, 1.800672
4, 28, 15, 100.000000
4, 28, 16, 100.000000
4, 28, 17, 100.000000
4, 28, 18, 100.000000
4, 28, 19, 100.000000
4, 28, 20, 100.000000
4, 28, 21, 100.000000
4, 28, 22, 100.000000
4, 28, 23, 100.000000
4, 28, 24, 100.000000
4, 28, 25, 100.000000
4, 28, 26, 100.000000
4, 28, 27, 100.000000
4, 28, 28, 100.000000
4, 28, 29, 100.000000
4, 28, 30, 100.000000
4, 28, 31, 100.000000
4, 28, 32, 100.000000
4, 28, 33, 100.000000
4, 28, 34, 100.000000
4, 29, 0, 0.466548
4, 29, 1, 0.028217
4, 29, 2, -0.080391
4, 29, 3, -0.110141
4, 29, 4, -0.141050
4, 29, 5, -0.169556
4, 29, 6, -0.177451
4, 29, 7, -0.134762
4, 29, 8, -0.088174
4, 29, 9, -0.088636
4, 29, 10, -0.028785
4, 29, 11, 0.178938
4, 29, 12, 0.539975
4, 29, 13, 1.110162
4, 29, 14, 1.883157
4, 29, 15, 100.000000
4, 29, 16, 100.000000
4, 29, 17, 100.000000
4, 29, 18, 100.000000
4, 29, 19, 100.000000
4, 29, 20, 100.000000
4, 29, 21, 100.000000
4, 29, 22, 100.000000
4, 29, 23, 100.000000
4, 29, 24, 100.000000
4, 29, 25, 100.000000
4, 29, 26, 100.000000
4, 29, 27, 100.000000
4, 29, 28, 100.000000
4, 29, 29, 100.000000
4, 29, 30, 100.000000
4, 29, 31, 100.000000
4, 29, 32, 100.000000
4, 29, 33, 100.000000
4, 29, 34, 100.000000
5, 0, 0, 0.769661
5, 0, 1, 0.539150
5, 0, 2, 0.469843
5, 0, 3, 0.434405
5, 0, 4, 0.414877
5, 0, 5, 0.429643
5, 0, 6, 0.466957
5, 0, 7, 0.490348
5, 0, 8, 0.495872
5, 0, 9, 0.486938
5, 0, 10, 0.547099
5, 0, 11, 0.818720
5, 0, 12, 1.205072
5, 0, 13, 1.643243
5, 0, 14, 100.000000
5, 0, 15, 100.000000
5, 0, 16, 100.000000
5, 0, 17, 100.000000
5, 0, 18, 100.000000
5, 0, 19, 100.000000
5, 0, 20, 100.000000
5, 0, 21, 100.000000
5, 0, 22, 100.000000
5, 0, 23, 100.000000
5, 0, 24, 100.000000
5, 0, 25, 100.000000
5, 0, 26, 100.000000
5, 0, 27, 100.000000
5, 0, 28, 100.000000
5, 0, 29, 100.000000
5, 0, 30, 100.000000
5, 0, 31, 100.000000
5, 0, 32, 100.000000
5, 0, 33, 100.000000
5, 0, 34, 100.000000
5, 1, 0, 0.516975
5, 1, 1, 0.120690
5, 1, 2, -0.064333
5, 1, 3, -0.083865
5, 1, 4, -0.069198
5, 1, 5, -0.060851
5, 1, 6, -0.055488
5, 1, 7, -0.057458
5, 1, 8, -0.053197
5, 1, 9, -0.034719
5, 1, 10, 0.132241
5, 1, 11, 0.550353
5, 1, 12, 1.097574
5, 1, 13, 1.607155
5, 1, 14, 100.000000
5, 1, 15, 100.000000
5, 1, 16, 100.000000
5, 1, 17, 100.000000
5, 1, 18, 100.000000
5, 1, 19, 100.000000
5, 1, 20, 100.000000
5, 1, 21, 100.000000
5, 1, 22, 100.000000
5, 1, 23, 100.000000
5, 1, 24, 100.000000
5, 1, 25, 100.000000
5, 1, 26, 100.000000
5, 1, 27, 100.000000
5, 1, 28, 100.000000
5, 1, 29, 100.000000
5, 1, 30, 100.000000
5, 1, 31, 100.000000
5, 1, 32, 100.000000
5, 1, 33, 100.000000
5, 1, 34, 100.000000
5, 2, 0, 0.432549
5, 2, 1, -0.070751
5, 2, 2, -0.375387
5, 2, 3, -0.403833
5, 2, 4, -0.386254
5, 2, 5, -0.376605
5, 2, 6, -0.347118
5, 2, 7, -0.368879
5, 2, 8, -0.348277
5, 2, 9, -0.272459
5, 2, 10, -0.023575
5, 2, 11, 0.434113
5, 2, 12, 0.982852
5, 2, 13, 1.589158
5, 2, 14, 2.450671
5, 2, 15, 100.000000
5, 2, 16, 100.000000
5, 2, 17, 100.000000
5, 2, 18, 100.000000
5, 2, 19, 100.000000
5, 2, 20, 100.000000
5, 2, 21, 100.000000
5, 2, 22, 100.000000
5, 2, 23, 100.000000
5, 2, 24, 100.000000
5, 2, 25, 100.000000
5, 2, 26, 100.000000
5, 2, 27, 100.000000
5, 2, 28, 100.000000
5, 2, 29, 100.000000
5, 2, 30, 100.000000
5, 2, 31, 100.000000
5, 2, 32, 100.000000
5, 2, 33, 100.000000
5, 2, 34, 100.000000
5, 3, 0, 0.384918
5, 3, 1, -0.149780
5, 3, 2, -0.465393
5, 3, 3, -0.470497
5, 3, 4, -0.457006
5, 3, 5, -0.444310
5, 3, 6, -0.385533
5, 3, 7, -0.425046
5, 3, 8, -0.425897
5, 3, 9, -0.341993
5, 3, 10, -0.090448
5, 3, 11, 0.340777
5, 3, 12, 0.883513
5, 3, 13, 1.509583
5, 3, 14, 2.409199
5, 3, 15, 100.000000
5, 3, 16, 100.000000
5, 3, 17, 100.000000
5, 3, 18, 100.000000
5, 3, 19, 100.000000
5, 3, 20, 100.000000
5, 3, 21, 100.000000
5, 3, 22, 100.000000
5, 3, 23, 100.000000
5, 3, 24, 100.000000
5, 3, 25, 100.000000
5, 3, 26, 100.000000
5, 3, 27, 100.000000
5, 3, 28, 100.000000
5, 3, 29, 100.000000
5, 3, 30, 100.000000
5, 3, 31, 100.000000
5, 3, 32, 100.000000
5, 3, 33, 100.000000
5, 3, 34, 100.000000
5, 4, 0, 0.374555
5, 4, 1, -0.174445
5, 4, 2, -0.467239
5, 4, 3, -0.475680
5, 4, 4, -0.459310
5, 4, 5, -0.442241
5, 4, 6, -0.402439
5, 4, 7, -0.451180
5, 4, 8, -0.449208
5, 4, 9, -0.334995
5, 4, 10, -0.057205
5, 4, 11, 0.365120
5, 4, 12, 0.924334
5, 4, 13, 1.646470
5, 4, 14, 100.000000
5, 4, 15, 100.000000
5, 4, 16, 100.000000
5, 4, 17, 100.000000
5, 4, 18, 100.000000
5, 4, 19, 100.000000
5, 4, 20, 100.000000
5, 4, 21, 100.000000
5, 4, 22, 100.000000
5, 4, 23, 100.000000
5, 4, 24, 100.000000
5, 4, 25, 100.000000
5, 4, 26, 100.000000
5, 4, 27, 100.000000
5, 4, 28, 100.000000
5, 4, 29, 100.000000
5, 4, 30, 100.000000
5, 4, 31, 100.000000
5, 4, 32, 100.000000
5, 4, 33, 100.000000
5, 4, 34, 100.000000
5, 5, 0, 0.378462
5, 5, 1, -0.175447
5, 5, 2, -0.446369
5, 5, 3, -0.461647
5, 5, 4, -0.455371
5, 5, 5, -0.439863
5, 5, 6, -0.433560
5, 5, 7, -0.452612
5, 5, 8, -0.434724
5, 5, 9, -0.298360
5, 5, 10, -0.019063
5, 5, 11, 0.414932
5, 5, 12, 0.983577
5, 5, 13, 1.670010
5, 5, 14, 100.000000
5, 5, 15, 100.000000
5, 5, 16, 100.000000
5, 5, 17, 100.000000
5, 5, 18, 100.000000
5, 5, 19, 100.000000
5, 5, 20, 100.000000
5, 5, 21, 100.000000
5, 5, 22, 100.000000
5, 5, 23, 100.000000
5, 5, 24, 100.000000
5, 5, 25, 100.000000
5, 5, 26, 100.000000
5, 5, 27, 100.000000
5, 5, 28, 100.000000
5, 5, 29, 100.000000
5, 5, 30, 100.000000
5, 5, 31, 100.000000
5, 5, 32, 100.000000
5, 5, 33, 100.000000
5, 5, 34, 100.000000
5, 6, 0, 0.375623
5, 6, 1, -0.175617
5, 6, 2, -0.449827
5, 6, 3, -0.462753
5, 6, 4, -0.464532
5, 6, 5, -0.457626
5, 6, 6, -0.458227
5, 6, 7, -0.441337
5, 6, 8, -0.411658
5, 6, 9, -0.313120
5, 6, 10, -0.040967
5, 6, 11, 0.420151
5, 6, 12, 1.021202
5, 6, 13, 1.681755
5, 6, 14, 100.000000
5, 6, 15, 100.000000
5, 6, 16, 100.000000
5, 6, 17, 100.000000
5, 6, 18, 100.000000
5, 6, 19, 100.000000
5, 6, 20, 100.000000
5, 6, 21, 100.000000
5, 6, 22, 100.000000
5, 6, 23, 100.000000
5, 6, 24, 100.000000
5, 6, 25, 100.000000
5, 6, 26, 100.000000
5, 6, 27, 100.000000
5, 6, 28, 100.000000
5, 6, 29, 100.000000
5, 6, 30, 100.000000
5, 6, 31, 100.000000
5, 6, 32, 100.000000
5, 6, 33, 100.000000
5, 6, 34, 100.000000
5, 7, 0, 0.382627
5, 7, 1, -0.167503
5, 7, 2, -0.457113
5, 7, 3, -0.476639
5, 7, 4, -0.474878
5, 7, 5, -0.485004
5, 7, 6, -0.462617
5, 7, 7, -0.438479
5, 7, 8, -0.392951
5, 7, 9, -0.307195
5, 7, 10, -0.107581
5, 7, 11, 0.320332
5, 7, 12, 0.930068
5, 7, 13, 1.574723
5, 7, 14, 2.489313
5, 7, 15, 100.000000
5, 7, 16, 100.000000
5, 7, 17, 100.000000
5, 7, 18, 100.000000
5, 7, 19, 100.000000
5, 7, 20, 100.000000
5, 7, 21, 100.000000
5, 7, 22, 100.000000
5, 7, 23, 100.000000
5, 7, 24, 100.000000
5, 7, 25, 100.000000
5, 7, 26, 100.000000
5, 7, 27, 100.000000
5, 7, 28, 100.000000
5, 7, 29, 100.000000
5, 7, 30, 100.000000
5, 7, 31, 100.000000
5, 7, 32, 100.000000
5, 7, 33, 100.000000
5, 7, 34, 100.000000
5, 8, 0, 0.406303
5, 8, 1, -0.146959
5, 8, 2, -0.452123
5, 8, 3, -0.482806
5, 8, 4, -0.475181
5, 8, 5, -0.483374
5, 8, 6, -0.467753
5, 8, 7, -0.473306
5, 8, 8, -0.392190
5, 8, 9, -0.288508
5, 8, 10, -0.133634
5, 8, 11, 0.237176
5, 8, 12, 0.836664
5, 8, 13, 1.565117
5, 8, 14, 2.374446
5, 8, 15, 100.000000
5, 8, 16, 100.000000
5, 8, 17, 100.000000
5, 8, 18, 100.000000
5, 8, 19, 100.000000
5, 8, 20, 100.000000
5, 8, 21, 100.000000
5, 8, 22, 100.000000
5, 8, 23, 100.000000
5, 8, 24, 100.000000
5, 8, 25, 100.000000
5, 8, 26, 100.000000
5, 8, 27, 100.000000
5, 8, 28, 100.000000
5, 8, 29, 100.000000
5, 8, 30, 100.000000
5, 8, 31, 100.000000
5, 8, 32, 100.000000
5, 8, 33, 100.000000
5, 8, 34, 100.000000
5, 9, 0, 0.415711
5, 9, 1, -0.135140
5, 9, 2, -0.444223
5, 9, 3, -0.494442
5, 9, 4, -0.488539
5, 9, 5, -0.456462
5, 9, 6, -0.470786
5, 9, 7, -0.468389
5, 9, 8, -0.409840
5, 9, 9, -0.298245
5, 9, 10, -0.149272
5, 9, 11, 0.196652
5, 9, 12, 0.772738
5, 9, 13, 1.471367
5, 9, 14, 2.250799
5, 9, 15, 100.000000
5, 9, 16, 100.000000
5, 9, 17, 100.000000
5, 9, 18, 100.000000
5, 9, 19, 100.000000
5, 9, 20, 100.000000
5, 9, 21, 100.000000
5, 9, 22, 100.000000
5, 9, 23, 100.000000
5, 9, 24, 100.000000
5, 9, 25, 100.000000
5, 9, 26, 100.000000
5, 9, 27, 100.000000
5, 9, 28, 100.000000
5, 9, 29, 100.000000
5, 9, 30, 100.000000
5, 9, 31, 100.000000
5, 9, 32, 100.000000
5, 9, 33, 100.000000
5, 9, 34, 100.000000
5, 10, 0, 0.411564
5, 10, 1, -0.143028
5, 10, 2, -0.434743
5, 10, 3, -0.467629
5, 10, 4, -0.462111
5, 10, 5, -0.449743
5, 10, 6, -0.481015
5, 10, 7, -0.461840
5, 10, 8, -0.440853
5, 10, 9, -0.330231
5, 10, 10, -0.158729
5, 10, 11, 0.182476
5, 10, 12, 0.730853
5, 10, 13, 1.341425
5, 10, 14, 2.145396
5, 10, 15, 100.000000
5, 10, 16, 100.000000
5, 10, 17, 100.000000
5, 10, 18, 100.000000
5, 10, 19, 100.000000
5, 10, 20, 100.000000
5, 10, 21, 100.000000
5, 10, 22, 100.000000
5, 10, 23, 100.000000
5, 10, 24, 100.000000
5, 10, 25, 100.000000
5, 10, 26, 100.000000
5, 10, 27, 100.000000
5, 10, 28, 100.000000
5, 10, 29, 100.000000
5, 10, 30, 100.000000
5, 10, 31, 100.000000
5, 10, 32, 100.000000
5, 10, 33, 100.000000
5, 10, 34, 100.000000
5, 11, 0, 0.394404
5, 11, 1, -0.158223
5, 11, 2, -0.449000
5, 11, 3, -0.490580
5, 11, 4, -0.474738
5, 11, 5, -0.466174
5, 11, 6, -0.469094
5, 11, 7, -0.478103
5, 11, 8, -0.466041
5, 11, 9, -0.374712
5, 11, 10, -0.204541
5, 11, 11, 0.149656
5, 11, 12, 0.697185
5, 11, 13, 1.315020
5, 11, 14, 2.168149
5, 11, 15, 100.000000
5, 11, 16, 100.000000
5, 11, 17, 100.000000
5, 11, 18, 100.000000
5, 11, 19, 100.000000
5, 11, 20, 100.000000
5, 11, 21, 100.000000
5, 11, 22, 100.000000
5, 11, 23, 100.000000
5, 11, 24, 100.000000
5, 11, 25, 100.000000
5, 11, 26, 100.000000
5, 11, 27, 100.000000
5, 11, 28, 100.000000
5, 11, 29, 100.000000
5, 11, 30, 100.000000
5, 11, 31, 100.000000
5, 11, 32, 100.000000
5, 11, 33, 100.000000
5, 11, 34, 100.000000
5, 12, 0, 0.387964
5, 12, 1, -0.137290
5, 12, 2, -0.419150
5, 12, 3, -0.450688
5, 12, 4, -0.455591
5, 12, 5, -0.480482
5, 12, 6, -0.485783
5, 12, 7, -0.483231
5, 12, 8, -0.482143
5, 12, 9, -0.380573
5, 12, 10, -0.198368
5, 12, 11, 0.171911
5, 12, 12, 0.714137
5, 12, 13, 1.373726
5, 12, 14, 2.292520
5, 12, 15, 100.000000
5, 12, 16, 100.000000
5, 12, 17, 100.000000
5, 12, 18, 100.000000
5, 12, 19, 100.000000
5, 12, 20, 100.000000
5, 12, 21, 100.000000
5, 12, 22, 100.000000
5, 12, 23, 100.000000
5, 12, 24, 100.000000
5, 12, 25, 100.000000
5, 12, 26, 100.000000
5, 12, 27, 100.000000
5, 12, 28, 100.000000
5, 12, 29, 100.000000
5, 12, 30, 100.000000
5, 12, 31, 100.000000
5, 12, 32, 100.000000
5, 12, 33, 100.000000
5, 12, 34, 100.000000
5, 13, 0, 0.401193
5, 13, 1, -0.110725
5, 13, 2, -0.423378
5, 13, 3, -0.429698
5, 13, 4, -0.420060
5, 13, 5, -0.464463
5, 13, 6, -0.480665
5, 13, 7, -0.472976
5, 13, 8, -0.447967
5, 13, 9, -0.351231
5, 13, 10, -0.169126
5, 13, 11, 0.180739
5, 13, 12, 0.712482
5, 13, 13, 1.337153
5, 13, 14, 2.236464
5, 13, 15, 100.000000
5, 13, 16, 100.000000
5, 13, 17, 100.000000
5, 13, 18, 100.000000
5, 13, 19, 100.000000
5, 13, 20, 100.000000
5, 13, 21, 100.000000
5, 13, 22, 100.000000
5, 13, 23, 100.000000
5, 13, 24, 100.000000
5, 13, 25, 100.000000
5, 13, 26, 100.000000
5, 13, 27, 100.000000
5, 13, 28, 100.000000
5, 13, 29, 100.000000
5, 13, 30, 100.000000
5, 13, 31, 100.000000
5, 13, 32, 100.000000
5, 13, 33, 100.000000
5, 13, 34, 100.000000
5, 14, 0, 0.423357
5, 14, 1, -0.096061
5, 14, 2, -0.440581
5, 14, 3, -0.444896
5, 14, 4, -0.422730
5, 14, 5, -0.473630
5, 14, 6, -0.469818
5, 14, 7, -0.454994
5, 14, 8, -0.415754
5, 14, 9, -0.380296
5, 14, 10, -0.201831
5, 14, 11, 0.171530
5, 14, 12, 0.671987
5, 14, 13, 1.258942
5, 14, 14, 2.035257
5, 14, 15, 100.000000
5, 14, 16, 100.000000
5, 14, 17, 100.000000
5, 14, 18, 100.000000
5, 14, 19, 100.000000
5, 14, 20, 100.000000
5, 14, 21, 100.000000
5, 14, 22, 100.000000
5, 14, 23, 100.000000
5, 14, 24, 100.000000
5, 14, 25, 100.000000
5, 14, 26, 100.000000
5, 14, 27, 100.000000
5, 14, 28, 100.000000
5, 14, 29, 100.000000
5, 14, 30, 100.000000
5, 14, 31, 100.000000
5, 14, 32, 100.000000
5, 14, 33, 100.000000
5, 14, 34, 100.000000
5, 15, 0, 0.434836
5, 15, 1, -0.089800
5, 15, 2, -0.452583
5, 15, 3, -0.465998
5, 15, 4, -0.454894
5, 15, 5, -0.493908
5, 15, 6, -0.466290
5, 15, 7, -0.441970
5, 15, 8, -0.412489
5, 15, 9, -0.404794
5, 15, 10, -0.273179
5, 15, 11, 0.097786
5, 15, 12, 0.588315
5, 15, 13, 1.164136
5, 15, 14, 1.822144
5, 15, 15, 100.000000
5, 15, 16, 100.000000
5, 15, 17, 100.000000
5, 15, 18, 100.000000
5, 15, 19, 100.000000
5, 15, 20, 100.000000
5, 15, 21, 100.000000
5, 15, 22, 100.000000
5, 15, 23, 100.000000
5, 15, 24, 100.000000
5, 15, 25, 100.000000
5, 15, 26, 100.000000
5, 15, 27, 100.000000
5, 15, 28, 100.000000
5, 15, 29, 100.000000
5, 15, 30, 100.000000
5, 15, 31, 100.000000
5, 15, 32, 100.000000
5, 15, 33, 100.000000
5, 15, 34, 100.000000
5, 16, 0, 0.441980
5, 16, 1, -0.094688
5, 16, 2, -0.461570
5, 16, 3, -0.465245
5, 16, 4, -0.463378
5, 16, 5, -0.482611
5, 16, 6, -0.476227
5, 16, 7, -0.442608
5, 16, 8, -0.411725
5, 16, 9, -0.393061
5, 16, 10, -0.268595
5, 16, 11, 0.052337
5, 16, 12, 0.533383
5, 16, 13, 1.126272
5, 16, 14, 1.778617
5, 16, 15, 100.000000
5, 16, 16, 100.000000
5, 16, 17, 100.000000
5, 16, 18, 100.000000
5, 16, 19, 100.000000
5, 16, 20, 100.000000
5, 16, 21, 100.000000
5, 16, 22, 100.000000
5, 16, 23, 100.000000
5, 16, 24, 100.000000
5, 16, 25, 100.000000
5, 16, 26, 100.000000
5, 16, 27, 100.000000
5, 16, 28, 100.000000
5, 16, 29, 100.000000
5, 16, 30, 100.000000
5, 16, 31, 100.000000
5, 16, 32, 100.000000
5, 16, 33, 100.000000
5, 16, 34, 100.000000
5, 17, 0, 0.438203
5, 17, 1, -0.108696
5, 17, 2, -0.463718
5, 17, 3, -0.449669
5, 17, 4, -0.470160
5, 17, 5, -0.483858
5, 17, 6, -0.470325
5, 17, 7, -0.449569
5, 17, 8, -0.412828
5, 17, 9, -0.368996
5, 17, 10, -0.238521
5, 17, 11, 0.030730
5, 17, 12, 0.480311
5, 17, 13, 1.069065
5, 17, 14, 1.711522
5, 17, 15, 100.000000
5, 17, 16, 100.000000
5, 17, 17, 100.000000
5, 17, 18, 100.000000
5, 17, 19, 100.000000
5, 17, 20, 100.000000
5, 17, 21, 100.000000
5, 17, 22, 100.000000
5, 17, 23, 100.000000
5, 17, 24, 100.000000
5, 17, 25, 100.000000
5, 17, 26, 100.000000
5, 17, 27, 100.000000
5, 17, 28, 100.000000
5, 17, 29, 100.000000
5, 17, 30, 100.000000
5, 17, 31, 100.000000
5, 17, 32, 100.000000
5, 17, 33, 100.000000
5, 17, 34, 100.000000
5, 18, 0, 0.435647
5, 18, 1, -0.122258
5, 18, 2, -0.474884
5, 18, 3, -0.440988
5, 18, 4, -0.485466
5, 18, 5, -0.465606
5, 18, 6, -0.454077
5, 18, 7, -0.456299
5, 18, 8, -0.417291
5, 18, 9, -0.364812
5, 18, 10, -0.260759
5, 18, 11, 0.008888
5, 18, 12, 0.441813
5, 18, 13, 1.021584
5, 18, 14, 1.572083
5, 18, 15, 2.253834
5, 18, 16, 100.000000
5, 18, 17, 100.000000
5, 18, 18, 100.000000
5, 18, 19, 100.000000
5, 18, 20, 100.000000
5, 18, 21, 100.000000
5, 18, 22, 100.000000
5, 18, 23, 100.000000
5, 18, 24, 100.000000
5, 18, 25, 100.000000
5, 18, 26, 100.000000
5, 18, 27, 100.000000
5, 18, 28, 100.000000
5, 18, 29, 100.000000
5, 18, 30, 100.000000
5, 18, 31, 100.000000
5, 18, 32, 100.000000
5, 18, 33, 100.000000
5, 18, 34, 100.000000
5, 19, 0, 0.429296
5, 19, 1, -0.132328
5, 19, 2, -0.473535
5, 19, 3, -0.437694
5, 19, 4, -0.485146
5, 19, 5, -0.461329
5, 19, 6, -0.427703
5, 19, 7, -0.449461
5, 19, 8, -0.412797
5, 19, 9, -0.365183
5, 19, 10, -0.293948
5, 19, 11, -0.049723
5, 19, 12, 0.388141
5, 19, 13, 0.950519
5, 19, 14, 1.395872
5, 19, 15, 2.004985
5, 19, 16, 100.000000
5, 19, 17, 100.000000
5, 19, 18, 100.000000
5, 19, 19, 100.000000
5, 19, 20, 100.000000
5, 19, 21, 100.000000
5, 19, 22, 100.000000
5, 19, 23, 100.000000
5, 19, 24, 100.000000
5, 19, 25, 100.000000
5, 19, 26, 100.000000
5, 19, 27, 100.000000
5, 19, 28, 100.000000
5, 19, 29, 100.000000
5, 19, 30, 100.000000
5, 19, 31, 100.000000
5, 19, 32, 100.000000
5, 19, 33, 100.000000
5, 19, 34, 100.000000
5, 20, 0, 0.412138
5, 20, 1, -0.151837
5, 20, 2, -0.462377
5, 20, 3, -0.459953
5, 20, 4, -0.487847
5, 20, 5, -0.441473
5, 20, 6, -0.430926
5, 20, 7, -0.448612
5, 20, 8, -0.422825
5, 20, 9, -0.353196
5, 20, 10, -0.242451
5, 20, 11, 0.007497
5, 20, 12, 0.452815
5, 20, 13, 0.999913
5, 20, 14, 1.440144
5, 20, 15, 2.139375
5, 20, 16, 100.000000
5, 20, 17, 100.000000
5, 20, 18, 100.000000
5, 20, 19, 100.000000
5, 20, 20, 100.000000
5, 20, 21, 100.000000
5, 20, 22, 100.000000
5, 20, 23, 100.000000
5, 20, 24, 100.000000
5, 20, 25, 100.000000
5, 20, 26, 100.000000
5, 20, 27, 100.000000
5, 20, 28, 100.000000
5, 20, 29, 100.000000
5, 20, 30, 100.000000
5, 20, 31, 100.000000
5, 20, 32, 100.000000
5, 20, 33, 100.000000
5, 20, 34, 100.000000
5, 21, 0, 0.405114
5, 21, 1, -0.160309
5, 21, 2, -0.475257
5, 21, 3, -0.472658
5, 21, 4, -0.466823
5, 21, 5, -0.449200
5, 21, 6, -0.440115
5, 21, 7, -0.450903
5, 21, 8, -0.412796
5, 21, 9, -0.349607
5, 21, 10, -0.210555
5, 21, 11, 0.065441
5, 21, 12, 0.517298
5, 21, 13, 1.048173
5, 21, 14, 1.651731
5, 21, 15, 100.000000
5, 21, 16, 100.000000
5, 21, 17, 100.000000
5, 21, 18, 100.000000
5, 21, 19, 100.000000
5, 21, 20, 100.000000
5, 21, 21, 100.000000
5, 21, 22, 100.000000
5, 21, 23, 100.000000
5, 21, 24, 100.000000
5, 21, 25, 100.000000
5, 21, 26, 100.000000
5, 21, 27, 100.000000
5, 21, 28, 100.000000
5, 21, 29, 100.000000
5, 21, 30, 100.000000
5, 21, 31, 100.000000
5, 21, 32, 100.000000
5, 21, 33, 100.000000
5, 21, 34, 100.000000
5, 22, 0, 0.415104
5, 22, 1, -0.147651
5, 22, 2, -0.445143
5, 22, 3, -0.469070
5, 22, 4, -0.462307
5, 22, 5, -0.459144
5, 22, 6, -0.443670
5, 22, 7, -0.442339
5, 22, 8, -0.423506
5, 22, 9, -0.359347
5, 22, 10, -0.204753
5, 22, 11, 0.100701
5, 22, 12, 0.568594
5, 22, 13, 1.153140
5, 22, 14, 1.878031
5, 22, 15, 100.000000
5, 22, 16, 100.000000
5, 22, 17, 100.000000
5, 22, 18, 100.000000
5, 22, 19, 100.000000
5, 22, 20, 100.000000
5, 22, 21, 100.000000
5, 22, 22, 100.000000
5, 22, 23, 100.000000
5, 22, 24, 100.000000
5, 22, 25, 100.000000
5, 22, 26, 100.000000
5, 22, 27, 100.000000
5, 22, 28, 100.000000
5, 22, 29, 100.000000
5, 22, 30, 100.000000
5, 22, 31, 100.000000
5, 22, 32, 100.000000
5, 22, 33, 100.000000
5, 22, 34, 100.000000
5, 23, 0, 0.418623
5, 23, 1, -0.147422
5, 23, 2, -0.453194
5, 23, 3, -0.463870
5, 23, 4, -0.457228
5, 23, 5, -0.456226
5, 23, 6, -0.428991
5, 23, 7, -0.426918
5, 23, 8, -0.452109
5, 23, 9, -0.380353
5, 23, 10, -0.197758
5, 23, 11, 0.143536
5, 23, 12, 0.614148
5, 23, 13, 1.269786
5, 23, 14, 2.146590
5, 23, 15, 100.000000
5, 23, 16, 100.000000
5, 23, 17, 100.000000
5, 23, 18, 100.000000
5, 23, 19, 100.000000
5, 23, 20, 100.000000
5, 23, 21, 100.000000
5, 23, 22, 100.000000
5, 23, 23, 100.000000
5, 23, 24, 100.000000
5, 23, 25, 100.000000
5, 23, 26, 100.000000
5, 23, 27, 100.000000
5, 23, 28, 100.000000
5, 23, 29, 100.000000
5, 23, 30, 100.000000
5, 23, 31, 100.000000
5, 23, 32, 100.000000
5, 23, 33, 100.000000
5, 23, 34, 100.000000
5, 24, 0, 0.421670
5, 24, 1, -0.149041
5, 24, 2, -0.459191
5, 24, 3, -0.478616
5, 24, 4, -0.442181
5, 24, 5, -0.449233
5, 24, 6, -0.435676
5, 24, 7, -0.457449
5, 24, 8, -0.489227
5, 24, 9, -0.403483
5, 24, 10, -0.189004
5, 24, 11, 0.182313
5, 24, 12, 0.671201
5, 24, 13, 1.317524
5, 24, 14, 2.181782
5, 24, 15, 100.000000
5, 24, 16, 100.000000
5, 24, 17, 100.000000
5, 24, 18, 100.000000
5, 24, 19, 100.000000
5, 24, 20, 100.000000
5, 24, 21, 100.000000
5, 24, 22, 100.000000
5, 24, 23, 100.000000
5, 24, 24, 100.000000
5, 24, 25, 100.000000
5, 24, 26, 100.000000
5, 24, 27, 100.000000
5, 24, 28, 100.000000
5, 24, 29, 100.000000
5, 24, 30, 100.000000
5, 24, 31, 100.000000
5, 24, 32, 100.000000
5, 24, 33, 100.000000
5, 24, 34, 100.000000
5, 25, 0, 0.419835
5, 25, 1, -0.156047
5, 25, 2, -0.451116
5, 25, 3, -0.480200
5, 25, 4, -0.427562
5, 25, 5, -0.425748
5, 25, 6, -0.426145
5, 25, 7, -0.452227
5, 25, 8, -0.454852
5, 25, 9, -0.481124
5, 25, 10, -0.247271
5, 25, 11, 0.146894
5, 25, 12, 0.635355
5, 25, 13, 1.233411
5, 25, 14, 1.916921
5, 25, 15, 100.000000
5, 25, 16, 100.000000
5, 25, 17, 100.000000
5, 25, 18, 100.000000
5, 25, 19, 100.000000
5, 25, 20, 100.000000
5, 25, 21, 100.000000
5, 25, 22, 100.000000
5, 25, 23, 100.000000
5, 25, 24, 100.000000
5, 25, 25, 100.000000
5, 25, 26, 100.000000
5, 25, 27, 100.000000
5, 25, 28, 100.000000
5, 25, 29, 100.000000
5, 25, 30, 100.000000
5, 25, 31, 100.000000
5, 25, 32, 100.000000
5, 25, 33, 100.000000
5, 25, 34, 100.000000
5, 26, 0, 0.402273
5, 26, 1, -0.170088
5, 26, 2, -0.445565
5, 26, 3, -0.444573
5, 26, 4, -0.420412
5, 26, 5, -0.399208
5, 26, 6, -0.419289
5, 26, 7, -0.434798
5, 26, 8, -0.426530
5, 26, 9, -0.399138
5, 26, 10, -0.265050
5, 26, 11, 0.106102
5, 26, 12, 0.558648
5, 26, 13, 1.083684
5, 26, 14, 1.710882
5, 26, 15, 100.000000
5, 26, 16, 100.000000
5, 26, 17, 100.000000
5, 26, 18, 100.000000
5, 26, 19, 100.000000
5, 26, 20, 100.000000
5, 26, 21, 100.000000
5, 26, 22, 100.000000
5, 26, 23, 100.000000
5, 26, 24, 100.000000
5, 26, 25, 100.000000
5, 26, 26, 100.000000
5, 26, 27, 100.000000
5, 26, 28, 100.000000
5, 26, 29, 100.000000
5, 26, 30, 100.000000
5, 26, 31, 100.000000
5, 26, 32, 100.000000
5, 26, 33, 100.000000
5, 26, 34, 100.000000
5, 27, 0, 0.364018
5, 27, 1, -0.187439
5, 27, 2, -0.462969
5, 27, 3, -0.425606
5, 27, 4, -0.436187
5, 27, 5, -0.412503
5, 27, 6, -0.432872
5, 27, 7, -0.451265
5, 27, 8, -0.439323
5, 27, 9, -0.387402
5, 27, 10, -0.202480
5, 27, 11, 0.131906
5, 27, 12, 0.535448
5, 27, 13, 1.035112
5, 27, 14, 1.714665
5, 27, 15, 100.000000
5, 27, 16, 100.000000
5, 27, 17, 100.000000
5, 27, 18, 100.000000
5, 27, 19, 100.000000
5, 27, 20, 100.000000
5, 27, 21, 100.000000
5, 27, 22, 100.000000
5, 27, 23, 100.000000
5, 27, 24, 100.000000
5, 27, 25, 100.000000
5, 27, 26, 100.000000
5, 27, 27, 100.000000
5, 27, 28, 100.000000
5, 27, 29, 100.000000
5, 27, 30, 100.000000
5, 27, 31, 100.000000
5, 27, 32, 100.000000
5, 27, 33, 100.000000
5, 27, 34, 100.000000
5, 28, 0, 0.366591
5, 28, 1, -0.184137
5, 28, 2, -0.424769
5, 28, 3, -0.409249
5, 28, 4, -0.421234
5, 28, 5, -0.406755
5, 28, 6, -0.410821
5, 28, 7, -0.427720
5, 28, 8, -0.389977
5, 28, 9, -0.328026
5, 28, 10, -0.160174
5, 28, 11, 0.122607
5, 28, 12, 0.504424
5, 28, 13, 1.058674
5, 28, 14, 1.848865
5, 28, 15, 100.000000
5, 28, 16, 100.000000
5, 28, 17, 100.000000
5, 28, 18, 100.000000
5, 28, 19, 100.000000
5, 28, 20, 100.000000
5, 28, 21, 100.000000
5, 28, 22, 100.000000
5, 28, 23, 100.000000
5, 28, 24, 100.000000
5, 28, 25, 100.000000
5, 28, 26, 100.000000
5, 28, 27, 100.000000
5, 28, 28, 100.000000
5, 28, 29, 100.000000
5, 28, 30, 100.000000
5, 28, 31, 100.000000
5, 28, 32, 100.000000
5, 28, 33, 100.000000
5, 28, 34, 100.000000
5, 29, 0, 0.462608
5, 29, 1, -0.006504
5, 29, 2, -0.132037
5, 29, 3, -0.130901
5, 29, 4, -0.123816
5, 29, 5, -0.136077
5, 29, 6, -0.155863
5, 29, 7, -0.152654
5, 29, 8, -0.130409
5, 29, 9, -0.096448
5, 29, 10, -0.001413
5, 29, 11, 0.203671
5, 29, 12, 0.536704
5, 29, 13, 1.090305
5, 29, 14, 1.899108
5, 29, 15, 100.000000
5, 29, 16, 100.000000
5, 29, 17, 100.000000
5, 29, 18, 100.000000
5, 29, 19, 100.000000
5, 29, 20, 100.000000
5, 29, 21, 100.000000
5, 29, 22, 100.000000
5, 29, 23, 100.000000
5, 29, 24, 100.000000
5, 29, 25, 100.000000
5, 29, 26, 100.000000
5, 29, 27, 100.000000
5, 29, 28, 100.000000
5, 29, 29, 100.000000
5, 29, 30, 100.000000
5, 29, 31, 100.000000
5, 29, 32, 100.000000
5, 29, 33, 100.000000
5, 29, 34, 100.000000
6, 0, 0, 0.744306
6, 0, 1, 0.502171
6, 0, 2, 0.464108
6, 0, 3, 0.455258
6, 0, 4, 0.432555
6, 0, 5, 0.423477
6, 0, 6, 0.449704
6, 0, 7, 0.495332
6, 0, 8, 0.512967
6, 0, 9, 0.497585
6, 0, 10, 0.508604
6, 0, 11, 0.715235
6, 0, 12, 1.116530
6, 0, 13, 1.626538
6, 0, 14, 100.000000
6, 0, 15, 100.000000
6, 0, 16, 100.000000
6, 0, 17, 100.000000
6, 0, 18, 100.000000
6, 0, 19, 100.000000
6, 0, 20, 100.000000
6, 0, 21, 100.000000
6, 0, 22, 100.000000
6, 0, 23, 100.000000
6, 0, 24, 100.000000
6, 0, 25, 100.000000
6, 0, 26, 100.000000
6, 0, 27, 100.000000
6, 0, 28, 100.000000
6, 0, 29, 100.000000
6, 0, 30, 100.000000
6, 0, 31, 100.000000
6, 0, 32, 100.000000
6, 0, 33, 100.000000
6, 0, 34, 100.000000
6, 1, 0, 0.496806
6, 1, 1, 0.109290
6, 1, 2, -0.044593
6, 1, 3, -0.061848
6, 1, 4, -0.065386
6, 1, 5, -0.079484
6, 1, 6, -0.092537
6, 1, 7, -0.077846
6, 1, 8, -0.051072
6, 1, 9, -0.022425
6, 1, 10, 0.104663
6, 1, 11, 0.473719
6, 1, 12, 1.011208
6, 1, 13, 1.584722
6, 1, 14, 100.000000
6, 1, 15, 100.000000
6, 1, 16, 100.000000
6, 1, 17, 100.000000
6, 1, 18, 100.000000
6, 1, 19, 100.000000
6, 1, 20, 100.000000
6, 1, 21, 100.000000
6, 1, 22, 100.000000
6, 1, 23, 100.000000
6, 1, 24, 100.000000
6, 1, 25, 100.000000
6, 1, 26, 100.000000
6, 1, 27, 100.000000
6, 1, 28, 100.000000
6, 1, 29, 100.000000
6, 1, 30, 100.000000
6, 1, 31, 100.000000
6, 1, 32, 100.000000
6, 1, 33, 100.000000
6, 1, 34, 100.000000
6, 2, 0, 0.408512
6, 2, 1, -0.063370
6, 2, 2, -0.355228
6, 2, 3, -0.415791
6, 2, 4, -0.408966
6, 2, 5, -0.375697
6, 2, 6, -0.357948
6, 2, 7, -0.391189
6, 2, 8, -0.350867
6, 2, 9, -0.266866
6, 2, 10, -0.014936
6, 2, 11, 0.420027
6, 2, 12, 0.970289
6, 2, 13, 1.557914
6, 2, 14, 2.416259
6, 2, 15, 100.000000
6, 2, 16, 100.000000
6, 2, 17, 100.000000
6, 2, 18, 100.000000
6, 2, 19, 100.000000
6, 2, 20, 100.000000
6, 2, 21, 100.000000
6, 2, 22, 100.000000
6, 2, 23, 100.000000
6, 2, 24, 100.000000
6, 2, 25, 100.000000
6, 2, 26, 100.000000
6, 2, 27, 100.000000
6, 2, 28, 100.000000
6, 2, 29, 100.000000
6, 2, 30, 100.000000
6, 2, 31, 100.000000
6, 2, 32, 100.000000
6, 2, 33, 100.000000
6, 2, 34, 100.000000
6, 3, 0, 0.385193
6, 3, 1, -0.122539
6, 3, 2, -0.438694
6, 3, 3, -0.467512
6, 3, 4, -0.466399
6, 3, 5, -0.416995
6, 3, 6, -0.382457
6, 3, 7, -0.449768
6, 3, 8, -0.417936
6, 3, 9, -0.313445
6, 3, 10, -0.052884
6, 3, 11, 0.352120
6, 3, 12, 0.896144
6, 3, 13, 1.574172
6, 3, 14, 2.377606
6, 3, 15, 100.000000
6, 3, 16, 100.000000
6, 3, 17, 100.000000
6, 3, 18, 100.000000
6, 3, 19, 100.000000
6, 3, 20, 100.000000
6, 3, 21, 100.000000
6, 3, 22, 100.000000
6, 3, 23, 100.000000
6, 3, 24, 100.000000
6, 3, 25, 100.000000
6, 3, 26, 100.000000
6, 3, 27, 100.000000
6, 3, 28, 100.000000
6, 3, 29, 100.000000
6, 3, 30, 100.000000
6, 3, 31, 100.000000
6, 3, 32, 100.000000
6, 3, 33, 100.000000
6, 3, 34, 100.000000
6, 4, 0, 0.398082
6, 4, 1, -0.145967
6, 4, 2, -0.459725
6, 4, 3, -0.478294
6, 4, 4, -0.471472
6, 4, 5, -0.420175
6, 4, 6, -0.413882
6, 4, 7, -0.454228
6, 4, 8, -0.425567
6, 4, 9, -0.290851
6, 4, 10, -0.036170
6, 4, 11, 0.349595
6, 4, 12, 0.879021
6, 4, 13, 1.649877
6, 4, 14, 100.000000
6, 4, 15, 100.000000
6, 4, 16, 100.000000
6, 4, 17, 100.000000
6, 4, 18, 100.000000
6, 4, 19, 100.000000
6, 4, 20, 100.000000
6, 4, 21, 100.000000
6, 4, 22, 100.000000
6, 4, 23, 100.000000
6, 4, 24, 100.000000
6, 4, 25, 100.000000
6, 4, 26, 100.000000
6, 4, 27, 100.000000
6, 4, 28, 100.000000
6, 4, 29, 100.000000
6, 4, 30, 100.000000
6, 4, 31, 100.000000
6, 4, 32, 100.000000
6, 4, 33, 100.000000
6, 4, 34, 100.000000
6, 5, 0, 0.399858
6, 5, 1, -0.164756
6, 5, 2, -0.475049
6, 5, 3, -0.467585
6, 5, 4, -0.472652
6, 5, 5, -0.433308
6, 5, 6, -0.447395
6, 5, 7, -0.457473
6, 5, 8, -0.409915
6, 5, 9, -0.274786
6, 5, 10, -0.018914
6, 5, 11, 0.408795
6, 5, 12, 0.954094
6, 5, 13, 1.656936
6, 5, 14, 100.000000
6, 5, 15, 100.000000
6, 5, 16, 100.000000
6, 5, 17, 100.000000
6, 5, 18, 100.000000
6, 5, 19, 100.000000
6, 5, 20, 100.000000
6, 5, 21, 100.000000
6, 5, 22, 100.000000
6, 5, 23, 100.000000
6, 5, 24, 100.000000
6, 5, 25, 100.000000
6, 5, 26, 100.000000
6, 5, 27, 100.000000
6, 5, 28, 100.000000
6, 5, 29, 100.000000
6, 5, 30, 100.000000
6, 5, 31, 100.000000
6, 5, 32, 100.000000
6, 5, 33, 100.000000
6, 5, 34, 100.000000
6, 6, 0, 0.400912
6, 6, 1, -0.181676
6, 6, 2, -0.474116
6, 6, 3, -0.471508
6, 6, 4, -0.458533
6, 6, 5, -0.462276
6, 6, 6, -0.459708
6, 6, 7, -0.450527
6, 6, 8, -0.400713
6, 6, 9, -0.303466
6, 6, 10, -0.060492
6, 6, 11, 0.422606
6, 6, 12, 1.019538
6, 6, 13, 1.649811
6, 6, 14, 100.000000
6, 6, 15, 100.000000
6, 6, 16, 100.000000
6, 6, 17, 100.000000
6, 6, 18, 100.000000
6, 6, 19, 100.000000
6, 6, 20, 100.000000
6, 6, 21, 100.000000
6, 6, 22, 100.000000
6, 6, 23, 100.000000
6, 6, 24, 100.000000
6, 6, 25, 100.000000
6, 6, 26, 100.000000
6, 6, 27, 100.000000
6, 6, 28, 100.000000
6, 6, 29, 100.000000
6, 6, 30, 100.000000
6, 6, 31, 100.000000
6, 6, 32, 100.000000
6, 6, 33, 100.000000
6, 6, 34, 100.000000
6, 7, 0, 0.403498
6, 7, 1, -0.177480
6, 7, 2, -0.481815
6, 7, 3, -0.492238
6, 7, 4, -0.483663
6, 7, 5, -0.478110
6, 7, 6, -0.487794
6, 7, 7, -0.476742
6, 7, 8, -0.398951
6, 7, 9, -0.327033
6, 7, 10, -0.131407
6, 7, 11, 0.328589
6, 7, 12, 0.936725
6, 7, 13, 1.674503
6, 7, 14, 100.000000
6, 7, 15, 100.000000
6, 7, 16, 100.000000
6, 7, 17, 100.000000
6, 7, 18, 100.000000
6, 7, 19, 100.000000
6, 7, 20, 100.000000
6, 7, 21, 100.000000
6, 7, 22, 100.000000
6, 7, 23, 100.000000
6, 7, 24, 100.000000
6, 7, 25, 100.000000
6, 7, 26, 100.000000
6, 7, 27, 100.000000
6, 7, 28, 100.000000
6, 7, 29, 100.000000
6, 7, 30, 100.000000
6, 7, 31, 100.000000
6, 7, 32, 100.000000
6, 7, 33, 100.000000
6, 7, 34, 100.000000
6, 8, 0, 0.410155
6, 8, 1, -0.149707
6, 8, 2, -0.441588
6, 8, 3, -0.477894
6, 8, 4, -0.482120
6, 8, 5, -0.495971
6, 8, 6, -0.465266
6, 8, 7, -0.453791
6, 8, 8, -0.406304
6, 8, 9, -0.325970
6, 8, 10, -0.130932
6, 8, 11, 0.269187
6, 8, 12, 0.860127
6, 8, 13, 1.669042
6, 8, 14, 100.000000
6, 8, 15, 100.000000
6, 8, 16, 100.000000
6, 8, 17, 100.000000
6, 8, 18, 100.000000
6, 8, 19, 100.000000
6, 8, 20, 100.000000
6, 8, 21, 100.000000
6, 8, 22, 100.000000
6, 8, 23, 100.000000
6, 8, 24, 100.000000
6, 8, 25, 100.000000
6, 8, 26, 100.000000
6, 8, 27, 100.000000
6, 8, 28, 100.000000
6, 8, 29, 100.000000
6, 8, 30, 100.000000
6, 8, 31, 100.000000
6, 8, 32, 100.000000
6, 8, 33, 100.000000
6, 8, 34, 100.000000
6, 9, 0, 0.412963
6, 9, 1, -0.140924
6, 9, 2, -0.421839
6, 9, 3, -0.459662
6, 9, 4, -0.461186
6, 9, 5, -0.482253
6, 9, 6, -0.452117
6, 9, 7, -0.431478
6, 9, 8, -0.427451
6, 9, 9, -0.318223
6, 9, 10, -0.109825
6, 9, 11, 0.247251
6, 9, 12, 0.803569
6, 9, 13, 1.487959
6, 9, 14, 2.477675
6, 9, 15, 100.000000
6, 9, 16, 100.000000
6, 9, 17, 100.000000
6, 9, 18, 100.000000
6, 9, 19, 100.000000
6, 9, 20, 100.000000
6, 9, 21, 100.000000
6, 9, 22, 100.000000
6, 9, 23, 100.000000
6, 9, 24, 100.000000
6, 9, 25, 100.000000
6, 9, 26, 100.000000
6, 9, 27, 100.000000
6, 9, 28, 100.000000
6, 9, 29, 100.000000
6, 9, 30, 100.000000
6, 9, 31, 100.000000
6, 9, 32, 100.000000
6, 9, 33, 100.000000
6, 9, 34, 100.000000
6, 10, 0, 0.415066
6, 10, 1, -0.147255
6, 10, 2, -0.435396
6, 10, 3, -0.486057
6, 10, 4, -0.468522
6, 10, 5, -0.460653
6, 10, 6, -0.454898
6, 10, 7, -0.446431
6, 10, 8, -0.447508
6, 10, 9, -0.331060
6, 10, 10, -0.114081
6, 10, 11, 0.235543
6, 10, 12, 0.770856
6, 10, 13, 1.366041
6, 10, 14, 2.046582
6, 10, 15, 100.000000
6, 10, 16, 100.000000
6, 10, 17, 100.000000
6, 10, 18, 100.000000
6, 10, 19, 100.000000
6, 10, 20, 100.000000
6, 10, 21, 100.000000
6, 10, 22, 100.000000
6, 10, 23, 100.000000
6, 10, 24, 100.000000
6, 10, 25, 100.000000
6, 10, 26, 100.000000
6, 10, 27, 100.000000
6, 10, 28, 100.000000
6, 10, 29, 100.000000
6, 10, 30, 100.000000
6, 10, 31, 100.000000
6, 10, 32, 100.000000
6, 10, 33, 100.000000
6, 10, 34, 100.000000
6, 11, 0, 0.396904
6, 11, 1, -0.161811
6, 11, 2, -0.449624
6, 11, 3, -0.461528
6, 11, 4, -0.464202
6, 11, 5, -0.462688
6, 11, 6, -0.448442
6, 11, 7, -0.464442
6, 11, 8, -0.453538
6, 11, 9, -0.372156
6, 11, 10, -0.179792
6, 11, 11, 0.187694
6, 11, 12, 0.728375
6, 11, 13, 1.331152
6, 11, 14, 2.215356
6, 11, 15, 100.000000
6, 11, 16, 100.000000
6, 11, 17, 100.000000
6, 11, 18, 100.000000
6, 11, 19, 100.000000
6, 11, 20, 100.000000
6, 11, 21, 100.000000
6, 11, 22, 100.000000
6, 11, 23, 100.000000
6, 11, 24, 100.000000
6, 11, 25, 100.000000
6, 11, 26, 100.000000
6, 11, 27, 100.000000
6, 11, 28, 100.000000
6, 11, 29, 100.000000
6, 11, 30, 100.000000
6, 11, 31, 100.000000
6, 11, 32, 100.000000
6, 11, 33, 100.000000
6, 11, 34, 100.000000
6, 12, 0, 0.385660
6, 12, 1, -0.147367
6, 12, 2, -0.442937
6, 12, 3, -0.470267
6, 12, 4, -0.470731
6, 12, 5, -0.463852
6, 12, 6, -0.457107
6, 12, 7, -0.450857
6, 12, 8, -0.446323
6, 12, 9, -0.389177
6, 12, 10, -0.203376
6, 12, 11, 0.171837
6, 12, 12, 0.735944
6, 12, 13, 1.324714
6, 12, 14, 1.921067
6, 12, 15, 100.000000
6, 12, 16, 100.000000
6, 12, 17, 100.000000
6, 12, 18, 100.000000
6, 12, 19, 100.000000
6, 12, 20, 100.000000
6, 12, 21, 100.000000
6, 12, 22, 100.000000
6, 12, 23, 100.000000
6, 12, 24, 100.000000
6, 12, 25, 100.000000
6, 12, 26, 100.000000
6, 12, 27, 100.000000
6, 12, 28, 100.000000
6, 12, 29, 100.000000
6, 12, 30, 100.000000
6, 12, 31, 100.000000
6, 12, 32, 100.000000
6, 12, 33, 100.000000
6, 12, 34, 100.000000
6, 13, 0, 0.398953
6, 13, 1, -0.119163
6, 13, 2, -0.428626
6, 13, 3, -0.467682
6, 13, 4, -0.476693
6, 13, 5, -0.464867
6, 13, 6, -0.450016
6, 13, 7, -0.443726
6, 13, 8, -0.442896
6, 13, 9, -0.376111
6, 13, 10, -0.188109
6, 13, 11, 0.197615
6, 13, 12, 0.746512
6, 13, 13, 1.324293
6, 13, 14, 1.988535
6, 13, 15, 100.000000
6, 13, 16, 100.000000
6, 13, 17, 100.000000
6, 13, 18, 100.000000
6, 13, 19, 100.000000
6, 13, 20, 100.000000
6, 13, 21, 100.000000
6, 13, 22, 100.000000
6, 13, 23, 100.000000
6, 13, 24, 100.000000
6, 13, 25, 100.000000
6, 13, 26, 100.000000
6, 13, 27, 100.000000
6, 13, 28, 100.000000
6, 13, 29, 100.000000
6, 13, 30, 100.000000
6, 13, 31, 100.000000
6, 13, 32, 100.000000
6, 13, 33, 100.000000
6, 13, 34, 100.000000
6, 14, 0, 0.404396
6, 14, 1, -0.103801
6, 14, 2, -0.439370
6, 14, 3, -0.471050
6, 14, 4, -0.463285
6, 14, 5, -0.462910
6, 14, 6, -0.457616
6, 14, 7, -0.469909
6, 14, 8, -0.434074
6, 14, 9, -0.407892
6, 14, 10, -0.216300
6, 14, 11, 0.199818
6, 14, 12, 0.738766
6, 14, 13, 1.379857
6, 14, 14, 2.128127
6, 14, 15, 100.000000
6, 14, 16, 100.000000
6, 14, 17, 100.000000
6, 14, 18, 100.000000
6, 14, 19, 100.000000
6, 14, 20, 100.000000
6, 14, 21, 100.000000
6, 14, 22, 100.000000
6, 14, 23, 100.000000
6, 14, 24, 100.000000
6, 14, 25, 100.000000
6, 14, 26, 100.000000
6, 14, 27, 100.000000
6, 14, 28, 100.000000
6, 14, 29, 100.000000
6, 14, 30, 100.000000
6, 14, 31, 100.000000
6, 14, 32, 100.000000
6, 14, 33, 100.000000
6, 14, 34, 100.000000
6, 15, 0, 0.412983
6, 15, 1, -0.102539
6, 15, 2, -0.451771
6, 15, 3, -0.476563
6, 15, 4, -0.469519
6, 15, 5, -0.447236
6, 15, 6, -0.448663
6, 15, 7, -0.484483
6, 15, 8, -0.446189
6, 15, 9, -0.425634
6, 15, 10, -0.277253
6, 15, 11, 0.122451
6, 15, 12, 0.646695
6, 15, 13, 1.296147
6, 15, 14, 2.001811
6, 15, 15, 100.000000
6, 15, 16, 100.000000
6, 15, 17, 100.000000
6, 15, 18, 100.000000
6, 15, 19, 100.000000
6, 15, 20, 100.000000
6, 15, 21, 100.000000
6, 15, 22, 100.000000
6, 15, 23, 100.000000
6, 15, 24, 100.000000
6, 15, 25, 100.000000
6, 15, 26, 100.000000
6, 15, 27, 100.000000
6, 15, 28, 100.000000
6, 15, 29, 100.000000
6, 15, 30, 100.000000
6, 15, 31, 100.000000
6, 15, 32, 100.000000
6, 15, 33, 100.000000
6, 15, 34, 100.000000
6, 16, 0, 0.427415
6, 16, 1, -0.116930
6, 16, 2, -0.466058
6, 16, 3, -0.463955
6, 16, 4, -0.469561
6, 16, 5, -0.457437
6, 16, 6, -0.456968
6, 16, 7, -0.481901
6, 16, 8, -0.437917
6, 16, 9, -0.399381
6, 16, 10, -0.260840
6, 16, 11, 0.074760
6, 16, 12, 0.568674
6, 16, 13, 1.178461
6, 16, 14, 1.791351
6, 16, 15, 100.000000
6, 16, 16, 100.000000
6, 16, 17, 100.000000
6, 16, 18, 100.000000
6, 16, 19, 100.000000
6, 16, 20, 100.000000
6, 16, 21, 100.000000
6, 16, 22, 100.000000
6, 16, 23, 100.000000
6, 16, 24, 100.000000
6, 16, 25, 100.000000
6, 16, 26, 100.000000
6, 16, 27, 100.000000
6, 16, 28, 100.000000
6, 16, 29, 100.000000
6, 16, 30, 100.000000
6, 16, 31, 100.000000
6, 16, 32, 100.000000
6, 16, 33, 100.000000
6, 16, 34, 100.000000
6, 17, 0, 0.417351
6, 17, 1, -0.144448
6, 17, 2, -0.467655
6, 17, 3, -0.476599
6, 17, 4, -0.495660
6, 17, 5, -0.474827
6, 17, 6, -0.451090
6, 17, 7, -0.473689
6, 17, 8, -0.423925
6, 17, 9, -0.374752
6, 17, 10, -0.236612
6, 17, 11, 0.063428
6, 17, 12, 0.541129
6, 17, 13, 1.140153
6, 17, 14, 1.727256
6, 17, 15, 100.000000
6, 17, 16, 100.000000
6, 17, 17, 100.000000
6, 17, 18, 100.000000
6, 17, 19, 100.000000
6, 17, 20, 100.000000
6, 17, 21, 100.000000
6, 17, 22, 100.000000
6, 17, 23, 100.000000
6, 17, 24, 100.000000
6, 17, 25, 100.000000
6, 17, 26, 100.000000
6, 17, 27, 100.000000
6, 17, 28, 100.000000
6, 17, 29, 100.000000
6, 17, 30, 100.000000
6, 17, 31, 100.000000
6, 17, 32, 100.000000
6, 17, 33, 100.000000
6, 17, 34, 100.000000
6, 18, 0, 0.405359
6, 18, 1, -0.161835
6, 18, 2, -0.446615
6, 18, 3, -0.438454
6, 18, 4, -0.456218
6, 18, 5, -0.461118
6, 18, 6, -0.430806
6, 18, 7, -0.453926
6, 18, 8, -0.432699
6, 18, 9, -0.365856
6, 18, 10, -0.227384
6, 18, 11, 0.088165
6, 18, 12, 0.555184
6, 18, 13, 1.178737
6, 18, 14, 1.770296
6, 18, 15, 100.000000
6, 18, 16, 100.000000
6, 18, 17, 100.000000
6, 18, 18, 100.000000
6, 18, 19, 100.000000
6, 18, 20, 100.000000
6, 18, 21, 100.000000
6, 18, 22, 100.000000
6, 18, 23, 100.000000
6, 18, 24, 100.000000
6, 18, 25, 100.000000
6, 18, 26, 100.000000
6, 18, 27, 100.000000
6, 18, 28, 100.000000
6, 18, 29, 100.000000
6, 18, 30, 100.000000
6, 18, 31, 100.000000
6, 18, 32, 100.000000
6, 18, 33, 100.000000
6, 18, 34, 100.000000
6, 19, 0, 0.408814
6, 19, 1, -0.162627
6, 19, 2, -0.461192
6, 19, 3, -0.420737
6, 19, 4, -0.457044
6, 19, 5, -0.449708
6, 19, 6, -0.406956
6, 19, 7, -0.429699
6, 19, 8, -0.431203
6, 19, 9, -0.380261
6, 19, 10, -0.251628
6, 19, 11, 0.059049
6, 19, 12, 0.536638
6, 19, 13, 1.153744
6, 19, 14, 1.729425
6, 19, 15, 2.452375
6, 19, 16, 100.000000
6, 19, 17, 100.000000
6, 19, 18, 100.000000
6, 19, 19, 100.000000
6, 19, 20, 100.000000
6, 19, 21, 100.000000
6, 19, 22, 100.000000
6, 19, 23, 100.000000
6, 19, 24, 100.000000
6, 19, 25, 100.000000
6, 19, 26, 100.000000
6, 19, 27, 100.000000
6, 19, 28, 100.000000
6, 19, 29, 100.000000
6, 19, 30, 100.000000
6, 19, 31, 100.000000
6, 19, 32, 100.000000
6, 19, 33, 100.000000
6, 19, 34, 100.000000
6, 20, 0, 0.405205
6, 20, 1, -0.174159
6, 20, 2, -0.475703
6, 20, 3, -0.429309
6, 20, 4, -0.455085
6, 20, 5, -0.428082
6, 20, 6, -0.412261
6, 20, 7, -0.449362
6, 20, 8, -0.459060
6, 20, 9, -0.351011
6, 20, 10, -0.191275
6, 20, 11, 0.089846
6, 20, 12, 0.561729
6, 20, 13, 1.157186
6, 20, 14, 1.699428
6, 20, 15, 100.000000
6, 20, 16, 100.000000
6, 20, 17, 100.000000
6, 20, 18, 100.000000
6, 20, 19, 100.000000
6, 20, 20, 100.000000
6, 20, 21, 100.000000
6, 20, 22, 100.000000
6, 20, 23, 100.000000
6, 20, 24, 100.000000
6, 20, 25, 100.000000
6, 20, 26, 100.000000
6, 20, 27, 100.000000
6, 20, 28, 100.000000
6, 20, 29, 100.000000
6, 20, 30, 100.000000
6, 20, 31, 100.000000
6, 20, 32, 100.000000
6, 20, 33, 100.000000
6, 20, 34, 100.000000
6, 21, 0, 0.407843
6, 21, 1, -0.179838
6, 21, 2, -0.465386
6, 21, 3, -0.452480
6, 21, 4, -0.450864
6, 21, 5, -0.409144
6, 21, 6, -0.411991
6, 21, 7, -0.475460
6, 21, 8, -0.398859
6, 21, 9, -0.311632
6, 21, 10, -0.178537
6, 21, 11, 0.099209
6, 21, 12, 0.554083
6, 21, 13, 1.155377
6, 21, 14, 1.930910
6, 21, 15, 100.000000
6, 21, 16, 100.000000
6, 21, 17, 100.000000
6, 21, 18, 100.000000
6, 21, 19, 100.000000
6, 21, 20, 100.000000
6, 21, 21, 100.000000
6, 21, 22, 100.000000
6, 21, 23, 100.000000
6, 21, 24, 100.000000
6, 21, 25, 100.000000
6, 21, 26, 100.000000
6, 21, 27, 100.000000
6, 21, 28, 100.000000
6, 21, 29, 100.000000
6, 21, 30, 100.000000
6, 21, 31, 100.000000
6, 21, 32, 100.000000
6, 21, 33, 100.000000
6, 21, 34, 100.000000
6, 22, 0, 0.413304
6, 22, 1, -0.157866
6, 22, 2, -0.457228
6, 22, 3, -0.473559
6, 22, 4, -0.462492
6, 22, 5, -0.417380
6, 22, 6, -0.434665
6, 22, 7, -0.455182
6, 22, 8, -0.392868
6, 22, 9, -0.340831
6, 22, 10, -0.195155
6, 22, 11, 0.104701
6, 22, 12, 0.562656
6, 22, 13, 1.160767
6, 22, 14, 1.837628
6, 22, 15, 100.000000
6, 22, 16, 100.000000
6, 22, 17, 100.000000
6, 22, 18, 100.000000
6, 22, 19, 100.000000
6, 22, 20, 100.000000
6, 22, 21, 100.000000
6, 22, 22, 100.000000
6, 22, 23, 100.000000
6, 22, 24, 100.000000
6, 22, 25, 100.000000
6, 22, 26, 100.000000
6, 22, 27, 100.000000
6, 22, 28, 100.000000
6, 22, 29, 100.000000
6, 22, 30, 100.000000
6, 22, 31, 100.000000
6, 22, 32, 100.000000
6, 22, 33, 100.000000
6, 22, 34, 100.000000
6, 23, 0, 0.402626
6, 23, 1, -0.145898
6, 23, 2, -0.445432
6, 23, 3, -0.482960
6, 23, 4, -0.456698
6, 23, 5, -0.440655
6, 23, 6, -0.451143
6, 23, 7, -0.423714
6, 23, 8, -0.420154
6, 23, 9, -0.359139
6, 23, 10, -0.182612
6, 23, 11, 0.150130
6, 23, 12, 0.604721
6, 23, 13, 1.202089
6, 23, 14, 1.933600
6, 23, 15, 100.000000
6, 23, 16, 100.000000
6, 23, 17, 100.000000
6, 23, 18, 100.000000
6, 23, 19, 100.000000
6, 23, 20, 100.000000
6, 23, 21, 100.000000
6, 23, 22, 100.000000
6, 23, 23, 100.000000
6, 23, 24, 100.000000
6, 23, 25, 100.000000
6, 23, 26, 100.000000
6, 23, 27, 100.000000
6, 23, 28, 100.000000
6, 23, 29, 100.000000
6, 23, 30, 100.000000
6, 23, 31, 100.000000
6, 23, 32, 100.000000
6, 23, 33, 100.000000
6, 23, 34, 100.000000
6, 24, 0, 0.412211
6, 24, 1, -0.151193
6, 24, 2, -0.464038
6, 24, 3, -0.474253
6, 24, 4, -0.444409
6, 24, 5, -0.469231
6, 24, 6, -0.456954
6, 24, 7, -0.431662
6, 24, 8, -0.457056
6, 24, 9, -0.395463
6, 24, 10, -0.194747
6, 24, 11, 0.171845
6, 24, 12, 0.634752
6, 24, 13, 1.219805
6, 24, 14, 1.962387
6, 24, 15, 100.000000
6, 24, 16, 100.000000
6, 24, 17, 100.000000
6, 24, 18, 100.000000
6, 24, 19, 100.000000
6, 24, 20, 100.000000
6, 24, 21, 100.000000
6, 24, 22, 100.000000
6, 24, 23, 100.000000
6, 24, 24, 100.000000
6, 24, 25, 100.000000
6, 24, 26, 100.000000
6, 24, 27, 100.000000
6, 24, 28, 100.000000
6, 24, 29, 100.000000
6, 24, 30, 100.000000
6, 24, 31, 100.000000
6, 24, 32, 100.000000
6, 24, 33, 100.000000
6, 24, 34, 100.000000
6, 25, 0, 0.421224
6, 25, 1, -0.167645
6, 25, 2, -0.473411
6, 25, 3, -0.483805
6, 25, 4, -0.425562
6, 25, 5, -0.467483
6, 25, 6, -0.461563
6, 25, 7, -0.454235
6, 25, 8, -0.465252
6, 25, 9, -0.466945
6, 25, 10, -0.247712
6, 25, 11, 0.137836
6, 25, 12, 0.621274
6, 25, 13, 1.194860
6, 25, 14, 1.927803
6, 25, 15, 100.000000
6, 25, 16, 100.000000
6, 25, 17, 100.000000
6, 25, 18, 100.000000
6, 25, 19, 100.000000
6, 25, 20, 100.000000
6, 25, 21, 100.000000
6, 25, 22, 100.000000
6, 25, 23, 100.000000
6, 25, 24, 100.000000
6, 25, 25, 100.000000
6, 25, 26, 100.000000
6, 25, 27, 100.000000
6, 25, 28, 100.000000
6, 25, 29, 100.000000
6, 25, 30, 100.000000
6, 25, 31, 100.000000
6, 25, 32, 100.000000
6, 25, 33, 100.000000
6, 25, 34, 100.000000
6, 26, 0, 0.414059
6, 26, 1, -0.172794
6, 26, 2, -0.469742
6, 26, 3, -0.466787
6, 26, 4, -0.424890
6, 26, 5, -0.438055
6, 26, 6, -0.441891
6, 26, 7, -0.436103
6, 26, 8, -0.447974
6, 26, 9, -0.434175
6, 26, 10, -0.282582
6, 26, 11, 0.099989
6, 26, 12, 0.575889
6, 26, 13, 1.123404
6, 26, 14, 1.721887
6, 26, 15, 100.000000
6, 26, 16, 100.000000
6, 26, 17, 100.000000
6, 26, 18, 100.000000
6, 26, 19, 100.000000
6, 26, 20, 100.000000
6, 26, 21, 100.000000
6, 26, 22, 100.000000
6, 26, 23, 100.000000
6, 26, 24, 100.000000
6, 26, 25, 100.000000
6, 26, 26, 100.000000
6, 26, 27, 100.000000
6, 26, 28, 100.000000
6, 26, 29, 100.000000
6, 26, 30, 100.000000
6, 26, 31, 100.000000
6, 26, 32, 100.000000
6, 26, 33, 100.000000
6, 26, 34, 100.000000
6, 27, 0, 0.392562
6, 27, 1, -0.182663
6, 27, 2, -0.476144
6, 27, 3, -0.451534
6, 27, 4, -0.436194
6, 27, 5, -0.432484
6, 27, 6, -0.446911
6, 27, 7, -0.462484
6, 27, 8, -0.449709
6, 27, 9, -0.413007
6, 27, 10, -0.211680
6, 27, 11, 0.152808
6, 27, 12, 0.617278
6, 27, 13, 1.140274
6, 27, 14, 1.720868
6, 27, 15, 100.000000
6, 27, 16, 100.000000
6, 27, 17, 100.000000
6, 27, 18, 100.000000
6, 27, 19, 100.000000
6, 27, 20, 100.000000
6, 27, 21, 100.000000
6, 27, 22, 100.000000
6, 27, 23, 100.000000
6, 27, 24, 100.000000
6, 27, 25, 100.000000
6, 27, 26, 100.000000
6, 27, 27, 100.000000
6, 27, 28, 100.000000
6, 27, 29, 100.000000
6, 27, 30, 100.000000
6, 27, 31, 100.000000
6, 27, 32, 100.000000
6, 27, 33, 100.000000
6, 27, 34, 100.000000
6, 28, 0, 0.393601
6, 28, 1, -0.178425
6, 28, 2, -0.444748
6, 28, 3, -0.426680
6, 28, 4, -0.409309
6, 28, 5, -0.403624
6, 28, 6, -0.424841
6, 28, 7, -0.442231
6, 28, 8, -0.411879
6, 28, 9, -0.340100
6, 28, 10, -0.171673
6, 28, 11, 0.148179
6, 28, 12, 0.596743
6, 28, 13, 1.111990
6, 28, 14, 1.748601
6, 28, 15, 100.000000
6, 28, 16, 100.000000
6, 28, 17, 100.000000
6, 28, 18, 100.000000
6, 28, 19, 100.000000
6, 28, 20, 100.000000
6, 28, 21, 100.000000
6, 28, 22, 100.000000
6, 28, 23, 100.000000
6, 28, 24, 100.000000
6, 28, 25, 100.000000
6, 28, 26, 100.000000
6, 28, 27, 100.000000
6, 28, 28, 100.000000
6, 28, 29, 100.000000
6, 28, 30, 100.000000
6, 28, 31, 100.000000
6, 28, 32, 100.000000
6, 28, 33, 100.000000
6, 28, 34, 100.000000
6, 29, 0, 0.494458
6, 29, 1, -0.000929
6, 29, 2, -0.137847
6, 29, 3, -0.127178
6, 29, 4, -0.102051
6, 29, 5, -0.114302
6, 29, 6, -0.142729
6, 29, 7, -0.166248
6, 29, 8, -0.151085
6, 29, 9, -0.099063
6, 29, 10, -0.025211
6, 29, 11, 0.200604
6, 29, 12, 0.594721
6, 29, 13, 1.134223
6, 29, 14, 1.822682
6, 29, 15, 100.000000
6, 29, 16, 100.000000
6, 29, 17, 100.000000
6, 29, 18, 100.000000
6, 29, 19, 100.000000
6, 29, 20, 100.000000
6, 29, 21, 100.000000
6, 29, 22, 100.000000
6, 29, 23, 100.000000
6, 29, 24, 100.000000
6, 29, 25, 100.000000
6, 29, 26, 100.000000
6, 29, 27, 100.000000
6, 29, 28, 100.000000
6, 29, 29, 100.000000
6, 29, 30, 100.000000
6, 29, 31, 100.000000
6, 29, 32, 100.000000
6, 29, 33, 100.000000
6, 29, 34, 100.000000
7, 0, 0, 0.710052
7, 0, 1, 0.471610
7, 0, 2, 0.458973
7, 0, 3, 0.474778
7, 0, 4, 0.456364
7, 0, 5, 0.435435
7, 0, 6, 0.446869
7, 0, 7, 0.486525
7, 0, 8, 0.504708
7, 0, 9, 0.488671
7, 0, 10, 0.501769
7, 0, 11, 0.674523
7, 0, 12, 1.081325
7, 0, 13, 1.665802
7, 0, 14, 100.000000
7, 0, 15, 100.000000
7, 0, 16, 100.000000
7, 0, 17, 100.000000
7, 0, 18, 100.000000
7, 0, 19, 100.000000
7, 0, 20, 100.000000
7, 0, 21, 100.000000
7, 0, 22, 100.000000
7, 0, 23, 100.000000
7, 0, 24, 100.000000
7, 0, 25, 100.000000
7, 0, 26, 100.000000
7, 0, 27, 100.000000
7, 0, 28, 100.000000
7, 0, 29, 100.000000
7, 0, 30, 100.000000
7, 0, 31, 100.000000
7, 0, 32, 100.000000
7, 0, 33, 100.000000
7, 0, 34, 100.000000
7, 1, 0, 0.484137
7, 1, 1, 0.102468
7, 1, 2, -0.025245
7, 1, 3, -0.046198
7, 1, 4, -0.061288
7, 1, 5, -0.076978
7, 1, 6, -0.084954
7, 1, 7, -0.066427
7, 1, 8, -0.029859
7, 1, 9, -0.019155
7, 1, 10, 0.075668
7, 1, 11, 0.419639
7, 1, 12, 0.970641
7, 1, 13, 1.657179
7, 1, 14, 100.000000
7, 1, 15, 100.000000
7, 1, 16, 100.000000
7, 1, 17, 100.000000
7, 1, 18, 100.000000
7, 1, 19, 100.000000
7, 1, 20, 100.000000
7, 1, 21, 100.000000
7, 1, 22, 100.000000
7, 1, 23, 100.000000
7, 1, 24, 100.000000
7, 1, 25, 100.000000
7, 1, 26, 100.000000
7, 1, 27, 100.000000
7, 1, 28, 100.000000
7, 1, 29, 100.000000
7, 1, 30, 100.000000
7, 1, 31, 100.000000
7, 1, 32, 100.000000
7, 1, 33, 100.000000
7, 1, 34, 100.000000
7, 2, 0, 0.393704
7, 2, 1, -0.072049
7, 2, 2, -0.337393
7, 2, 3, -0.398579
7, 2, 4, -0.413387
7, 2, 5, -0.364601
7, 2, 6, -0.346519
7, 2, 7, -0.370153
7, 2, 8, -0.324468
7, 2, 9, -0.230015
7, 2, 10, -0.015016
7, 2, 11, 0.392952
7, 2, 12, 0.951924
7, 2, 13, 1.597661
7, 2, 14, 100.000000
7, 2, 15, 100.000000
7, 2, 16, 100.000000
7, 2, 17, 100.000000
7, 2, 18, 100.000000
7, 2, 19, 100.000000
7, 2, 20, 100.000000
7, 2, 21, 100.000000
7, 2, 22, 100.000000
7, 2, 23, 100.000000
7, 2, 24, 100.000000
7, 2, 25, 100.000000
7, 2, 26, 100.000000
7, 2, 27, 100.000000
7, 2, 28, 100.000000
7, 2, 29, 100.000000
7, 2, 30, 100.000000
7, 2, 31, 100.000000
7, 2, 32, 100.000000
7, 2, 33, 100.000000
7, 2, 34, 100.000000
7, 3, 0, 0.390964
7, 3, 1, -0.118647
7, 3, 2, -0.424364
7, 3, 3, -0.452682
7, 3, 4, -0.473727
7, 3, 5, -0.410055
7, 3, 6, -0.385966
7, 3, 7, -0.432291
7, 3, 8, -0.394444
7, 3, 9, -0.262880
7, 3, 10, -0.009253
7, 3, 11, 0.378642
7, 3, 12, 0.952218
7, 3, 13, 1.593620
7, 3, 14, 2.476046
7, 3, 15, 100.000000
7, 3, 16, 100.000000
7, 3, 17, 100.000000
7, 3, 18, 100.000000
7, 3, 19, 100.000000
7, 3, 20, 100.000000
7, 3, 21, 100.000000
7, 3, 22, 100.000000
7, 3, 23, 100.000000
7, 3, 24, 100.000000
7, 3, 25, 100.000000
7, 3, 26, 100.000000
7, 3, 27, 100.000000
7, 3, 28, 100.000000
7, 3, 29, 100.000000
7, 3, 30, 100.000000
7, 3, 31, 100.000000
7, 3, 32, 100.000000
7, 3, 33, 100.000000
7, 3, 34, 100.000000
7, 4, 0, 0.403650
7, 4, 1, -0.132763
7, 4, 2, -0.431226
7, 4, 3, -0.460313
7, 4, 4, -0.477361
7, 4, 5, -0.416357
7, 4, 6, -0.420612
7, 4, 7, -0.452607
7, 4, 8, -0.414239
7, 4, 9, -0.252301
7, 4, 10, 0.002260
7, 4, 11, 0.365024
7, 4, 12, 0.918404
7, 4, 13, 1.636114
7, 4, 14, 2.498966
7, 4, 15, 100.000000
7, 4, 16, 100.000000
7, 4, 17, 100.000000
7, 4, 18, 100.000000
7, 4, 19, 100.000000
7, 4, 20, 100.000000
7, 4, 21, 100.000000
7, 4, 22, 100.000000
7, 4, 23, 100.000000
7, 4, 24, 100.000000
7, 4, 25, 100.000000
7, 4, 26, 100.000000
7, 4, 27, 100.000000
7, 4, 28, 100.000000
7, 4, 29, 100.000000
7, 4, 30, 100.000000
7, 4, 31, 100.000000
7, 4, 32, 100.000000
7, 4, 33, 100.000000
7, 4, 34, 100.000000
7, 5, 0, 0.412077
7, 5, 1, -0.152713
7, 5, 2, -0.453432
7, 5, 3, -0.454554
7, 5, 4, -0.464305
7, 5, 5, -0.435684
7, 5, 6, -0.442552
7, 5, 7, -0.458499
7, 5, 8, -0.407919
7, 5, 9, -0.250994
7, 5, 10, -0.003973
7, 5, 11, 0.413281
7, 5, 12, 0.956457
7, 5, 13, 1.604349
7, 5, 14, 100.000000
7, 5, 15, 100.000000
7, 5, 16, 100.000000
7, 5, 17, 100.000000
7, 5, 18, 100.000000
7, 5, 19, 100.000000
7, 5, 20, 100.000000
7, 5, 21, 100.000000
7, 5, 22, 100.000000
7, 5, 23, 100.000000
7, 5, 24, 100.000000
7, 5, 25, 100.000000
7, 5, 26, 100.000000
7, 5, 27, 100.000000
7, 5, 28, 100.000000
7, 5, 29, 100.000000
7, 5, 30, 100.000000
7, 5, 31, 100.000000
7, 5, 32, 100.000000
7, 5, 33, 100.000000
7, 5, 34, 100.000000
7, 6, 0, 0.416343
7, 6, 1, -0.176897
7, 6, 2, -0.475125
7, 6, 3, -0.475736
7, 6, 4, -0.449268
7, 6, 5, -0.466874
7, 6, 6, -0.475228
7, 6, 7, -0.471011
7, 6, 8, -0.406816
7, 6, 9, -0.285832
7, 6, 10, -0.039180
7, 6, 11, 0.435558
7, 6, 12, 1.018089
7, 6, 13, 1.609520
7, 6, 14, 100.000000
7, 6, 15, 100.000000
7, 6, 16, 100.000000
7, 6, 17, 100.000000
7, 6, 18, 100.000000
7, 6, 19, 100.000000
7, 6, 20, 100.000000
7, 6, 21, 100.000000
7, 6, 22, 100.000000
7, 6, 23, 100.000000
7, 6, 24, 100.000000
7, 6, 25, 100.000000
7, 6, 26, 100.000000
7, 6, 27, 100.000000
7, 6, 28, 100.000000
7, 6, 29, 100.000000
7, 6, 30, 100.000000
7, 6, 31, 100.000000
7, 6, 32, 100.000000
7, 6, 33, 100.000000
7, 6, 34, 100.000000
7, 7, 0, 0.427604
7, 7, 1, -0.177012
7, 7, 2, -0.475741
7, 7, 3, -0.490799
7, 7, 4, -0.482100
7, 7, 5, -0.468785
7, 7, 6, -0.466650
7, 7, 7, -0.474291
7, 7, 8, -0.412236
7, 7, 9, -0.321786
7, 7, 10, -0.097383
7, 7, 11, 0.369995
7, 7, 12, 0.973623
7, 7, 13, 1.656429
7, 7, 14, 100.000000
7, 7, 15, 100.000000
7, 7, 16, 100.000000
7, 7, 17, 100.000000
7, 7, 18, 100.000000
7, 7, 19, 100.000000
7, 7, 20, 100.000000
7, 7, 21, 100.000000
7, 7, 22, 100.000000
7, 7, 23, 100.000000
7, 7, 24, 100.000000
7, 7, 25, 100.000000
7, 7, 26, 100.000000
7, 7, 27, 100.000000
7, 7, 28, 100.000000
7, 7, 29, 100.000000
7, 7, 30, 100.000000
7, 7, 31, 100.000000
7, 7, 32, 100.000000
7, 7, 33, 100.000000
7, 7, 34, 100.000000
7, 8, 0, 0.422832
7, 8, 1, -0.156111
7, 8, 2, -0.455851
7, 8, 3, -0.479705
7, 8, 4, -0.477929
7, 8, 5, -0.466968
7, 8, 6, -0.455466
7, 8, 7, -0.438355
7, 8, 8, -0.413235
7, 8, 9, -0.322256
7, 8, 10, -0.106625
7, 8, 11, 0.308643
7, 8, 12, 0.871784
7, 8, 13, 1.587272
7, 8, 14, 100.000000
7, 8, 15, 100.000000
7, 8, 16, 100.000000
7, 8, 17, 100.000000
7, 8, 18, 100.000000
7, 8, 19, 100.000000
7, 8, 20, 100.000000
7, 8, 21, 100.000000
7, 8, 22, 100.000000
7, 8, 23, 100.000000
7, 8, 24, 100.000000
7, 8, 25, 100.000000
7, 8, 26, 100.000000
7, 8, 27, 100.000000
7, 8, 28, 100.000000
7, 8, 29, 100.000000
7, 8, 30, 100.000000
7, 8, 31, 100.000000
7, 8, 32, 100.000000
7, 8, 33, 100.000000
7, 8, 34, 100.000000
7, 9, 0, 0.415794
7, 9, 1, -0.132637
7, 9, 2, -0.408357
7, 9, 3, -0.456254
7, 9, 4, -0.482865
7, 9, 5, -0.461942
7, 9, 6, -0.445085
7, 9, 7, -0.471140
7, 9, 8, -0.447517
7, 9, 9, -0.313294
7, 9, 10, -0.081921
7, 9, 11, 0.282420
7, 9, 12, 0.793933
7, 9, 13, 1.375588
7, 9, 14, 2.098272
7, 9, 15, 100.000000
7, 9, 16, 100.000000
7, 9, 17, 100.000000
7, 9, 18, 100.000000
7, 9, 19, 100.000000
7, 9, 20, 100.000000
7, 9, 21, 100.000000
7, 9, 22, 100.000000
7, 9, 23, 100.000000
7, 9, 24, 100.000000
7, 9, 25, 100.000000
7, 9, 26, 100.000000
7, 9, 27, 100.000000
7, 9, 28, 100.000000
7, 9, 29, 100.000000
7, 9, 30, 100.000000
7, 9, 31, 100.000000
7, 9, 32, 100.000000
7, 9, 33, 100.000000
7, 9, 34, 100.000000
7, 10, 0, 0.410218
7, 10, 1, -0.146823
7, 10, 2, -0.425855
7, 10, 3, -0.446192
7, 10, 4, -0.448525
7, 10, 5, -0.488788
7, 10, 6, -0.458885
7, 10, 7, -0.462731
7, 10, 8, -0.452087
7, 10, 9, -0.315232
7, 10, 10, -0.090038
7, 10, 11, 0.266421
7, 10, 12, 0.768457
7, 10, 13, 1.246986
7, 10, 14, 1.952904
7, 10, 15, 100.000000
7, 10, 16, 100.000000
7, 10, 17, 100.000000
7, 10, 18, 100.000000
7, 10, 19, 100.000000
7, 10, 20, 100.000000
7, 10, 21, 100.000000
7, 10, 22, 100.000000
7, 10, 23, 100.000000
7, 10, 24, 100.000000
7, 10, 25, 100.000000
7, 10, 26, 100.000000
7, 10, 27, 100.000000
7, 10, 28, 100.000000
7, 10, 29, 100.000000
7, 10, 30, 100.000000
7, 10, 31, 100.000000
7, 10, 32, 100.000000
7, 10, 33, 100.000000
7, 10, 34, 100.000000
7, 11, 0, 0.399400
7, 11, 1, -0.160501
7, 11, 2, -0.450761
7, 11, 3, -0.488980
7, 11, 4, -0.476538
7, 11, 5, -0.473374
7, 11, 6, -0.475759
7, 11, 7, -0.472477
7, 11, 8, -0.457687
7, 11, 9, -0.355728
7, 11, 10, -0.150145
7, 11, 11, 0.216551
7, 11, 12, 0.747478
7, 11, 13, 1.268069
7, 11, 14, 1.857720
7, 11, 15, 100.000000
7, 11, 16, 100.000000
7, 11, 17, 100.000000
7, 11, 18, 100.000000
7, 11, 19, 100.000000
7, 11, 20, 100.000000
7, 11, 21, 100.000000
7, 11, 22, 100.000000
7, 11, 23, 100.000000
7, 11, 24, 100.000000
7, 11, 25, 100.000000
7, 11, 26, 100.000000
7, 11, 27, 100.000000
7, 11, 28, 100.000000
7, 11, 29, 100.000000
7, 11, 30, 100.000000
7, 11, 31, 100.000000
7, 11, 32, 100.000000
7, 11, 33, 100.000000
7, 11, 34, 100.000000
7, 12, 0, 0.394397
7, 12, 1, -0.158088
7, 12, 2, -0.469297
7, 12, 3, -0.455793
7, 12, 4, -0.456219
7, 12, 5, -0.482322
7, 12, 6, -0.485954
7, 12, 7, -0.491921
7, 12, 8, -0.464339
7, 12, 9, -0.378614
7, 12, 10, -0.176233
7, 12, 11, 0.192271
7, 12, 12, 0.737434
7, 12, 13, 1.229913
7, 12, 14, 1.657296
7, 12, 15, 100.000000
7, 12, 16, 100.000000
7, 12, 17, 100.000000
7, 12, 18, 100.000000
7, 12, 19, 100.000000
7, 12, 20, 100.000000
7, 12, 21, 100.000000
7, 12, 22, 100.000000
7, 12, 23, 100.000000
7, 12, 24, 100.000000
7, 12, 25, 100.000000
7, 12, 26, 100.000000
7, 12, 27, 100.000000
7, 12, 28, 100.000000
7, 12, 29, 100.000000
7, 12, 30, 100.000000
7, 12, 31, 100.000000
7, 12, 32, 100.000000
7, 12, 33, 100.000000
7, 12, 34, 100.000000
7, 13, 0, 0.412929
7, 13, 1, -0.139781
7, 13, 2, -0.462230
7, 13, 3, -0.470511
7, 13, 4, -0.475666
7, 13, 5, -0.463431
7, 13, 6, -0.470390
7, 13, 7, -0.466353
7, 13, 8, -0.463161
7, 13, 9, -0.391959
7, 13, 10, -0.171477
7, 13, 11, 0.217101
7, 13, 12, 0.755925
7, 13, 13, 1.211898
7, 13, 14, 1.644454
7, 13, 15, 100.000000
7, 13, 16, 100.000000
7, 13, 17, 100.000000
7, 13, 18, 100.000000
7, 13, 19, 100.000000
7, 13, 20, 100.000000
7, 13, 21, 100.000000
7, 13, 22, 100.000000
7, 13, 23, 100.000000
7, 13, 24, 100.000000
7, 13, 25, 100.000000
7, 13, 26, 100.000000
7, 13, 27, 100.000000
7, 13, 28, 100.000000
7, 13, 29, 100.000000
7, 13, 30, 100.000000
7, 13, 31, 100.000000
7, 13, 32, 100.000000
7, 13, 33, 100.000000
7, 13, 34, 100.000000
7, 14, 0, 0.421049
7, 14, 1, -0.115321
7, 14, 2, -0.451840
7, 14, 3, -0.474479
7, 14, 4, -0.457411
7, 14, 5, -0.463319
7, 14, 6, -0.472576
7, 14, 7, -0.467880
7, 14, 8, -0.454763
7, 14, 9, -0.413105
7, 14, 10, -0.206954
7, 14, 11, 0.211323
7, 14, 12, 0.759311
7, 14, 13, 1.292534
7, 14, 14, 2.044121
7, 14, 15, 100.000000
7, 14, 16, 100.000000
7, 14, 17, 100.000000
7, 14, 18, 100.000000
7, 14, 19, 100.000000
7, 14, 20, 100.000000
7, 14, 21, 100.000000
7, 14, 22, 100.000000
7, 14, 23, 100.000000
7, 14, 24, 100.000000
7, 14, 25, 100.000000
7, 14, 26, 100.000000
7, 14, 27, 100.000000
7, 14, 28, 100.000000
7, 14, 29, 100.000000
7, 14, 30, 100.000000
7, 14, 31, 100.000000
7, 14, 32, 100.000000
7, 14, 33, 100.000000
7, 14, 34, 100.000000
7, 15, 0, 0.423890
7, 15, 1, -0.110699
7, 15, 2, -0.461886
7, 15, 3, -0.477343
7, 15, 4, -0.473657
7, 15, 5, -0.475154
7, 15, 6, -0.441135
7, 15, 7, -0.490489
7, 15, 8, -0.463151
7, 15, 9, -0.450355
7, 15, 10, -0.275957
7, 15, 11, 0.131443
7, 15, 12, 0.683323
7, 15, 13, 1.335718
7, 15, 14, 1.972087
7, 15, 15, 100.000000
7, 15, 16, 100.000000
7, 15, 17, 100.000000
7, 15, 18, 100.000000
7, 15, 19, 100.000000
7, 15, 20, 100.000000
7, 15, 21, 100.000000
7, 15, 22, 100.000000
7, 15, 23, 100.000000
7, 15, 24, 100.000000
7, 15, 25, 100.000000
7, 15, 26, 100.000000
7, 15, 27, 100.000000
7, 15, 28, 100.000000
7, 15, 29, 100.000000
7, 15, 30, 100.000000
7, 15, 31, 100.000000
7, 15, 32, 100.000000
7, 15, 33, 100.000000
7, 15, 34, 100.000000
7, 16, 0, 0.417055
7, 16, 1, -0.133053
7, 16, 2, -0.475418
7, 16, 3, -0.473674
7, 16, 4, -0.455813
7, 16, 5, -0.455869
7, 16, 6, -0.452789
7, 16, 7, -0.488214
7, 16, 8, -0.463618
7, 16, 9, -0.434361
7, 16, 10, -0.270106
7, 16, 11, 0.084518
7, 16, 12, 0.600949
7, 16, 13, 1.208019
7, 16, 14, 1.917024
7, 16, 15, 100.000000
7, 16, 16, 100.000000
7, 16, 17, 100.000000
7, 16, 18, 100.000000
7, 16, 19, 100.000000
7, 16, 20, 100.000000
7, 16, 21, 100.000000
7, 16, 22, 100.000000
7, 16, 23, 100.000000
7, 16, 24, 100.000000
7, 16, 25, 100.000000
7, 16, 26, 100.000000
7, 16, 27, 100.000000
7, 16, 28, 100.000000
7, 16, 29, 100.000000
7, 16, 30, 100.000000
7, 16, 31, 100.000000
7, 16, 32, 100.000000
7, 16, 33, 100.000000
7, 16, 34, 100.000000
7, 17, 0, 0.387580
7, 17, 1, -0.171821
7, 17, 2, -0.475900
7, 17, 3, -0.466754
7, 17, 4, -0.475651
7, 17, 5, -0.472490
7, 17, 6, -0.461735
7, 17, 7, -0.484808
7, 17, 8, -0.463939
7, 17, 9, -0.401149
7, 17, 10, -0.225916
7, 17, 11, 0.119128
7, 17, 12, 0.591984
7, 17, 13, 1.188542
7, 17, 14, 1.901158
7, 17, 15, 100.000000
7, 17, 16, 100.000000
7, 17, 17, 100.000000
7, 17, 18, 100.000000
7, 17, 19, 100.000000
7, 17, 20, 100.000000
7, 17, 21, 100.000000
7, 17, 22, 100.000000
7, 17, 23, 100.000000
7, 17, 24, 100.000000
7, 17, 25, 100.000000
7, 17, 26, 100.000000
7, 17, 27, 100.000000
7, 17, 28, 100.000000
7, 17, 29, 100.000000
7, 17, 30, 100.000000
7, 17, 31, 100.000000
7, 17, 32, 100.000000
7, 17, 33, 100.000000
7, 17, 34, 100.000000
7, 18, 0, 0.377838
7, 18, 1, -0.191711
7, 18, 2, -0.470734
7, 18, 3, -0.458109
7, 18, 4, -0.432820
7, 18, 5, -0.456550
7, 18, 6, -0.440897
7, 18, 7, -0.461553
7, 18, 8, -0.468509
7, 18, 9, -0.400451
7, 18, 10, -0.201795
7, 18, 11, 0.157128
7, 18, 12, 0.614297
7, 18, 13, 1.205750
7, 18, 14, 2.049274
7, 18, 15, 100.000000
7, 18, 16, 100.000000
7, 18, 17, 100.000000
7, 18, 18, 100.000000
7, 18, 19, 100.000000
7, 18, 20, 100.000000
7, 18, 21, 100.000000
7, 18, 22, 100.000000
7, 18, 23, 100.000000
7, 18, 24, 100.000000
7, 18, 25, 100.000000
7, 18, 26, 100.000000
7, 18, 27, 100.000000
7, 18, 28, 100.000000
7, 18, 29, 100.000000
7, 18, 30, 100.000000
7, 18, 31, 100.000000
7, 18, 32, 100.000000
7, 18, 33, 100.000000
7, 18, 34, 100.000000
7, 19, 0, 0.391516
7, 19, 1, -0.183078
7, 19, 2, -0.455373
7, 19, 3, -0.439261
7, 19, 4, -0.470539
7, 19, 5, -0.448874
7, 19, 6, -0.420863
7, 19, 7, -0.417405
7, 19, 8, -0.420105
7, 19, 9, -0.404063
7, 19, 10, -0.210279
7, 19, 11, 0.148640
7, 19, 12, 0.658789
7, 19, 13, 1.234040
7, 19, 14, 1.969270
7, 19, 15, 100.000000
7, 19, 16, 100.000000
7, 19, 17, 100.000000
7, 19, 18, 100.000000
7, 19, 19, 100.000000
7, 19, 20, 100.000000
7, 19, 21, 100.000000
7, 19, 22, 100.000000
7, 19, 23, 100.000000
7, 19, 24, 100.000000
7, 19, 25, 100.000000
7, 19, 26, 100.000000
7, 19, 27, 100.000000
7, 19, 28, 100.000000
7, 19, 29, 100.000000
7, 19, 30, 100.000000
7, 19, 31, 100.000000
7, 19, 32, 100.000000
7, 19, 33, 100.000000
7, 19, 34, 100.000000
7, 20, 0, 0.394876
7, 20, 1, -0.184119
7, 20, 2, -0.460156
7, 20, 3, -0.433174
7, 20, 4, -0.481194
7, 20, 5, -0.432823
7, 20, 6, -0.422664
7, 20, 7, -0.429566
7, 20, 8, -0.462627
7, 20, 9, -0.372552
7, 20, 10, -0.175824
7, 20, 11, 0.146706
7, 20, 12, 0.662724
7, 20, 13, 1.235417
7, 20, 14, 1.862102
7, 20, 15, 100.000000
7, 20, 16, 100.000000
7, 20, 17, 100.000000
7, 20, 18, 100.000000
7, 20, 19, 100.000000
7, 20, 20, 100.000000
7, 20, 21, 100.000000
7, 20, 22, 100.000000
7, 20, 23, 100.000000
7, 20, 24, 100.000000
7, 20, 25, 100.000000
7, 20, 26, 100.000000
7, 20, 27, 100.000000
7, 20, 28, 100.000000
7, 20, 29, 100.000000
7, 20, 30, 100.000000
7, 20, 31, 100.000000
7, 20, 32, 100.000000
7, 20, 33, 100.000000
7, 20, 34, 100.000000
7, 21, 0, 0.392637
7, 21, 1, -0.197809
7, 21, 2, -0.456088
7, 21, 3, -0.434009
7, 21, 4, -0.472891
7, 21, 5, -0.425259
7, 21, 6, -0.412416
7, 21, 7, -0.456199
7, 21, 8, -0.431041
7, 21, 9, -0.325322
7, 21, 10, -0.168153
7, 21, 11, 0.131702
7, 21, 12, 0.612603
7, 21, 13, 1.211993
7, 21, 14, 1.796634
7, 21, 15, 100.000000
7, 21, 16, 100.000000
7, 21, 17, 100.000000
7, 21, 18, 100.000000
7, 21, 19, 100.000000
7, 21, 20, 100.000000
7, 21, 21, 100.000000
7, 21, 22, 100.000000
7, 21, 23, 100.000000
7, 21, 24, 100.000000
7, 21, 25, 100.000000
7, 21, 26, 100.000000
7, 21, 27, 100.000000
7, 21, 28, 100.000000
7, 21, 29, 100.000000
7, 21, 30, 100.000000
7, 21, 31, 100.000000
7, 21, 32, 100.000000
7, 21, 33, 100.000000
7, 21, 34, 100.000000
7, 22, 0, 0.400086
7, 22, 1, -0.171786
7, 22, 2, -0.461389
7, 22, 3, -0.439494
7, 22, 4, -0.447416
7, 22, 5, -0.408756
7, 22, 6, -0.418360
7, 22, 7, -0.482383
7, 22, 8, -0.407630
7, 22, 9, -0.338344
7, 22, 10, -0.187003
7, 22, 11, 0.116556
7, 22, 12, 0.568707
7, 22, 13, 1.131995
7, 22, 14, 1.687797
7, 22, 15, 100.000000
7, 22, 16, 100.000000
7, 22, 17, 100.000000
7, 22, 18, 100.000000
7, 22, 19, 100.000000
7, 22, 20, 100.000000
7, 22, 21, 100.000000
7, 22, 22, 100.000000
7, 22, 23, 100.000000
7, 22, 24, 100.000000
7, 22, 25, 100.000000
7, 22, 26, 100.000000
7, 22, 27, 100.000000
7, 22, 28, 100.000000
7, 22, 29, 100.000000
7, 22, 30, 100.000000
7, 22, 31, 100.000000
7, 22, 32, 100.000000
7, 22, 33, 100.000000
7, 22, 34, 100.000000
7, 23, 0, 0.399661
7, 23, 1, -0.151190
7, 23, 2, -0.438806
7, 23, 3, -0.462469
7, 23, 4, -0.464106
7, 23, 5, -0.425458
7, 23, 6, -0.435053
7, 23, 7, -0.442588
7, 23, 8, -0.413666
7, 23, 9, -0.355313
7, 23, 10, -0.197897
7, 23, 11, 0.128380
7, 23, 12, 0.574145
7, 23, 13, 1.065320
7, 23, 14, 1.635953
7, 23, 15, 100.000000
7, 23, 16, 100.000000
7, 23, 17, 100.000000
7, 23, 18, 100.000000
7, 23, 19, 100.000000
7, 23, 20, 100.000000
7, 23, 21, 100.000000
7, 23, 22, 100.000000
7, 23, 23, 100.000000
7, 23, 24, 100.000000
7, 23, 25, 100.000000
7, 23, 26, 100.000000
7, 23, 27, 100.000000
7, 23, 28, 100.000000
7, 23, 29, 100.000000
7, 23, 30, 100.000000
7, 23, 31, 100.000000
7, 23, 32, 100.000000
7, 23, 33, 100.000000
7, 23, 34, 100.000000
7, 24, 0, 0.401237
7, 24, 1, -0.158164
7, 24, 2, -0.475442
7, 24, 3, -0.481344
7, 24, 4, -0.458580
7, 24, 5, -0.443856
7, 24, 6, -0.449210
7, 24, 7, -0.425898
7, 24, 8, -0.436039
7, 24, 9, -0.393308
7, 24, 10, -0.220466
7, 24, 11, 0.127415
7, 24, 12, 0.581838
7, 24, 13, 1.139287
7, 24, 14, 1.802685
7, 24, 15, 100.000000
7, 24, 16, 100.000000
7, 24, 17, 100.000000
7, 24, 18, 100.000000
7, 24, 19, 100.000000
7, 24, 20, 100.000000
7, 24, 21, 100.000000
7, 24, 22, 100.000000
7, 24, 23, 100.000000
7, 24, 24, 100.000000
7, 24, 25, 100.000000
7, 24, 26, 100.000000
7, 24, 27, 100.000000
7, 24, 28, 100.000000
7, 24, 29, 100.000000
7, 24, 30, 100.000000
7, 24, 31, 100.000000
7, 24, 32, 100.000000
7, 24, 33, 100.000000
7, 24, 34, 100.000000
7, 25, 0, 0.403901
7, 25, 1, -0.171992
7, 25, 2, -0.486962
7, 25, 3, -0.487818
7, 25, 4, -0.437894
7, 25, 5, -0.455282
7, 25, 6, -0.472400
7, 25, 7, -0.431161
7, 25, 8, -0.438768
7, 25, 9, -0.449275
7, 25, 10, -0.250565
7, 25, 11, 0.113610
7, 25, 12, 0.585079
7, 25, 13, 1.186339
7, 25, 14, 1.927608
7, 25, 15, 100.000000
7, 25, 16, 100.000000
7, 25, 17, 100.000000
7, 25, 18, 100.000000
7, 25, 19, 100.000000
7, 25, 20, 100.000000
7, 25, 21, 100.000000
7, 25, 22, 100.000000
7, 25, 23, 100.000000
7, 25, 24, 100.000000
7, 25, 25, 100.000000
7, 25, 26, 100.000000
7, 25, 27, 100.000000
7, 25, 28, 100.000000
7, 25, 29, 100.000000
7, 25, 30, 100.000000
7, 25, 31, 100.000000
7, 25, 32, 100.000000
7, 25, 33, 100.000000
7, 25, 34, 100.000000
7, 26, 0, 0.402036
7, 26, 1, -0.174823
7, 26, 2, -0.482751
7, 26, 3, -0.476049
7, 26, 4, -0.438363
7, 26, 5, -0.449964
7, 26, 6, -0.432489
7, 26, 7, -0.432356
7, 26, 8, -0.431779
7, 26, 9, -0.445245
7, 26, 10, -0.263709
7, 26, 11, 0.111406
7, 26, 12, 0.597706
7, 26, 13, 1.178061
7, 26, 14, 1.892777
7, 26, 15, 100.000000
7, 26, 16, 100.000000
7, 26, 17, 100.000000
7, 26, 18, 100.000000
7, 26, 19, 100.000000
7, 26, 20, 100.000000
7, 26, 21, 100.000000
7, 26, 22, 100.000000
7, 26, 23, 100.000000
7, 26, 24, 100.000000
7, 26, 25, 100.000000
7, 26, 26, 100.000000
7, 26, 27, 100.000000
7, 26, 28, 100.000000
7, 26, 29, 100.000000
7, 26, 30, 100.000000
7, 26, 31, 100.000000
7, 26, 32, 100.000000
7, 26, 33, 100.000000
7, 26, 34, 100.000000
7, 27, 0, 0.392860
7, 27, 1, -0.178217
7, 27, 2, -0.481494
7, 27, 3, -0.474017
7, 27, 4, -0.440933
7, 27, 5, -0.412888
7, 27, 6, -0.393871
7, 27, 7, -0.389425
7, 27, 8, -0.410028
7, 27, 9, -0.402289
7, 27, 10, -0.210963
7, 27, 11, 0.149886
7, 27, 12, 0.641676
7, 27, 13, 1.208551
7, 27, 14, 1.919097
7, 27, 15, 100.000000
7, 27, 16, 100.000000
7, 27, 17, 100.000000
7, 27, 18, 100.000000
7, 27, 19, 100.000000
7, 27, 20, 100.000000
7, 27, 21, 100.000000
7, 27, 22, 100.000000
7, 27, 23, 100.000000
7, 27, 24, 100.000000
7, 27, 25, 100.000000
7, 27, 26, 100.000000
7, 27, 27, 100.000000
7, 27, 28, 100.000000
7, 27, 29, 100.000000
7, 27, 30, 100.000000
7, 27, 31, 100.000000
7, 27, 32, 100.000000
7, 27, 33, 100.000000
7, 27, 34, 100.000000
7, 28, 0, 0.399020
7, 28, 1, -0.164906
7, 28, 2, -0.443409
7, 28, 3, -0.443303
7, 28, 4, -0.409727
7, 28, 5, -0.373589
7, 28, 6, -0.365797
7, 28, 7, -0.399005
7, 28, 8, -0.398146
7, 28, 9, -0.322818
7, 28, 10, -0.180461
7, 28, 11, 0.133217
7, 28, 12, 0.643865
7, 28, 13, 1.165482
7, 28, 14, 1.653075
7, 28, 15, 100.000000
7, 28, 16, 100.000000
7, 28, 17, 100.000000
7, 28, 18, 100.000000
7, 28, 19, 100.000000
7, 28, 20, 100.000000
7, 28, 21, 100.000000
7, 28, 22, 100.000000
7, 28, 23, 100.000000
7, 28, 24, 100.000000
7, 28, 25, 100.000000
7, 28, 26, 100.000000
7, 28, 27, 100.000000
7, 28, 28, 100.000000
7, 28, 29, 100.000000
7, 28, 30, 100.000000
7, 28, 31, 100.000000
7, 28, 32, 100.000000
7, 28, 33, 100.000000
7, 28, 34, 100.000000
7, 29, 0, 0.501703
7, 29, 1, 0.021427
7, 29, 2, -0.109915
7, 29, 3, -0.107390
7, 29, 4, -0.098834
7, 29, 5, -0.104141
7, 29, 6, -0.117263
7, 29, 7, -0.143519
7, 29, 8, -0.128422
7, 29, 9, -0.081468
7, 29, 10, -0.060080
7, 29, 11, 0.130539
7, 29, 12, 0.618271
7, 29, 13, 1.112367
7, 29, 14, 1.491312
7, 29, 15, 2.386202
7, 29, 16, 100.000000
7, 29, 17, 100.000000
7, 29, 18, 100.000000
7, 29, 19, 100.000000
7, 29, 20, 100.000000
7, 29, 21, 100.000000
7, 29, 22, 100.000000
7, 29, 23, 100.000000
7, 29, 24, 100.000000
7, 29, 25, 100.000000
7, 29, 26, 100.000000
7, 29, 27, 100.000000
7, 29, 28, 100.000000
7, 29, 29, 100.000000
7, 29, 30, 100.000000
7, 29, 31, 100.000000
7, 29, 32, 100.000000
7, 29, 33, 100.000000
7, 29, 34, 100.000000
8, 0, 0, 0.720205
8, 0, 1, 0.456015
8, 0, 2, 0.427765
8, 0, 3, 0.456753
8, 0, 4, 0.456949
8, 0, 5, 0.443202
8, 0, 6, 0.449646
8, 0, 7, 0.473600
8, 0, 8, 0.473786
8, 0, 9, 0.467297
8, 0, 10, 0.518892
8, 0, 11, 0.711285
8, 0, 12, 1.140802
8, 0, 13, 1.864397
8, 0, 14, 100.000000
8, 0, 15, 100.000000
8, 0, 16, 100.000000
8, 0, 17, 100.000000
8, 0, 18, 100.000000
8, 0, 19, 100.000000
8, 0, 20, 100.000000
8, 0, 21, 100.000000
8, 0, 22, 100.000000
8, 0, 23, 100.000000
8, 0, 24, 100.000000
8, 0, 25, 100.000000
8, 0, 26, 100.000000
8, 0, 27, 100.000000
8, 0, 28, 100.000000
8, 0, 29, 100.000000
8, 0, 30, 100.000000
8, 0, 31, 100.000000
8, 0, 32, 100.000000
8, 0, 33, 100.000000
8, 0, 34, 100.000000
8, 1, 0, 0.493406
8, 1, 1, 0.090554
8, 1, 2, -0.055696
8, 1, 3, -0.077833
8, 1, 4, -0.087061
8, 1, 5, -0.093959
8, 1, 6, -0.081977
8, 1, 7, -0.061606
8, 1, 8, -0.034172
8, 1, 9, -0.021804
8, 1, 10, 0.075350
8, 1, 11, 0.415971
8, 1, 12, 0.964867
8, 1, 13, 1.776405
8, 1, 14, 100.000000
8, 1, 15, 100.000000
8, 1, 16, 100.000000
8, 1, 17, 100.000000
8, 1, 18, 100.000000
8, 1, 19, 100.000000
8, 1, 20, 100.000000
8, 1, 21, 100.000000
8, 1, 22, 100.000000
8, 1, 23, 100.000000
8, 1, 24, 100.000000
8, 1, 25, 100.000000
8, 1, 26, 100.000000
8, 1, 27, 100.000000
8, 1, 28, 100.000000
8, 1, 29, 100.000000
8, 1, 30, 100.000000
8, 1, 31, 100.000000
8, 1, 32, 100.000000
8, 1, 33, 100.000000
8, 1, 34, 100.000000
8, 2, 0, 0.419770
8, 2, 1, -0.072340
8, 2, 2, -0.340249
8, 2, 3, -0.404111
8, 2, 4, -0.431401
8, 2, 5, -0.394766
8, 2, 6, -0.340987
8, 2, 7, -0.345693
8, 2, 8, -0.317883
8, 2, 9, -0.246610
8, 2, 10, -0.042380
8, 2, 11, 0.373174
8, 2, 12, 0.973398
8, 2, 13, 1.742227
8, 2, 14, 100.000000
8, 2, 15, 100.000000
8, 2, 16, 100.000000
8, 2, 17, 100.000000
8, 2, 18, 100.000000
8, 2, 19, 100.000000
8, 2, 20, 100.000000
8, 2, 21, 100.000000
8, 2, 22, 100.000000
8, 2, 23, 100.000000
8, 2, 24, 100.000000
8, 2, 25, 100.000000
8, 2, 26, 100.000000
8, 2, 27, 100.000000
8, 2, 28, 100.000000
8, 2, 29, 100.000000
8, 2, 30, 100.000000
8, 2, 31, 100.000000
8, 2, 32, 100.000000
8, 2, 33, 100.000000
8, 2, 34, 100.000000
8, 3, 0, 0.418595
8, 3, 1, -0.119532
8, 3, 2, -0.438955
8, 3, 3, -0.453827
8, 3, 4, -0.441852
8, 3, 5, -0.437400
8, 3, 6, -0.406553
8, 3, 7, -0.411857
8, 3, 8, -0.392741
8, 3, 9, -0.287504
8, 3, 10, -0.017569
8, 3, 11, 0.405355
8, 3, 12, 0.964643
8, 3, 13, 1.540223
8, 3, 14, 100.000000
8, 3, 15, 100.000000
8, 3, 16, 100.000000
8, 3, 17, 100.000000
8, 3, 18, 100.000000
8, 3, 19, 100.000000
8, 3, 20, 100.000000
8, 3, 21, 100.000000
8, 3, 22, 100.000000
8, 3, 23, 100.000000
8, 3, 24, 100.000000
8, 3, 25, 100.000000
8, 3, 26, 100.000000
8, 3, 27, 100.000000
8, 3, 28, 100.000000
8, 3, 29, 100.000000
8, 3, 30, 100.000000
8, 3, 31, 100.000000
8, 3, 32, 100.000000
8, 3, 33, 100.000000
8, 3, 34, 100.000000
8, 4, 0, 0.422395
8, 4, 1, -0.130334
8, 4, 2, -0.434180
8, 4, 3, -0.466783
8, 4, 4, -0.460134
8, 4, 5, -0.453550
8, 4, 6, -0.444370
8, 4, 7, -0.443144
8, 4, 8, -0.407330
8, 4, 9, -0.274726
8, 4, 10, 0.006173
8, 4, 11, 0.425063
8, 4, 12, 0.979591
8, 4, 13, 1.617679
8, 4, 14, 100.000000
8, 4, 15, 100.000000
8, 4, 16, 100.000000
8, 4, 17, 100.000000
8, 4, 18, 100.000000
8, 4, 19, 100.000000
8, 4, 20, 100.000000
8, 4, 21, 100.000000
8, 4, 22, 100.000000
8, 4, 23, 100.000000
8, 4, 24, 100.000000
8, 4, 25, 100.000000
8, 4, 26, 100.000000
8, 4, 27, 100.000000
8, 4, 28, 100.000000
8, 4, 29, 100.000000
8, 4, 30, 100.000000
8, 4, 31, 100.000000
8, 4, 32, 100.000000
8, 4, 33, 100.000000
8, 4, 34, 100.000000
8, 5, 0, 0.416537
8, 5, 1, -0.137228
8, 5, 2, -0.438977
8, 5, 3, -0.460716
8, 5, 4, -0.481723
8, 5, 5, -0.458575
8, 5, 6, -0.458817
8, 5, 7, -0.464870
8, 5, 8, -0.403405
8, 5, 9, -0.261188
8, 5, 10, -0.004557
8, 5, 11, 0.443282
8, 5, 12, 1.013547
8, 5, 13, 1.658804
8, 5, 14, 100.000000
8, 5, 15, 100.000000
8, 5, 16, 100.000000
8, 5, 17, 100.000000
8, 5, 18, 100.000000
8, 5, 19, 100.000000
8, 5, 20, 100.000000
8, 5, 21, 100.000000
8, 5, 22, 100.000000
8, 5, 23, 100.000000
8, 5, 24, 100.000000
8, 5, 25, 100.000000
8, 5, 26, 100.000000
8, 5, 27, 100.000000
8, 5, 28, 100.000000
8, 5, 29, 100.000000
8, 5, 30, 100.000000
8, 5, 31, 100.000000
8, 5, 32, 100.000000
8, 5, 33, 100.000000
8, 5, 34, 100.000000
8, 6, 0, 0.426585
8, 6, 1, -0.137823
8, 6, 2, -0.458533
8, 6, 3, -0.457680
8, 6, 4, -0.465042
8, 6, 5, -0.456220
8, 6, 6, -0.481436
8, 6, 7, -0.493289
8, 6, 8, -0.407941
8, 6, 9, -0.264282
8, 6, 10, -0.006932
8, 6, 11, 0.444408
8, 6, 12, 1.017634
8, 6, 13, 1.600028
8, 6, 14, 100.000000
8, 6, 15, 100.000000
8, 6, 16, 100.000000
8, 6, 17, 100.000000
8, 6, 18, 100.000000
8, 6, 19, 100.000000
8, 6, 20, 100.000000
8, 6, 21, 100.000000
8, 6, 22, 100.000000
8, 6, 23, 100.000000
8, 6, 24, 100.000000
8, 6, 25, 100.000000
8, 6, 26, 100.000000
8, 6, 27, 100.000000
8, 6, 28, 100.000000
8, 6, 29, 100.000000
8, 6, 30, 100.000000
8, 6, 31, 100.000000
8, 6, 32, 100.000000
8, 6, 33, 100.000000
8, 6, 34, 100.000000
8, 7, 0, 0.436973
8, 7, 1, -0.149773
8, 7, 2, -0.470600
8, 7, 3, -0.477754
8, 7, 4, -0.469595
8, 7, 5, -0.459819
8, 7, 6, -0.475341
8, 7, 7, -0.475908
8, 7, 8, -0.417778
8, 7, 9, -0.283294
8, 7, 10, -0.031153
8, 7, 11, 0.406789
8, 7, 12, 0.986817
8, 7, 13, 1.639963
8, 7, 14, 100.000000
8, 7, 15, 100.000000
8, 7, 16, 100.000000
8, 7, 17, 100.000000
8, 7, 18, 100.000000
8, 7, 19, 100.000000
8, 7, 20, 100.000000
8, 7, 21, 100.000000
8, 7, 22, 100.000000
8, 7, 23, 100.000000
8, 7, 24, 100.000000
8, 7, 25, 100.000000
8, 7, 26, 100.000000
8, 7, 27, 100.000000
8, 7, 28, 100.000000
8, 7, 29, 100.000000
8, 7, 30, 100.000000
8, 7, 31, 100.000000
8, 7, 32, 100.000000
8, 7, 33, 100.000000
8, 7, 34, 100.000000
8, 8, 0, 0.428440
8, 8, 1, -0.156449
8, 8, 2, -0.460775
8, 8, 3, -0.475282
8, 8, 4, -0.483091
8, 8, 5, -0.464065
8, 8, 6, -0.474941
8, 8, 7, -0.454488
8, 8, 8, -0.407852
8, 8, 9, -0.295685
8, 8, 10, -0.079688
8, 8, 11, 0.336957
8, 8, 12, 0.872213
8, 8, 13, 1.509894
8, 8, 14, 100.000000
8, 8, 15, 100.000000
8, 8, 16, 100.000000
8, 8, 17, 100.000000
8, 8, 18, 100.000000
8, 8, 19, 100.000000
8, 8, 20, 100.000000
8, 8, 21, 100.000000
8, 8, 22, 100.000000
8, 8, 23, 100.000000
8, 8, 24, 100.000000
8, 8, 25, 100.000000
8, 8, 26, 100.000000
8, 8, 27, 100.000000
8, 8, 28, 100.000000
8, 8, 29, 100.000000
8, 8, 30, 100.000000
8, 8, 31, 100.000000
8, 8, 32, 100.000000
8, 8, 33, 100.000000
8, 8, 34, 100.000000
8, 9, 0, 0.412276
8, 9, 1, -0.135324
8, 9, 2, -0.419883
8, 9, 3, -0.470284
8, 9, 4, -0.467290
8, 9, 5, -0.435087
8, 9, 6, -0.460924
8, 9, 7, -0.452606
8, 9, 8, -0.422580
8, 9, 9, -0.297491
8, 9, 10, -0.082997
8, 9, 11, 0.288352
8, 9, 12, 0.775017
8, 9, 13, 1.316336
8, 9, 14, 2.092516
8, 9, 15, 100.000000
8, 9, 16, 100.000000
8, 9, 17, 100.000000
8, 9, 18, 100.000000
8, 9, 19, 100.000000
8, 9, 20, 100.000000
8, 9, 21, 100.000000
8, 9, 22, 100.000000
8, 9, 23, 100.000000
8, 9, 24, 100.000000
8, 9, 25, 100.000000
8, 9, 26, 100.000000
8, 9, 27, 100.000000
8, 9, 28, 100.000000
8, 9, 29, 100.000000
8, 9, 30, 100.000000
8, 9, 31, 100.000000
8, 9, 32, 100.000000
8, 9, 33, 100.000000
8, 9, 34, 100.000000
8, 10, 0, 0.401467
8, 10, 1, -0.142034
8, 10, 2, -0.408242
8, 10, 3, -0.440298
8, 10, 4, -0.462709
8, 10, 5, -0.463273
8, 10, 6, -0.450054
8, 10, 7, -0.441938
8, 10, 8, -0.414582
8, 10, 9, -0.295100
8, 10, 10, -0.092819
8, 10, 11, 0.270223
8, 10, 12, 0.743212
8, 10, 13, 1.252181
8, 10, 14, 1.941063
8, 10, 15, 100.000000
8, 10, 16, 100.000000
8, 10, 17, 100.000000
8, 10, 18, 100.000000
8, 10, 19, 100.000000
8, 10, 20, 100.000000
8, 10, 21, 100.000000
8, 10, 22, 100.000000
8, 10, 23, 100.000000
8, 10, 24, 100.000000
8, 10, 25, 100.000000
8, 10, 26, 100.000000
8, 10, 27, 100.000000
8, 10, 28, 100.000000
8, 10, 29, 100.000000
8, 10, 30, 100.000000
8, 10, 31, 100.000000
8, 10, 32, 100.000000
8, 10, 33, 100.000000
8, 10, 34, 100.000000
8, 11, 0, 0.401586
8, 11, 1, -0.151340
8, 11, 2, -0.433873
8, 11, 3, -0.453921
8, 11, 4, -0.445948
8, 11, 5, -0.471725
8, 11, 6, -0.473087
8, 11, 7, -0.453568
8, 11, 8, -0.418121
8, 11, 9, -0.335245
8, 11, 10, -0.129452
8, 11, 11, 0.236178
8, 11, 12, 0.749262
8, 11, 13, 1.241897
8, 11, 14, 1.868085
8, 11, 15, 100.000000
8, 11, 16, 100.000000
8, 11, 17, 100.000000
8, 11, 18, 100.000000
8, 11, 19, 100.000000
8, 11, 20, 100.000000
8, 11, 21, 100.000000
8, 11, 22, 100.000000
8, 11, 23, 100.000000
8, 11, 24, 100.000000
8, 11, 25, 100.000000
8, 11, 26, 100.000000
8, 11, 27, 100.000000
8, 11, 28, 100.000000
8, 11, 29, 100.000000
8, 11, 30, 100.000000
8, 11, 31, 100.000000
8, 11, 32, 100.000000
8, 11, 33, 100.000000
8, 11, 34, 100.000000
8, 12, 0, 0.403544
8, 12, 1, -0.148736
8, 12, 2, -0.443747
8, 12, 3, -0.458342
8, 12, 4, -0.476732
8, 12, 5, -0.478354
8, 12, 6, -0.456639
8, 12, 7, -0.457034
8, 12, 8, -0.456775
8, 12, 9, -0.359566
8, 12, 10, -0.141571
8, 12, 11, 0.221730
8, 12, 12, 0.744374
8, 12, 13, 1.208532
8, 12, 14, 1.705717
8, 12, 15, 100.000000
8, 12, 16, 100.000000
8, 12, 17, 100.000000
8, 12, 18, 100.000000
8, 12, 19, 100.000000
8, 12, 20, 100.000000
8, 12, 21, 100.000000
8, 12, 22, 100.000000
8, 12, 23, 100.000000
8, 12, 24, 100.000000
8, 12, 25, 100.000000
8, 12, 26, 100.000000
8, 12, 27, 100.000000
8, 12, 28, 100.000000
8, 12, 29, 100.000000
8, 12, 30, 100.000000
8, 12, 31, 100.000000
8, 12, 32, 100.000000
8, 12, 33, 100.000000
8, 12, 34, 100.000000
8, 13, 0, 0.415712
8, 13, 1, -0.141096
8, 13, 2, -0.463576
8, 13, 3, -0.488944
8, 13, 4, -0.481869
8, 13, 5, -0.487842
8, 13, 6, -0.484552
8, 13, 7, -0.475077
8, 13, 8, -0.490539
8, 13, 9, -0.398802
8, 13, 10, -0.152988
8, 13, 11, 0.213750
8, 13, 12, 0.720121
8, 13, 13, 1.165360
8, 13, 14, 1.691850
8, 13, 15, 100.000000
8, 13, 16, 100.000000
8, 13, 17, 100.000000
8, 13, 18, 100.000000
8, 13, 19, 100.000000
8, 13, 20, 100.000000
8, 13, 21, 100.000000
8, 13, 22, 100.000000
8, 13, 23, 100.000000
8, 13, 24, 100.000000
8, 13, 25, 100.000000
8, 13, 26, 100.000000
8, 13, 27, 100.000000
8, 13, 28, 100.000000
8, 13, 29, 100.000000
8, 13, 30, 100.000000
8, 13, 31, 100.000000
8, 13, 32, 100.000000
8, 13, 33, 100.000000
8, 13, 34, 100.000000
8, 14, 0, 0.434177
8, 14, 1, -0.128495
8, 14, 2, -0.467931
8, 14, 3, -0.487147
8, 14, 4, -0.466385
8, 14, 5, -0.463717
8, 14, 6, -0.481734
8, 14, 7, -0.457906
8, 14, 8, -0.470664
8, 14, 9, -0.423052
8, 14, 10, -0.212930
8, 14, 11, 0.175631
8, 14, 12, 0.716339
8, 14, 13, 1.256520
8, 14, 14, 1.765808
8, 14, 15, 100.000000
8, 14, 16, 100.000000
8, 14, 17, 100.000000
8, 14, 18, 100.000000
8, 14, 19, 100.000000
8, 14, 20, 100.000000
8, 14, 21, 100.000000
8, 14, 22, 100.000000
8, 14, 23, 100.000000
8, 14, 24, 100.000000
8, 14, 25, 100.000000
8, 14, 26, 100.000000
8, 14, 27, 100.000000
8, 14, 28, 100.000000
8, 14, 29, 100.000000
8, 14, 30, 100.000000
8, 14, 31, 100.000000
8, 14, 32, 100.000000
8, 14, 33, 100.000000
8, 14, 34, 100.000000
8, 15, 0, 0.447345
8, 15, 1, -0.115742
8, 15, 2, -0.453699
8, 15, 3, -0.460706
8, 15, 4, -0.479490
8, 15, 5, -0.483324
8, 15, 6, -0.443965
8, 15, 7, -0.472532
8, 15, 8, -0.462274
8, 15, 9, -0.451099
8, 15, 10, -0.288948
8, 15, 11, 0.102737
8, 15, 12, 0.644553
8, 15, 13, 1.276036
8, 15, 14, 1.802167
8, 15, 15, 100.000000
8, 15, 16, 100.000000
8, 15, 17, 100.000000
8, 15, 18, 100.000000
8, 15, 19, 100.000000
8, 15, 20, 100.000000
8, 15, 21, 100.000000
8, 15, 22, 100.000000
8, 15, 23, 100.000000
8, 15, 24, 100.000000
8, 15, 25, 100.000000
8, 15, 26, 100.000000
8, 15, 27, 100.000000
8, 15, 28, 100.000000
8, 15, 29, 100.000000
8, 15, 30, 100.000000
8, 15, 31, 100.000000
8, 15, 32, 100.000000
8, 15, 33, 100.000000
8, 15, 34, 100.000000
8, 16, 0, 0.427037
8, 16, 1, -0.126199
8, 16, 2, -0.447868
8, 16, 3, -0.454917
8, 16, 4, -0.457453
8, 16, 5, -0.469128
8, 16, 6, -0.452506
8, 16, 7, -0.481771
8, 16, 8, -0.461681
8, 16, 9, -0.454834
8, 16, 10, -0.299453
8, 16, 11, 0.063231
8, 16, 12, 0.599236
8, 16, 13, 1.215350
8, 16, 14, 1.866426
8, 16, 15, 100.000000
8, 16, 16, 100.000000
8, 16, 17, 100.000000
8, 16, 18, 100.000000
8, 16, 19, 100.000000
8, 16, 20, 100.000000
8, 16, 21, 100.000000
8, 16, 22, 100.000000
8, 16, 23, 100.000000
8, 16, 24, 100.000000
8, 16, 25, 100.000000
8, 16, 26, 100.000000
8, 16, 27, 100.000000
8, 16, 28, 100.000000
8, 16, 29, 100.000000
8, 16, 30, 100.000000
8, 16, 31, 100.000000
8, 16, 32, 100.000000
8, 16, 33, 100.000000
8, 16, 34, 100.000000
8, 17, 0, 0.400440
8, 17, 1, -0.151482
8, 17, 2, -0.448779
8, 17, 3, -0.449616
8, 17, 4, -0.461541
8, 17, 5, -0.457769
8, 17, 6, -0.452846
8, 17, 7, -0.475202
8, 17, 8, -0.470899
8, 17, 9, -0.432597
8, 17, 10, -0.246975
8, 17, 11, 0.102466
8, 17, 12, 0.587434
8, 17, 13, 1.183856
8, 17, 14, 1.948908
8, 17, 15, 100.000000
8, 17, 16, 100.000000
8, 17, 17, 100.000000
8, 17, 18, 100.000000
8, 17, 19, 100.000000
8, 17, 20, 100.000000
8, 17, 21, 100.000000
8, 17, 22, 100.000000
8, 17, 23, 100.000000
8, 17, 24, 100.000000
8, 17, 25, 100.000000
8, 17, 26, 100.000000
8, 17, 27, 100.000000
8, 17, 28, 100.000000
8, 17, 29, 100.000000
8, 17, 30, 100.000000
8, 17, 31, 100.000000
8, 17, 32, 100.000000
8, 17, 33, 100.000000
8, 17, 34, 100.000000
8, 18, 0, 0.392946
8, 18, 1, -0.164591
8, 18, 2, -0.443407
8, 18, 3, -0.422594
8, 18, 4, -0.440004
8, 18, 5, -0.466179
8, 18, 6, -0.442868
8, 18, 7, -0.469654
8, 18, 8, -0.483580
8, 18, 9, -0.419016
8, 18, 10, -0.216276
8, 18, 11, 0.127774
8, 18, 12, 0.614869
8, 18, 13, 1.207272
8, 18, 14, 1.993738
8, 18, 15, 100.000000
8, 18, 16, 100.000000
8, 18, 17, 100.000000
8, 18, 18, 100.000000
8, 18, 19, 100.000000
8, 18, 20, 100.000000
8, 18, 21, 100.000000
8, 18, 22, 100.000000
8, 18, 23, 100.000000
8, 18, 24, 100.000000
8, 18, 25, 100.000000
8, 18, 26, 100.000000
8, 18, 27, 100.000000
8, 18, 28, 100.000000
8, 18, 29, 100.000000
8, 18, 30, 100.000000
8, 18, 31, 100.000000
8, 18, 32, 100.000000
8, 18, 33, 100.000000
8, 18, 34, 100.000000
8, 19, 0, 0.398578
8, 19, 1, -0.169177
8, 19, 2, -0.452072
8, 19, 3, -0.410665
8, 19, 4, -0.471425
8, 19, 5, -0.441230
8, 19, 6, -0.431741
8, 19, 7, -0.436559
8, 19, 8, -0.439197
8, 19, 9, -0.417218
8, 19, 10, -0.217561
8, 19, 11, 0.133506
8, 19, 12, 0.655548
8, 19, 13, 1.213750
8, 19, 14, 1.855700
8, 19, 15, 100.000000
8, 19, 16, 100.000000
8, 19, 17, 100.000000
8, 19, 18, 100.000000
8, 19, 19, 100.000000
8, 19, 20, 100.000000
8, 19, 21, 100.000000
8, 19, 22, 100.000000
8, 19, 23, 100.000000
8, 19, 24, 100.000000
8, 19, 25, 100.000000
8, 19, 26, 100.000000
8, 19, 27, 100.000000
8, 19, 28, 100.000000
8, 19, 29, 100.000000
8, 19, 30, 100.000000
8, 19, 31, 100.000000
8, 19, 32, 100.000000
8, 19, 33, 100.000000
8, 19, 34, 100.000000
8, 20, 0, 0.391261
8, 20, 1, -0.173998
8, 20, 2, -0.468520
8, 20, 3, -0.425991
8, 20, 4, -0.466781
8, 20, 5, -0.447498
8, 20, 6, -0.444743
8, 20, 7, -0.445944
8, 20, 8, -0.471174
8, 20, 9, -0.389433
8, 20, 10, -0.199669
8, 20, 11, 0.138358
8, 20, 12, 0.671170
8, 20, 13, 1.234605
8, 20, 14, 1.897540
8, 20, 15, 100.000000
8, 20, 16, 100.000000
8, 20, 17, 100.000000
8, 20, 18, 100.000000
8, 20, 19, 100.000000
8, 20, 20, 100.000000
8, 20, 21, 100.000000
8, 20, 22, 100.000000
8, 20, 23, 100.000000
8, 20, 24, 100.000000
8, 20, 25, 100.000000
8, 20, 26, 100.000000
8, 20, 27, 100.000000
8, 20, 28, 100.000000
8, 20, 29, 100.000000
8, 20, 30, 100.000000
8, 20, 31, 100.000000
8, 20, 32, 100.000000
8, 20, 33, 100.000000
8, 20, 34, 100.000000
8, 21, 0, 0.387015
8, 21, 1, -0.182928
8, 21, 2, -0.477996
8, 21, 3, -0.437673
8, 21, 4, -0.462490
8, 21, 5, -0.440899
8, 21, 6, -0.433068
8, 21, 7, -0.460378
8, 21, 8, -0.471321
8, 21, 9, -0.353646
8, 21, 10, -0.187469
8, 21, 11, 0.130092
8, 21, 12, 0.631633
8, 21, 13, 1.210611
8, 21, 14, 1.908557
8, 21, 15, 100.000000
8, 21, 16, 100.000000
8, 21, 17, 100.000000
8, 21, 18, 100.000000
8, 21, 19, 100.000000
8, 21, 20, 100.000000
8, 21, 21, 100.000000
8, 21, 22, 100.000000
8, 21, 23, 100.000000
8, 21, 24, 100.000000
8, 21, 25, 100.000000
8, 21, 26, 100.000000
8, 21, 27, 100.000000
8, 21, 28, 100.000000
8, 21, 29, 100.000000
8, 21, 30, 100.000000
8, 21, 31, 100.000000
8, 21, 32, 100.000000
8, 21, 33, 100.000000
8, 21, 34, 100.000000
8, 22, 0, 0.399548
8, 22, 1, -0.163971
8, 22, 2, -0.483729
8, 22, 3, -0.455717
8, 22, 4, -0.458185
8, 22, 5, -0.412021
8, 22, 6, -0.413324
8, 22, 7, -0.453416
8, 22, 8, -0.441986
8, 22, 9, -0.344255
8, 22, 10, -0.184192
8, 22, 11, 0.110768
8, 22, 12, 0.561934
8, 22, 13, 1.141468
8, 22, 14, 1.560554
8, 22, 15, 2.482213
8, 22, 16, 100.000000
8, 22, 17, 100.000000
8, 22, 18, 100.000000
8, 22, 19, 100.000000
8, 22, 20, 100.000000
8, 22, 21, 100.000000
8, 22, 22, 100.000000
8, 22, 23, 100.000000
8, 22, 24, 100.000000
8, 22, 25, 100.000000
8, 22, 26, 100.000000
8, 22, 27, 100.000000
8, 22, 28, 100.000000
8, 22, 29, 100.000000
8, 22, 30, 100.000000
8, 22, 31, 100.000000
8, 22, 32, 100.000000
8, 22, 33, 100.000000
8, 22, 34, 100.000000
8, 23, 0, 0.412381
8, 23, 1, -0.150514
8, 23, 2, -0.445690
8, 23, 3, -0.453270
8, 23, 4, -0.451144
8, 23, 5, -0.417571
8, 23, 6, -0.452829
8, 23, 7, -0.478427
8, 23, 8, -0.440623
8, 23, 9, -0.371166
8, 23, 10, -0.218017
8, 23, 11, 0.082399
8, 23, 12, 0.524544
8, 23, 13, 1.063832
8, 23, 14, 1.500200
8, 23, 15, 2.419647
8, 23, 16, 100.000000
8, 23, 17, 100.000000
8, 23, 18, 100.000000
8, 23, 19, 100.000000
8, 23, 20, 100.000000
8, 23, 21, 100.000000
8, 23, 22, 100.000000
8, 23, 23, 100.000000
8, 23, 24, 100.000000
8, 23, 25, 100.000000
8, 23, 26, 100.000000
8, 23, 27, 100.000000
8, 23, 28, 100.000000
8, 23, 29, 100.000000
8, 23, 30, 100.000000
8, 23, 31, 100.000000
8, 23, 32, 100.000000
8, 23, 33, 100.000000
8, 23, 34, 100.000000
8, 24, 0, 0.406815
8, 24, 1, -0.159651
8, 24, 2, -0.483107
8, 24, 3, -0.485828
8, 24, 4, -0.435054
8, 24, 5, -0.413121
8, 24, 6, -0.438532
8, 24, 7, -0.449208
8, 24, 8, -0.443248
8, 24, 9, -0.401466
8, 24, 10, -0.247244
8, 24, 11, 0.069605
8, 24, 12, 0.527874
8, 24, 13, 1.078810
8, 24, 14, 1.642179
8, 24, 15, 100.000000
8, 24, 16, 100.000000
8, 24, 17, 100.000000
8, 24, 18, 100.000000
8, 24, 19, 100.000000
8, 24, 20, 100.000000
8, 24, 21, 100.000000
8, 24, 22, 100.000000
8, 24, 23, 100.000000
8, 24, 24, 100.000000
8, 24, 25, 100.000000
8, 24, 26, 100.000000
8, 24, 27, 100.000000
8, 24, 28, 100.000000
8, 24, 29, 100.000000
8, 24, 30, 100.000000
8, 24, 31, 100.000000
8, 24, 32, 100.000000
8, 24, 33, 100.000000
8, 24, 34, 100.000000
8, 25, 0, 0.406948
8, 25, 1, -0.157728
8, 25, 2, -0.463223
8, 25, 3, -0.474663
8, 25, 4, -0.431934
8, 25, 5, -0.428533
8, 25, 6, -0.451408
8, 25, 7, -0.427716
8, 25, 8, -0.438793
8, 25, 9, -0.424061
8, 25, 10, -0.248687
8, 25, 11, 0.084794
8, 25, 12, 0.550803
8, 25, 13, 1.136090
8, 25, 14, 1.788472
8, 25, 15, 100.000000
8, 25, 16, 100.000000
8, 25, 17, 100.000000
8, 25, 18, 100.000000
8, 25, 19, 100.000000
8, 25, 20, 100.000000
8, 25, 21, 100.000000
8, 25, 22, 100.000000
8, 25, 23, 100.000000
8, 25, 24, 100.000000
8, 25, 25, 100.000000
8, 25, 26, 100.000000
8, 25, 27, 100.000000
8, 25, 28, 100.000000
8, 25, 29, 100.000000
8, 25, 30, 100.000000
8, 25, 31, 100.000000
8, 25, 32, 100.000000
8, 25, 33, 100.000000
8, 25, 34, 100.000000
8, 26, 0, 0.401852
8, 26, 1, -0.162418
8, 26, 2, -0.470948
8, 26, 3, -0.496060
8, 26, 4, -0.407486
8, 26, 5, -0.402207
8, 26, 6, -0.399765
8, 26, 7, -0.387825
8, 26, 8, -0.406186
8, 26, 9, -0.428119
8, 26, 10, -0.237835
8, 26, 11, 0.122966
8, 26, 12, 0.605177
8, 26, 13, 1.186486
8, 26, 14, 1.914651
8, 26, 15, 100.000000
8, 26, 16, 100.000000
8, 26, 17, 100.000000
8, 26, 18, 100.000000
8, 26, 19, 100.000000
8, 26, 20, 100.000000
8, 26, 21, 100.000000
8, 26, 22, 100.000000
8, 26, 23, 100.000000
8, 26, 24, 100.000000
8, 26, 25, 100.000000
8, 26, 26, 100.000000
8, 26, 27, 100.000000
8, 26, 28, 100.000000
8, 26, 29, 100.000000
8, 26, 30, 100.000000
8, 26, 31, 100.000000
8, 26, 32, 100.000000
8, 26, 33, 100.000000
8, 26, 34, 100.000000
8, 27, 0, 0.386176
8, 27, 1, -0.176040
8, 27, 2, -0.479949
8, 27, 3, -0.474287
8, 27, 4, -0.396148
8, 27, 5, -0.375146
8, 27, 6, -0.366338
8, 27, 7, -0.342651
8, 27, 8, -0.367009
8, 27, 9, -0.376677
8, 27, 10, -0.196455
8, 27, 11, 0.150846
8, 27, 12, 0.648031
8, 27, 13, 1.233061
8, 27, 14, 1.892852
8, 27, 15, 100.000000
8, 27, 16, 100.000000
8, 27, 17, 100.000000
8, 27, 18, 100.000000
8, 27, 19, 100.000000
8, 27, 20, 100.000000
8, 27, 21, 100.000000
8, 27, 22, 100.000000
8, 27, 23, 100.000000
8, 27, 24, 100.000000
8, 27, 25, 100.000000
8, 27, 26, 100.000000
8, 27, 27, 100.000000
8, 27, 28, 100.000000
8, 27, 29, 100.000000
8, 27, 30, 100.000000
8, 27, 31, 100.000000
8, 27, 32, 100.000000
8, 27, 33, 100.000000
8, 27, 34, 100.000000
8, 28, 0, 0.397625
8, 28, 1, -0.153383
8, 28, 2, -0.436623
8, 28, 3, -0.461021
8, 28, 4, -0.399410
8, 28, 5, -0.339449
8, 28, 6, -0.340856
8, 28, 7, -0.374133
8, 28, 8, -0.371722
8, 28, 9, -0.310032
8, 28, 10, -0.177976
8, 28, 11, 0.130231
8, 28, 12, 0.637106
8, 28, 13, 1.173752
8, 28, 14, 1.502451
8, 28, 15, 2.392029
8, 28, 16, 100.000000
8, 28, 17, 100.000000
8, 28, 18, 100.000000
8, 28, 19, 100.000000
8, 28, 20, 100.000000
8, 28, 21, 100.000000
8, 28, 22, 100.000000
8, 28, 23, 100.000000
8, 28, 24, 100.000000
8, 28, 25, 100.000000
8, 28, 26, 100.000000
8, 28, 27, 100.000000
8, 28, 28, 100.000000
8, 28, 29, 100.000000
8, 28, 30, 100.000000
8, 28, 31, 100.000000
8, 28, 32, 100.000000
8, 28, 33, 100.000000
8, 28, 34, 100.000000
8, 29, 0, 0.505061
8, 29, 1, 0.033185
8, 29, 2, -0.108232
8, 29, 3, -0.129100
8, 29, 4, -0.121415
8, 29, 5, -0.094257
8, 29, 6, -0.090475
8, 29, 7, -0.112895
8, 29, 8, -0.086319
8, 29, 9, -0.048885
8, 29, 10, -0.042179
8, 29, 11, 0.125663
8, 29, 12, 0.584950
8, 29, 13, 1.028884
8, 29, 14, 1.238974
8, 29, 15, 2.085246
8, 29, 16, 100.000000
8, 29, 17, 100.000000
8, 29, 18, 100.000000
8, 29, 19, 100.000000
8, 29, 20, 100.000000
8, 29, 21, 100.000000
8, 29, 22, 100.000000
8, 29, 23, 100.000000
8, 29, 24, 100.000000
8, 29, 25, 100.000000
8, 29, 26, 100.000000
8, 29, 27, 100.000000
8, 29, 28, 100.000000
8, 29, 29, 100.000000
8, 29, 30, 100.000000
8, 29, 31, 100.000000
8, 29, 32, 100.000000
8, 29, 33, 100.000000
8, 29, 34, 100.000000
9, 0, 0, 0.748491
9, 0, 1, 0.474829
9, 0, 2, 0.419690
9, 0, 3, 0.438874
9, 0, 4, 0.455874
9, 0, 5, 0.456976
9, 0, 6, 0.467628
9, 0, 7, 0.486325
9, 0, 8, 0.474167
9, 0, 9, 0.470040
9, 0, 10, 0.545273
9, 0, 11, 0.783825
9, 0, 12, 1.242824
9, 0, 13, 1.920248
9, 0, 14, 100.000000
9, 0, 15, 100.000000
9, 0, 16, 100.000000
9, 0, 17, 100.000000
9, 0, 18, 100.000000
9, 0, 19, 100.000000
9, 0, 20, 100.000000
9, 0, 21, 100.000000
9, 0, 22, 100.000000
9, 0, 23, 100.000000
9, 0, 24, 100.000000
9, 0, 25, 100.000000
9, 0, 26, 100.000000
9, 0, 27, 100.000000
9, 0, 28, 100.000000
9, 0, 29, 100.000000
9, 0, 30, 100.000000
9, 0, 31, 100.000000
9, 0, 32, 100.000000
9, 0, 33, 100.000000
9, 0, 34, 100.000000
9, 1, 0, 0.507232
9, 1, 1, 0.082239
9, 1, 2, -0.090692
9, 1, 3, -0.112562
9, 1, 4, -0.119838
9, 1, 5, -0.112995
9, 1, 6, -0.095506
9, 1, 7, -0.063938
9, 1, 8, -0.040662
9, 1, 9, -0.013240
9, 1, 10, 0.120112
9, 1, 11, 0.479091
9, 1, 12, 0.998058
9, 1, 13, 1.733214
9, 1, 14, 100.000000
9, 1, 15, 100.000000
9, 1, 16, 100.000000
9, 1, 17, 100.000000
9, 1, 18, 100.000000
9, 1, 19, 100.000000
9, 1, 20, 100.000000
9, 1, 21, 100.000000
9, 1, 22, 100.000000
9, 1, 23, 100.000000
9, 1, 24, 100.000000
9, 1, 25, 100.000000
9, 1, 26, 100.000000
9, 1, 27, 100.000000
9, 1, 28, 100.000000
9, 1, 29, 100.000000
9, 1, 30, 100.000000
9, 1, 31, 100.000000
9, 1, 32, 100.000000
9, 1, 33, 100.000000
9, 1, 34, 100.000000
9, 2, 0, 0.441008
9, 2, 1, -0.062045
9, 2, 2, -0.356439
9, 2, 3, -0.427138
9, 2, 4, -0.459327
9, 2, 5, -0.418238
9, 2, 6, -0.373776
9, 2, 7, -0.373677
9, 2, 8, -0.340359
9, 2, 9, -0.273907
9, 2, 10, -0.065544
9, 2, 11, 0.346024
9, 2, 12, 0.879281
9, 2, 13, 1.529817
9, 2, 14, 2.372403
9, 2, 15, 100.000000
9, 2, 16, 100.000000
9, 2, 17, 100.000000
9, 2, 18, 100.000000
9, 2, 19, 100.000000
9, 2, 20, 100.000000
9, 2, 21, 100.000000
9, 2, 22, 100.000000
9, 2, 23, 100.000000
9, 2, 24, 100.000000
9, 2, 25, 100.000000
9, 2, 26, 100.000000
9, 2, 27, 100.000000
9, 2, 28, 100.000000
9, 2, 29, 100.000000
9, 2, 30, 100.000000
9, 2, 31, 100.000000
9, 2, 32, 100.000000
9, 2, 33, 100.000000
9, 2, 34, 100.000000
9, 3, 0, 0.444905
9, 3, 1, -0.109874
9, 3, 2, -0.430898
9, 3, 3, -0.468326
9, 3, 4, -0.465077
9, 3, 5, -0.450862
9, 3, 6, -0.419507
9, 3, 7, -0.424540
9, 3, 8, -0.420680
9, 3, 9, -0.330016
9, 3, 10, -0.063764
9, 3, 11, 0.371497
9, 3, 12, 0.890074
9, 3, 13, 1.410647
9, 3, 14, 2.127281
9, 3, 15, 100.000000
9, 3, 16, 100.000000
9, 3, 17, 100.000000
9, 3, 18, 100.000000
9, 3, 19, 100.000000
9, 3, 20, 100.000000
9, 3, 21, 100.000000
9, 3, 22, 100.000000
9, 3, 23, 100.000000
9, 3, 24, 100.000000
9, 3, 25, 100.000000
9, 3, 26, 100.000000
9, 3, 27, 100.000000
9, 3, 28, 100.000000
9, 3, 29, 100.000000
9, 3, 30, 100.000000
9, 3, 31, 100.000000
9, 3, 32, 100.000000
9, 3, 33, 100.000000
9, 3, 34, 100.000000
9, 4, 0, 0.438722
9, 4, 1, -0.128698
9, 4, 2, -0.430632
9, 4, 3, -0.480742
9, 4, 4, -0.484938
9, 4, 5, -0.475481
9, 4, 6, -0.440851
9, 4, 7, -0.414190
9, 4, 8, -0.410354
9, 4, 9, -0.325067
9, 4, 10, -0.024381
9, 4, 11, 0.422750
9, 4, 12, 0.963099
9, 4, 13, 1.458122
9, 4, 14, 2.236191
9, 4, 15, 100.000000
9, 4, 16, 100.000000
9, 4, 17, 100.000000
9, 4, 18, 100.000000
9, 4, 19, 100.000000
9, 4, 20, 100.000000
9, 4, 21, 100.000000
9, 4, 22, 100.000000
9, 4, 23, 100.000000
9, 4, 24, 100.000000
9, 4, 25, 100.000000
9, 4, 26, 100.000000
9, 4, 27, 100.000000
9, 4, 28, 100.000000
9, 4, 29, 100.000000
9, 4, 30, 100.000000
9, 4, 31, 100.000000
9, 4, 32, 100.000000
9, 4, 33, 100.000000
9, 4, 34, 100.000000
9, 5, 0, 0.423039
9, 5, 1, -0.124954
9, 5, 2, -0.423561
9, 5, 3, -0.483223
9, 5, 4, -0.481407
9, 5, 5, -0.488055
9, 5, 6, -0.479928
9, 5, 7, -0.462357
9, 5, 8, -0.404284
9, 5, 9, -0.298934
9, 5, 10, -0.011844
9, 5, 11, 0.462394
9, 5, 12, 1.045011
9, 5, 13, 1.622490
9, 5, 14, 100.000000
9, 5, 15, 100.000000
9, 5, 16, 100.000000
9, 5, 17, 100.000000
9, 5, 18, 100.000000
9, 5, 19, 100.000000
9, 5, 20, 100.000000
9, 5, 21, 100.000000
9, 5, 22, 100.000000
9, 5, 23, 100.000000
9, 5, 24, 100.000000
9, 5, 25, 100.000000
9, 5, 26, 100.000000
9, 5, 27, 100.000000
9, 5, 28, 100.000000
9, 5, 29, 100.000000
9, 5, 30, 100.000000
9, 5, 31, 100.000000
9, 5, 32, 100.000000
9, 5, 33, 100.000000
9, 5, 34, 100.000000
9, 6, 0, 0.437357
9, 6, 1, -0.111198
9, 6, 2, -0.428587
9, 6, 3, -0.487428
9, 6, 4, -0.480346
9, 6, 5, -0.477765
9, 6, 6, -0.465094
9, 6, 7, -0.479486
9, 6, 8, -0.410160
9, 6, 9, -0.275215
9, 6, 10, -0.001934
9, 6, 11, 0.446013
9, 6, 12, 1.036380
9, 6, 13, 1.706088
9, 6, 14, 100.000000
9, 6, 15, 100.000000
9, 6, 16, 100.000000
9, 6, 17, 100.000000
9, 6, 18, 100.000000
9, 6, 19, 100.000000
9, 6, 20, 100.000000
9, 6, 21, 100.000000
9, 6, 22, 100.000000
9, 6, 23, 100.000000
9, 6, 24, 100.000000
9, 6, 25, 100.000000
9, 6, 26, 100.000000
9, 6, 27, 100.000000
9, 6, 28, 100.000000
9, 6, 29, 100.000000
9, 6, 30, 100.000000
9, 6, 31, 100.000000
9, 6, 32, 100.000000
9, 6, 33, 100.000000
9, 6, 34, 100.000000
9, 7, 0, 0.450360
9, 7, 1, -0.131161
9, 7, 2, -0.446560
9, 7, 3, -0.463646
9, 7, 4, -0.474189
9, 7, 5, -0.459727
9, 7, 6, -0.461963
9, 7, 7, -0.473984
9, 7, 8, -0.430182
9, 7, 9, -0.273918
9, 7, 10, -0.014252
9, 7, 11, 0.413626
9, 7, 12, 0.994784
9, 7, 13, 1.687086
9, 7, 14, 100.000000
9, 7, 15, 100.000000
9, 7, 16, 100.000000
9, 7, 17, 100.000000
9, 7, 18, 100.000000
9, 7, 19, 100.000000
9, 7, 20, 100.000000
9, 7, 21, 100.000000
9, 7, 22, 100.000000
9, 7, 23, 100.000000
9, 7, 24, 100.000000
9, 7, 25, 100.000000
9, 7, 26, 100.000000
9, 7, 27, 100.000000
9, 7, 28, 100.000000
9, 7, 29, 100.000000
9, 7, 30, 100.000000
9, 7, 31, 100.000000
9, 7, 32, 100.000000
9, 7, 33, 100.000000
9, 7, 34, 100.000000
9, 8, 0, 0.431451
9, 8, 1, -0.148505
9, 8, 2, -0.451421
9, 8, 3, -0.483141
9, 8, 4, -0.480676
9, 8, 5, -0.455175
9, 8, 6, -0.459867
9, 8, 7, -0.469808
9, 8, 8, -0.412165
9, 8, 9, -0.283467
9, 8, 10, -0.076580
9, 8, 11, 0.337650
9, 8, 12, 0.917310
9, 8, 13, 1.593063
9, 8, 14, 100.000000
9, 8, 15, 100.000000
9, 8, 16, 100.000000
9, 8, 17, 100.000000
9, 8, 18, 100.000000
9, 8, 19, 100.000000
9, 8, 20, 100.000000
9, 8, 21, 100.000000
9, 8, 22, 100.000000
9, 8, 23, 100.000000
9, 8, 24, 100.000000
9, 8, 25, 100.000000
9, 8, 26, 100.000000
9, 8, 27, 100.000000
9, 8, 28, 100.000000
9, 8, 29, 100.000000
9, 8, 30, 100.000000
9, 8, 31, 100.000000
9, 8, 32, 100.000000
9, 8, 33, 100.000000
9, 8, 34, 100.000000
9, 9, 0, 0.411947
9, 9, 1, -0.137599
9, 9, 2, -0.438858
9, 9, 3, -0.476951
9, 9, 4, -0.476883
9, 9, 5, -0.458661
9, 9, 6, -0.472227
9, 9, 7, -0.458687
9, 9, 8, -0.406452
9, 9, 9, -0.287886
9, 9, 10, -0.086834
9, 9, 11, 0.279500
9, 9, 12, 0.840237
9, 9, 13, 1.517967
9, 9, 14, 2.418041
9, 9, 15, 100.000000
9, 9, 16, 100.000000
9, 9, 17, 100.000000
9, 9, 18, 100.000000
9, 9, 19, 100.000000
9, 9, 20, 100.000000
9, 9, 21, 100.000000
9, 9, 22, 100.000000
9, 9, 23, 100.000000
9, 9, 24, 100.000000
9, 9, 25, 100.000000
9, 9, 26, 100.000000
9, 9, 27, 100.000000
9, 9, 28, 100.000000
9, 9, 29, 100.000000
9, 9, 30, 100.000000
9, 9, 31, 100.000000
9, 9, 32, 100.000000
9, 9, 33, 100.000000
9, 9, 34, 100.000000
9, 10, 0, 0.408403
9, 10, 1, -0.131592
9, 10, 2, -0.438272
9, 10, 3, -0.483837
9, 10, 4, -0.485010
9, 10, 5, -0.464605
9, 10, 6, -0.463864
9, 10, 7, -0.460556
9, 10, 8, -0.403645
9, 10, 9, -0.293794
9, 10, 10, -0.090227
9, 10, 11, 0.282512
9, 10, 12, 0.802968
9, 10, 13, 1.484950
9, 10, 14, 2.288268
9, 10, 15, 100.000000
9, 10, 16, 100.000000
9, 10, 17, 100.000000
9, 10, 18, 100.000000
9, 10, 19, 100.000000
9, 10, 20, 100.000000
9, 10, 21, 100.000000
9, 10, 22, 100.000000
9, 10, 23, 100.000000
9, 10, 24, 100.000000
9, 10, 25, 100.000000
9, 10, 26, 100.000000
9, 10, 27, 100.000000
9, 10, 28, 100.000000
9, 10, 29, 100.000000
9, 10, 30, 100.000000
9, 10, 31, 100.000000
9, 10, 32, 100.000000
9, 10, 33, 100.000000
9, 10, 34, 100.000000
9, 11, 0, 0.418138
9, 11, 1, -0.140439
9, 11, 2, -0.458925
9, 11, 3, -0.483530
9, 11, 4, -0.471188
9, 11, 5, -0.483038
9, 11, 6, -0.474028
9, 11, 7, -0.475847
9, 11, 8, -0.416798
9, 11, 9, -0.325210
9, 11, 10, -0.108407
9, 11, 11, 0.279967
9, 11, 12, 0.789063
9, 11, 13, 1.455545
9, 11, 14, 2.353831
9, 11, 15, 100.000000
9, 11, 16, 100.000000
9, 11, 17, 100.000000
9, 11, 18, 100.000000
9, 11, 19, 100.000000
9, 11, 20, 100.000000
9, 11, 21, 100.000000
9, 11, 22, 100.000000
9, 11, 23, 100.000000
9, 11, 24, 100.000000
9, 11, 25, 100.000000
9, 11, 26, 100.000000
9, 11, 27, 100.000000
9, 11, 28, 100.000000
9, 11, 29, 100.000000
9, 11, 30, 100.000000
9, 11, 31, 100.000000
9, 11, 32, 100.000000
9, 11, 33, 100.000000
9, 11, 34, 100.000000
9, 12, 0, 0.422370
9, 12, 1, -0.133616
9, 12, 2, -0.475021
9, 12, 3, -0.458053
9, 12, 4, -0.486311
9, 12, 5, -0.486232
9, 12, 6, -0.479976
9, 12, 7, -0.453838
9, 12, 8, -0.459613
9, 12, 9, -0.360405
9, 12, 10, -0.120310
9, 12, 11, 0.267587
9, 12, 12, 0.764900
9, 12, 13, 1.342520
9, 12, 14, 2.041232
9, 12, 15, 100.000000
9, 12, 16, 100.000000
9, 12, 17, 100.000000
9, 12, 18, 100.000000
9, 12, 19, 100.000000
9, 12, 20, 100.000000
9, 12, 21, 100.000000
9, 12, 22, 100.000000
9, 12, 23, 100.000000
9, 12, 24, 100.000000
9, 12, 25, 100.000000
9, 12, 26, 100.000000
9, 12, 27, 100.000000
9, 12, 28, 100.000000
9, 12, 29, 100.000000
9, 12, 30, 100.000000
9, 12, 31, 100.000000
9, 12, 32, 100.000000
9, 12, 33, 100.000000
9, 12, 34, 100.000000
9, 13, 0, 0.411552
9, 13, 1, -0.130914
9, 13, 2, -0.466011
9, 13, 3, -0.456483
9, 13, 4, -0.462035
9, 13, 5, -0.463568
9, 13, 6, -0.467925
9, 13, 7, -0.462808
9, 13, 8, -0.469670
9, 13, 9, -0.415581
9, 13, 10, -0.154364
9, 13, 11, 0.209678
9, 13, 12, 0.719774
9, 13, 13, 1.261477
9, 13, 14, 1.814736
9, 13, 15, 100.000000
9, 13, 16, 100.000000
9, 13, 17, 100.000000
9, 13, 18, 100.000000
9, 13, 19, 100.000000
9, 13, 20, 100.000000
9, 13, 21, 100.000000
9, 13, 22, 100.000000
9, 13, 23, 100.000000
9, 13, 24, 100.000000
9, 13, 25, 100.000000
9, 13, 26, 100.000000
9, 13, 27, 100.000000
9, 13, 28, 100.000000
9, 13, 29, 100.000000
9, 13, 30, 100.000000
9, 13, 31, 100.000000
9, 13, 32, 100.000000
9, 13, 33, 100.000000
9, 13, 34, 100.000000
9, 14, 0, 0.407098
9, 14, 1, -0.140367
9, 14, 2, -0.490686
9, 14, 3, -0.455756
9, 14, 4, -0.446425
9, 14, 5, -0.443301
9, 14, 6, -0.462597
9, 14, 7, -0.470147
9, 14, 8, -0.483336
9, 14, 9, -0.433798
9, 14, 10, -0.236513
9, 14, 11, 0.122569
9, 14, 12, 0.652681
9, 14, 13, 1.200853
9, 14, 14, 1.806837
9, 14, 15, 100.000000
9, 14, 16, 100.000000
9, 14, 17, 100.000000
9, 14, 18, 100.000000
9, 14, 19, 100.000000
9, 14, 20, 100.000000
9, 14, 21, 100.000000
9, 14, 22, 100.000000
9, 14, 23, 100.000000
9, 14, 24, 100.000000
9, 14, 25, 100.000000
9, 14, 26, 100.000000
9, 14, 27, 100.000000
9, 14, 28, 100.000000
9, 14, 29, 100.000000
9, 14, 30, 100.000000
9, 14, 31, 100.000000
9, 14, 32, 100.000000
9, 14, 33, 100.000000
9, 14, 34, 100.000000
9, 15, 0, 0.429622
9, 15, 1, -0.139277
9, 15, 2, -0.471496
9, 15, 3, -0.437389
9, 15, 4, -0.466197
9, 15, 5, -0.472002
9, 15, 6, -0.441505
9, 15, 7, -0.476522
9, 15, 8, -0.471850
9, 15, 9, -0.453650
9, 15, 10, -0.298907
9, 15, 11, 0.072028
9, 15, 12, 0.595482
9, 15, 13, 1.192401
9, 15, 14, 1.738672
9, 15, 15, 100.000000
9, 15, 16, 100.000000
9, 15, 17, 100.000000
9, 15, 18, 100.000000
9, 15, 19, 100.000000
9, 15, 20, 100.000000
9, 15, 21, 100.000000
9, 15, 22, 100.000000
9, 15, 23, 100.000000
9, 15, 24, 100.000000
9, 15, 25, 100.000000
9, 15, 26, 100.000000
9, 15, 27, 100.000000
9, 15, 28, 100.000000
9, 15, 29, 100.000000
9, 15, 30, 100.000000
9, 15, 31, 100.000000
9, 15, 32, 100.000000
9, 15, 33, 100.000000
9, 15, 34, 100.000000
9, 16, 0, 0.426284
9, 16, 1, -0.139609
9, 16, 2, -0.493386
9, 16, 3, -0.441787
9, 16, 4, -0.449455
9, 16, 5, -0.456207
9, 16, 6, -0.450482
9, 16, 7, -0.475993
9, 16, 8, -0.476748
9, 16, 9, -0.464062
9, 16, 10, -0.317458
9, 16, 11, 0.059427
9, 16, 12, 0.586898
9, 16, 13, 1.200276
9, 16, 14, 1.790998
9, 16, 15, 100.000000
9, 16, 16, 100.000000
9, 16, 17, 100.000000
9, 16, 18, 100.000000
9, 16, 19, 100.000000
9, 16, 20, 100.000000
9, 16, 21, 100.000000
9, 16, 22, 100.000000
9, 16, 23, 100.000000
9, 16, 24, 100.000000
9, 16, 25, 100.000000
9, 16, 26, 100.000000
9, 16, 27, 100.000000
9, 16, 28, 100.000000
9, 16, 29, 100.000000
9, 16, 30, 100.000000
9, 16, 31, 100.000000
9, 16, 32, 100.000000
9, 16, 33, 100.000000
9, 16, 34, 100.000000
9, 17, 0, 0.420765
9, 17, 1, -0.137834
9, 17, 2, -0.488801
9, 17, 3, -0.468216
9, 17, 4, -0.452739
9, 17, 5, -0.458118
9, 17, 6, -0.458138
9, 17, 7, -0.458894
9, 17, 8, -0.479529
9, 17, 9, -0.454804
9, 17, 10, -0.287645
9, 17, 11, 0.067572
9, 17, 12, 0.567260
9, 17, 13, 1.206690
9, 17, 14, 1.880502
9, 17, 15, 100.000000
9, 17, 16, 100.000000
9, 17, 17, 100.000000
9, 17, 18, 100.000000
9, 17, 19, 100.000000
9, 17, 20, 100.000000
9, 17, 21, 100.000000
9, 17, 22, 100.000000
9, 17, 23, 100.000000
9, 17, 24, 100.000000
9, 17, 25, 100.000000
9, 17, 26, 100.000000
9, 17, 27, 100.000000
9, 17, 28, 100.000000
9, 17, 29, 100.000000
9, 17, 30, 100.000000
9, 17, 31, 100.000000
9, 17, 32, 100.000000
9, 17, 33, 100.000000
9, 17, 34, 100.000000
9, 18, 0, 0.413517
9, 18, 1, -0.146771
9, 18, 2, -0.491926
9, 18, 3, -0.433624
9, 18, 4, -0.428361
9, 18, 5, -0.474009
9, 18, 6, -0.461887
9, 18, 7, -0.465272
9, 18, 8, -0.457702
9, 18, 9, -0.438046
9, 18, 10, -0.261197
9, 18, 11, 0.083213
9, 18, 12, 0.583765
9, 18, 13, 1.224620
9, 18, 14, 1.847188
9, 18, 15, 100.000000
9, 18, 16, 100.000000
9, 18, 17, 100.000000
9, 18, 18, 100.000000
9, 18, 19, 100.000000
9, 18, 20, 100.000000
9, 18, 21, 100.000000
9, 18, 22, 100.000000
9, 18, 23, 100.000000
9, 18, 24, 100.000000
9, 18, 25, 100.000000
9, 18, 26, 100.000000
9, 18, 27, 100.000000
9, 18, 28, 100.000000
9, 18, 29, 100.000000
9, 18, 30, 100.000000
9, 18, 31, 100.000000
9, 18, 32, 100.000000
9, 18, 33, 100.000000
9, 18, 34, 100.000000
9, 19, 0, 0.396711
9, 19, 1, -0.154851
9, 19, 2, -0.491664
9, 19, 3, -0.426312
9, 19, 4, -0.452633
9, 19, 5, -0.449907
9, 19, 6, -0.418026
9, 19, 7, -0.423389
9, 19, 8, -0.436764
9, 19, 9, -0.431959
9, 19, 10, -0.246921
9, 19, 11, 0.108028
9, 19, 12, 0.652219
9, 19, 13, 1.266029
9, 19, 14, 1.793307
9, 19, 15, 100.000000
9, 19, 16, 100.000000
9, 19, 17, 100.000000
9, 19, 18, 100.000000
9, 19, 19, 100.000000
9, 19, 20, 100.000000
9, 19, 21, 100.000000
9, 19, 22, 100.000000
9, 19, 23, 100.000000
9, 19, 24, 100.000000
9, 19, 25, 100.000000
9, 19, 26, 100.000000
9, 19, 27, 100.000000
9, 19, 28, 100.000000
9, 19, 29, 100.000000
9, 19, 30, 100.000000
9, 19, 31, 100.000000
9, 19, 32, 100.000000
9, 19, 33, 100.000000
9, 19, 34, 100.000000
9, 20, 0, 0.380543
9, 20, 1, -0.164168
9, 20, 2, -0.486510
9, 20, 3, -0.445712
9, 20, 4, -0.480749
9, 20, 5, -0.463523
9, 20, 6, -0.426442
9, 20, 7, -0.454903
9, 20, 8, -0.474663
9, 20, 9, -0.406890
9, 20, 10, -0.224281
9, 20, 11, 0.132456
9, 20, 12, 0.684480
9, 20, 13, 1.295546
9, 20, 14, 1.947396
9, 20, 15, 100.000000
9, 20, 16, 100.000000
9, 20, 17, 100.000000
9, 20, 18, 100.000000
9, 20, 19, 100.000000
9, 20, 20, 100.000000
9, 20, 21, 100.000000
9, 20, 22, 100.000000
9, 20, 23, 100.000000
9, 20, 24, 100.000000
9, 20, 25, 100.000000
9, 20, 26, 100.000000
9, 20, 27, 100.000000
9, 20, 28, 100.000000
9, 20, 29, 100.000000
9, 20, 30, 100.000000
9, 20, 31, 100.000000
9, 20, 32, 100.000000
9, 20, 33, 100.000000
9, 20, 34, 100.000000
9, 21, 0, 0.388135
9, 21, 1, -0.166540
9, 21, 2, -0.492595
9, 21, 3, -0.450093
9, 21, 4, -0.490828
9, 21, 5, -0.454719
9, 21, 6, -0.436439
9, 21, 7, -0.462550
9, 21, 8, -0.484843
9, 21, 9, -0.382337
9, 21, 10, -0.212533
9, 21, 11, 0.125510
9, 21, 12, 0.621684
9, 21, 13, 1.239097
9, 21, 14, 1.992159
9, 21, 15, 100.000000
9, 21, 16, 100.000000
9, 21, 17, 100.000000
9, 21, 18, 100.000000
9, 21, 19, 100.000000
9, 21, 20, 100.000000
9, 21, 21, 100.000000
9, 21, 22, 100.000000
9, 21, 23, 100.000000
9, 21, 24, 100.000000
9, 21, 25, 100.000000
9, 21, 26, 100.000000
9, 21, 27, 100.000000
9, 21, 28, 100.000000
9, 21, 29, 100.000000
9, 21, 30, 100.000000
9, 21, 31, 100.000000
9, 21, 32, 100.000000
9, 21, 33, 100.000000
9, 21, 34, 100.000000
9, 22, 0, 0.403820
9, 22, 1, -0.155511
9, 22, 2, -0.488006
9, 22, 3, -0.443768
9, 22, 4, -0.457729
9, 22, 5, -0.427102
9, 22, 6, -0.421301
9, 22, 7, -0.448743
9, 22, 8, -0.472716
9, 22, 9, -0.383745
9, 22, 10, -0.209009
9, 22, 11, 0.099068
9, 22, 12, 0.543408
9, 22, 13, 1.150934
9, 22, 14, 1.732854
9, 22, 15, 100.000000
9, 22, 16, 100.000000
9, 22, 17, 100.000000
9, 22, 18, 100.000000
9, 22, 19, 100.000000
9, 22, 20, 100.000000
9, 22, 21, 100.000000
9, 22, 22, 100.000000
9, 22, 23, 100.000000
9, 22, 24, 100.000000
9, 22, 25, 100.000000
9, 22, 26, 100.000000
9, 22, 27, 100.000000
9, 22, 28, 100.000000
9, 22, 29, 100.000000
9, 22, 30, 100.000000
9, 22, 31, 100.000000
9, 22, 32, 100.000000
9, 22, 33, 100.000000
9, 22, 34, 100.000000
9, 23, 0, 0.409359
9, 23, 1, -0.150122
9, 23, 2, -0.446308
9, 23, 3, -0.452217
9, 23, 4, -0.427259
9, 23, 5, -0.417236
9, 23, 6, -0.449420
9, 23, 7, -0.474846
9, 23, 8, -0.480830
9, 23, 9, -0.412324
9, 23, 10, -0.252256
9, 23, 11, 0.057623
9, 23, 12, 0.494999
9, 23, 13, 1.075418
9, 23, 14, 1.694829
9, 23, 15, 100.000000
9, 23, 16, 100.000000
9, 23, 17, 100.000000
9, 23, 18, 100.000000
9, 23, 19, 100.000000
9, 23, 20, 100.000000
9, 23, 21, 100.000000
9, 23, 22, 100.000000
9, 23, 23, 100.000000
9, 23, 24, 100.000000
9, 23, 25, 100.000000
9, 23, 26, 100.000000
9, 23, 27, 100.000000
9, 23, 28, 100.000000
9, 23, 29, 100.000000
9, 23, 30, 100.000000
9, 23, 31, 100.000000
9, 23, 32, 100.000000
9, 23, 33, 100.000000
9, 23, 34, 100.000000
9, 24, 0, 0.402466
9, 24, 1, -0.157413
9, 24, 2, -0.459590
9, 24, 3, -0.476930
9, 24, 4, -0.413420
9, 24, 5, -0.419029
9, 24, 6, -0.470405
9, 24, 7, -0.477507
9, 24, 8, -0.451705
9, 24, 9, -0.413310
9, 24, 10, -0.275809
9, 24, 11, 0.037775
9, 24, 12, 0.500903
9, 24, 13, 1.047983
9, 24, 14, 1.665067
9, 24, 15, 100.000000
9, 24, 16, 100.000000
9, 24, 17, 100.000000
9, 24, 18, 100.000000
9, 24, 19, 100.000000
9, 24, 20, 100.000000
9, 24, 21, 100.000000
9, 24, 22, 100.000000
9, 24, 23, 100.000000
9, 24, 24, 100.000000
9, 24, 25, 100.000000
9, 24, 26, 100.000000
9, 24, 27, 100.000000
9, 24, 28, 100.000000
9, 24, 29, 100.000000
9, 24, 30, 100.000000
9, 24, 31, 100.000000
9, 24, 32, 100.000000
9, 24, 33, 100.000000
9, 24, 34, 100.000000
9, 25, 0, 0.413779
9, 25, 1, -0.151028
9, 25, 2, -0.460370
9, 25, 3, -0.474263
9, 25, 4, -0.422543
9, 25, 5, -0.428629
9, 25, 6, -0.468884
9, 25, 7, -0.453273
9, 25, 8, -0.429938
9, 25, 9, -0.397205
9, 25, 10, -0.250064
9, 25, 11, 0.072810
9, 25, 12, 0.550480
9, 25, 13, 1.089544
9, 25, 14, 1.751271
9, 25, 15, 100.000000
9, 25, 16, 100.000000
9, 25, 17, 100.000000
9, 25, 18, 100.000000
9, 25, 19, 100.000000
9, 25, 20, 100.000000
9, 25, 21, 100.000000
9, 25, 22, 100.000000
9, 25, 23, 100.000000
9, 25, 24, 100.000000
9, 25, 25, 100.000000
9, 25, 26, 100.000000
9, 25, 27, 100.000000
9, 25, 28, 100.000000
9, 25, 29, 100.000000
9, 25, 30, 100.000000
9, 25, 31, 100.000000
9, 25, 32, 100.000000
9, 25, 33, 100.000000
9, 25, 34, 100.000000
9, 26, 0, 0.416830
9, 26, 1, -0.161778
9, 26, 2, -0.466433
9, 26, 3, -0.474557
9, 26, 4, -0.374899
9, 26, 5, -0.385882
9, 26, 6, -0.415184
9, 26, 7, -0.416390
9, 26, 8, -0.419122
9, 26, 9, -0.415411
9, 26, 10, -0.234420
9, 26, 11, 0.121366
9, 26, 12, 0.610352
9, 26, 13, 1.190104
9, 26, 14, 1.908222
9, 26, 15, 100.000000
9, 26, 16, 100.000000
9, 26, 17, 100.000000
9, 26, 18, 100.000000
9, 26, 19, 100.000000
9, 26, 20, 100.000000
9, 26, 21, 100.000000
9, 26, 22, 100.000000
9, 26, 23, 100.000000
9, 26, 24, 100.000000
9, 26, 25, 100.000000
9, 26, 26, 100.000000
9, 26, 27, 100.000000
9, 26, 28, 100.000000
9, 26, 29, 100.000000
9, 26, 30, 100.000000
9, 26, 31, 100.000000
9, 26, 32, 100.000000
9, 26, 33, 100.000000
9, 26, 34, 100.000000
9, 27, 0, 0.394974
9, 27, 1, -0.172451
9, 27, 2, -0.459127
9, 27, 3, -0.456275
9, 27, 4, -0.358143
9, 27, 5, -0.383492
9, 27, 6, -0.426097
9, 27, 7, -0.389163
9, 27, 8, -0.416997
9, 27, 9, -0.408962
9, 27, 10, -0.233181
9, 27, 11, 0.128967
9, 27, 12, 0.635715
9, 27, 13, 1.208918
9, 27, 14, 1.743011
9, 27, 15, 100.000000
9, 27, 16, 100.000000
9, 27, 17, 100.000000
9, 27, 18, 100.000000
9, 27, 19, 100.000000
9, 27, 20, 100.000000
9, 27, 21, 100.000000
9, 27, 22, 100.000000
9, 27, 23, 100.000000
9, 27, 24, 100.000000
9, 27, 25, 100.000000
9, 27, 26, 100.000000
9, 27, 27, 100.000000
9, 27, 28, 100.000000
9, 27, 29, 100.000000
9, 27, 30, 100.000000
9, 27, 31, 100.000000
9, 27, 32, 100.000000
9, 27, 33, 100.000000
9, 27, 34, 100.000000
9, 28, 0, 0.400565
9, 28, 1, -0.129606
9, 28, 2, -0.421465
9, 28, 3, -0.459580
9, 28, 4, -0.393301
9, 28, 5, -0.375794
9, 28, 6, -0.410750
9, 28, 7, -0.412690
9, 28, 8, -0.369717
9, 28, 9, -0.316570
9, 28, 10, -0.227182
9, 28, 11, 0.101223
9, 28, 12, 0.606019
9, 28, 13, 1.129358
9, 28, 14, 1.398694
9, 28, 15, 2.452485
9, 28, 16, 100.000000
9, 28, 17, 100.000000
9, 28, 18, 100.000000
9, 28, 19, 100.000000
9, 28, 20, 100.000000
9, 28, 21, 100.000000
9, 28, 22, 100.000000
9, 28, 23, 100.000000
9, 28, 24, 100.000000
9, 28, 25, 100.000000
9, 28, 26, 100.000000
9, 28, 27, 100.000000
9, 28, 28, 100.000000
9, 28, 29, 100.000000
9, 28, 30, 100.000000
9, 28, 31, 100.000000
9, 28, 32, 100.000000
9, 28, 33, 100.000000
9, 28, 34, 100.000000
9, 29, 0, 0.511248
9, 29, 1, 0.063710
9, 29, 2, -0.105337
9, 29, 3, -0.162920
9, 29, 4, -0.169134
9, 29, 5, -0.136500
9, 29, 6, -0.115904
9, 29, 7, -0.101426
9, 29, 8, -0.041325
9, 29, 9, -0.006759
9, 29, 10, 0.002989
9, 29, 11, 0.167679
9, 29, 12, 0.585560
9, 29, 13, 0.996667
9, 29, 14, 1.254321
9, 29, 15, 2.152703
9, 29, 16, 100.000000
9, 29, 17, 100.000000
9, 29, 18, 100.000000
9, 29, 19, 100.000000
9, 29, 20, 100.000000
9, 29, 21, 100.000000
9, 29, 22, 100.000000
9, 29, 23, 100.000000
9, 29, 24, 100.000000
9, 29, 25, 100.000000
9, 29, 26, 100.000000
9, 29, 27, 100.000000
9, 29, 28, 100.000000
9, 29, 29, 100.000000
9, 29, 30, 100.000000
9, 29, 31, 100.000000
9, 29, 32, 100.000000
9, 29, 33, 100.000000
9, 29, 34, 100.000000
10, 0, 0, 0.783802
10, 0, 1, 0.508909
10, 0, 2, 0.438989
10, 0, 3, 0.438455
10, 0, 4, 0.449934
10, 0, 5, 0.470460
10, 0, 6, 0.479373
10, 0, 7, 0.495717
10, 0, 8, 0.489060
10, 0, 9, 0.481554
10, 0, 10, 0.581757
10, 0, 11, 0.883321
10, 0, 12, 1.302846
10, 0, 13, 2.059187
10, 0, 14, 100.000000
10, 0, 15, 100.000000
10, 0, 16, 100.000000
10, 0, 17, 100.000000
10, 0, 18, 100.000000
10, 0, 19, 100.000000
10, 0, 20, 100.000000
10, 0, 21, 100.000000
10, 0, 22, 100.000000
10, 0, 23, 100.000000
10, 0, 24, 100.000000
10, 0, 25, 100.000000
10, 0, 26, 100.000000
10, 0, 27, 100.000000
10, 0, 28, 100.000000
10, 0, 29, 100.000000
10, 0, 30, 100.000000
10, 0, 31, 100.000000
10, 0, 32, 100.000000
10, 0, 33, 100.000000
10, 0, 34, 100.000000
10, 1, 0, 0.494642
10, 1, 1, 0.065135
10, 1, 2, -0.117076
10, 1, 3, -0.135169
10, 1, 4, -0.129080
10, 1, 5, -0.103950
10, 1, 6, -0.090795
10, 1, 7, -0.070159
10, 1, 8, -0.035157
10, 1, 9, 0.022206
10, 1, 10, 0.203089
10, 1, 11, 0.605841
10, 1, 12, 1.104425
10, 1, 13, 1.745059
10, 1, 14, 100.000000
10, 1, 15, 100.000000
10, 1, 16, 100.000000
10, 1, 17, 100.000000
10, 1, 18, 100.000000
10, 1, 19, 100.000000
10, 1, 20, 100.000000
10, 1, 21, 100.000000
10, 1, 22, 100.000000
10, 1, 23, 100.000000
10, 1, 24, 100.000000
10, 1, 25, 100.000000
10, 1, 26, 100.000000
10, 1, 27, 100.000000
10, 1, 28, 100.000000
10, 1, 29, 100.000000
10, 1, 30, 100.000000
10, 1, 31, 100.000000
10, 1, 32, 100.000000
10, 1, 33, 100.000000
10, 1, 34, 100.000000
10, 2, 0, 0.420851
10, 2, 1, -0.076443
10, 2, 2, -0.368188
10, 2, 3, -0.436072
10, 2, 4, -0.467526
10, 2, 5, -0.411596
10, 2, 6, -0.389970
10, 2, 7, -0.400323
10, 2, 8, -0.348525
10, 2, 9, -0.253778
10, 2, 10, -0.019705
10, 2, 11, 0.413566
10, 2, 12, 0.910263
10, 2, 13, 1.437358
10, 2, 14, 2.243678
10, 2, 15, 100.000000
10, 2, 16, 100.000000
10, 2, 17, 100.000000
10, 2, 18, 100.000000
10, 2, 19, 100.000000
10, 2, 20, 100.000000
10, 2, 21, 100.000000
10, 2, 22, 100.000000
10, 2, 23, 100.000000
10, 2, 24, 100.000000
10, 2, 25, 100.000000
10, 2, 26, 100.000000
10, 2, 27, 100.000000
10, 2, 28, 100.000000
10, 2, 29, 100.000000
10, 2, 30, 100.000000
10, 2, 31, 100.000000
10, 2, 32, 100.000000
10, 2, 33, 100.000000
10, 2, 34, 100.000000
10, 3, 0, 0.429489
10, 3, 1, -0.104403
10, 3, 2, -0.422934
10, 3, 3, -0.489973
10, 3, 4, -0.465521
10, 3, 5, -0.430333
10, 3, 6, -0.410301
10, 3, 7, -0.456302
10, 3, 8, -0.440907
10, 3, 9, -0.331956
10, 3, 10, -0.057229
10, 3, 11, 0.403122
10, 3, 12, 0.864480
10, 3, 13, 1.249002
10, 3, 14, 1.981822
10, 3, 15, 100.000000
10, 3, 16, 100.000000
10, 3, 17, 100.000000
10, 3, 18, 100.000000
10, 3, 19, 100.000000
10, 3, 20, 100.000000
10, 3, 21, 100.000000
10, 3, 22, 100.000000
10, 3, 23, 100.000000
10, 3, 24, 100.000000
10, 3, 25, 100.000000
10, 3, 26, 100.000000
10, 3, 27, 100.000000
10, 3, 28, 100.000000
10, 3, 29, 100.000000
10, 3, 30, 100.000000
10, 3, 31, 100.000000
10, 3, 32, 100.000000
10, 3, 33, 100.000000
10, 3, 34, 100.000000
10, 4, 0, 0.424392
10, 4, 1, -0.133269
10, 4, 2, -0.441079
10, 4, 3, -0.462137
10, 4, 4, -0.461770
10, 4, 5, -0.454140
10, 4, 6, -0.415616
10, 4, 7, -0.407914
10, 4, 8, -0.424967
10, 4, 9, -0.334986
10, 4, 10, -0.027046
10, 4, 11, 0.454480
10, 4, 12, 0.958767
10, 4, 13, 1.350751
10, 4, 14, 2.090531
10, 4, 15, 100.000000
10, 4, 16, 100.000000
10, 4, 17, 100.000000
10, 4, 18, 100.000000
10, 4, 19, 100.000000
10, 4, 20, 100.000000
10, 4, 21, 100.000000
10, 4, 22, 100.000000
10, 4, 23, 100.000000
10, 4, 24, 100.000000
10, 4, 25, 100.000000
10, 4, 26, 100.000000
10, 4, 27, 100.000000
10, 4, 28, 100.000000
10, 4, 29, 100.000000
10, 4, 30, 100.000000
10, 4, 31, 100.000000
10, 4, 32, 100.000000
10, 4, 33, 100.000000
10, 4, 34, 100.000000
10, 5, 0, 0.406330
10, 5, 1, -0.147048
10, 5, 2, -0.453675
10, 5, 3, -0.441002
10, 5, 4, -0.438728
10, 5, 5, -0.451147
10, 5, 6, -0.443412
10, 5, 7, -0.430988
10, 5, 8, -0.436103
10, 5, 9, -0.337693
10, 5, 10, -0.025372
10, 5, 11, 0.482259
10, 5, 12, 1.087349
10, 5, 13, 1.555147
10, 5, 14, 100.000000
10, 5, 15, 100.000000
10, 5, 16, 100.000000
10, 5, 17, 100.000000
10, 5, 18, 100.000000
10, 5, 19, 100.000000
10, 5, 20, 100.000000
10, 5, 21, 100.000000
10, 5, 22, 100.000000
10, 5, 23, 100.000000
10, 5, 24, 100.000000
10, 5, 25, 100.000000
10, 5, 26, 100.000000
10, 5, 27, 100.000000
10, 5, 28, 100.000000
10, 5, 29, 100.000000
10, 5, 30, 100.000000
10, 5, 31, 100.000000
10, 5, 32, 100.000000
10, 5, 33, 100.000000
10, 5, 34, 100.000000
10, 6, 0, 0.424096
10, 6, 1, -0.140788
10, 6, 2, -0.445653
10, 6, 3, -0.438835
10, 6, 4, -0.444327
10, 6, 5, -0.466180
10, 6, 6, -0.478722
10, 6, 7, -0.466870
10, 6, 8, -0.434717
10, 6, 9, -0.327087
10, 6, 10, -0.029074
10, 6, 11, 0.459615
10, 6, 12, 1.080402
10, 6, 13, 1.790671
10, 6, 14, 100.000000
10, 6, 15, 100.000000
10, 6, 16, 100.000000
10, 6, 17, 100.000000
10, 6, 18, 100.000000
10, 6, 19, 100.000000
10, 6, 20, 100.000000
10, 6, 21, 100.000000
10, 6, 22, 100.000000
10, 6, 23, 100.000000
10, 6, 24, 100.000000
10, 6, 25, 100.000000
10, 6, 26, 100.000000
10, 6, 27, 100.000000
10, 6, 28, 100.000000
10, 6, 29, 100.000000
10, 6, 30, 100.000000
10, 6, 31, 100.000000
10, 6, 32, 100.000000
10, 6, 33, 100.000000
10, 6, 34, 100.000000
10, 7, 0, 0.433700
10, 7, 1, -0.154642
10, 7, 2, -0.478423
10, 7, 3, -0.461017
10, 7, 4, -0.459841
10, 7, 5, -0.481291
10, 7, 6, -0.473904
10, 7, 7, -0.468414
10, 7, 8, -0.436110
10, 7, 9, -0.328288
10, 7, 10, -0.042846
10, 7, 11, 0.399178
10, 7, 12, 1.001675
10, 7, 13, 1.724638
10, 7, 14, 100.000000
10, 7, 15, 100.000000
10, 7, 16, 100.000000
10, 7, 17, 100.000000
10, 7, 18, 100.000000
10, 7, 19, 100.000000
10, 7, 20, 100.000000
10, 7, 21, 100.000000
10, 7, 22, 100.000000
10, 7, 23, 100.000000
10, 7, 24, 100.000000
10, 7, 25, 100.000000
10, 7, 26, 100.000000
10, 7, 27, 100.000000
10, 7, 28, 100.000000
10, 7, 29, 100.000000
10, 7, 30, 100.000000
10, 7, 31, 100.000000
10, 7, 32, 100.000000
10, 7, 33, 100.000000
10, 7, 34, 100.000000
10, 8, 0, 0.417237
10, 8, 1, -0.162610
10, 8, 2, -0.489331
10, 8, 3, -0.469741
10, 8, 4, -0.465093
10, 8, 5, -0.461462
10, 8, 6, -0.457678
10, 8, 7, -0.467556
10, 8, 8, -0.443829
10, 8, 9, -0.332395
10, 8, 10, -0.088487
10, 8, 11, 0.320669
10, 8, 12, 0.904736
10, 8, 13, 1.538904
10, 8, 14, 2.335729
10, 8, 15, 100.000000
10, 8, 16, 100.000000
10, 8, 17, 100.000000
10, 8, 18, 100.000000
10, 8, 19, 100.000000
10, 8, 20, 100.000000
10, 8, 21, 100.000000
10, 8, 22, 100.000000
10, 8, 23, 100.000000
10, 8, 24, 100.000000
10, 8, 25, 100.000000
10, 8, 26, 100.000000
10, 8, 27, 100.000000
10, 8, 28, 100.000000
10, 8, 29, 100.000000
10, 8, 30, 100.000000
10, 8, 31, 100.000000
10, 8, 32, 100.000000
10, 8, 33, 100.000000
10, 8, 34, 100.000000
10, 9, 0, 0.418639
10, 9, 1, -0.146341
10, 9, 2, -0.458045
10, 9, 3, -0.480474
10, 9, 4, -0.468655
10, 9, 5, -0.467672
10, 9, 6, -0.476222
10, 9, 7, -0.454484
10, 9, 8, -0.443170
10, 9, 9, -0.321289
10, 9, 10, -0.083562
10, 9, 11, 0.302016
10, 9, 12, 0.875521
10, 9, 13, 1.560331
10, 9, 14, 2.298408
10, 9, 15, 100.000000
10, 9, 16, 100.000000
10, 9, 17, 100.000000
10, 9, 18, 100.000000
10, 9, 19, 100.000000
10, 9, 20, 100.000000
10, 9, 21, 100.000000
10, 9, 22, 100.000000
10, 9, 23, 100.000000
10, 9, 24, 100.000000
10, 9, 25, 100.000000
10, 9, 26, 100.000000
10, 9, 27, 100.000000
10, 9, 28, 100.000000
10, 9, 29, 100.000000
10, 9, 30, 100.000000
10, 9, 31, 100.000000
10, 9, 32, 100.000000
10, 9, 33, 100.000000
10, 9, 34, 100.000000
10, 10, 0, 0.426629
10, 10, 1, -0.143413
10, 10, 2, -0.455525
10, 10, 3, -0.479511
10, 10, 4, -0.479421
10, 10, 5, -0.483280
10, 10, 6, -0.466779
10, 10, 7, -0.466406
10, 10, 8, -0.460632
10, 10, 9, -0.344544
10, 10, 10, -0.087471
10, 10, 11, 0.321151
10, 10, 12, 0.894667
10, 10, 13, 1.656658
10, 10, 14, 100.000000
10, 10, 15, 100.000000
10, 10, 16, 100.000000
10, 10, 17, 100.000000
10, 10, 18, 100.000000
10, 10, 19, 100.000000
10, 10, 20, 100.000000
10, 10, 21, 100.000000
10, 10, 22, 100.000000
10, 10, 23, 100.000000
10, 10, 24, 100.000000
10, 10, 25, 100.000000
10, 10, 26, 100.000000
10, 10, 27, 100.000000
10, 10, 28, 100.000000
10, 10, 29, 100.000000
10, 10, 30, 100.000000
10, 10, 31, 100.000000
10, 10, 32, 100.000000
10, 10, 33, 100.000000
10, 10, 34, 100.000000
10, 11, 0, 0.437024
10, 11, 1, -0.143620
10, 11, 2, -0.459260
10, 11, 3, -0.480955
10, 11, 4, -0.475456
10, 11, 5, -0.489832
10, 11, 6, -0.472081
10, 11, 7, -0.489978
10, 11, 8, -0.468127
10, 11, 9, -0.367236
10, 11, 10, -0.101937
10, 11, 11, 0.316952
10, 11, 12, 0.859567
10, 11, 13, 1.616315
10, 11, 14, 100.000000
10, 11, 15, 100.000000
10, 11, 16, 100.000000
10, 11, 17, 100.000000
10, 11, 18, 100.000000
10, 11, 19, 100.000000
10, 11, 20, 100.000000
10, 11, 21, 100.000000
10, 11, 22, 100.000000
10, 11, 23, 100.000000
10, 11, 24, 100.000000
10, 11, 25, 100.000000
10, 11, 26, 100.000000
10, 11, 27, 100.000000
10, 11, 28, 100.000000
10, 11, 29, 100.000000
10, 11, 30, 100.000000
10, 11, 31, 100.000000
10, 11, 32, 100.000000
10, 11, 33, 100.000000
10, 11, 34, 100.000000
10, 12, 0, 0.437992
10, 12, 1, -0.132974
10, 12, 2, -0.458801
10, 12, 3, -0.448558
10, 12, 4, -0.456316
10, 12, 5, -0.463611
10, 12, 6, -0.476711
10, 12, 7, -0.466288
10, 12, 8, -0.476269
10, 12, 9, -0.386505
10, 12, 10, -0.127702
10, 12, 11, 0.278888
10, 12, 12, 0.793634
10, 12, 13, 1.455730
10, 12, 14, 2.292586
10, 12, 15, 100.000000
10, 12, 16, 100.000000
10, 12, 17, 100.000000
10, 12, 18, 100.000000
10, 12, 19, 100.000000
10, 12, 20, 100.000000
10, 12, 21, 100.000000
10, 12, 22, 100.000000
10, 12, 23, 100.000000
10, 12, 24, 100.000000
10, 12, 25, 100.000000
10, 12, 26, 100.000000
10, 12, 27, 100.000000
10, 12, 28, 100.000000
10, 12, 29, 100.000000
10, 12, 30, 100.000000
10, 12, 31, 100.000000
10, 12, 32, 100.000000
10, 12, 33, 100.000000
10, 12, 34, 100.000000
10, 13, 0, 0.409175
10, 13, 1, -0.135337
10, 13, 2, -0.465600
10, 13, 3, -0.423200
10, 13, 4, -0.445316
10, 13, 5, -0.438768
10, 13, 6, -0.449614
10, 13, 7, -0.445797
10, 13, 8, -0.457534
10, 13, 9, -0.423684
10, 13, 10, -0.174957
10, 13, 11, 0.195017
10, 13, 12, 0.727008
10, 13, 13, 1.323835
10, 13, 14, 2.030233
10, 13, 15, 100.000000
10, 13, 16, 100.000000
10, 13, 17, 100.000000
10, 13, 18, 100.000000
10, 13, 19, 100.000000
10, 13, 20, 100.000000
10, 13, 21, 100.000000
10, 13, 22, 100.000000
10, 13, 23, 100.000000
10, 13, 24, 100.000000
10, 13, 25, 100.000000
10, 13, 26, 100.000000
10, 13, 27, 100.000000
10, 13, 28, 100.000000
10, 13, 29, 100.000000
10, 13, 30, 100.000000
10, 13, 31, 100.000000
10, 13, 32, 100.000000
10, 13, 33, 100.000000
10, 13, 34, 100.000000
10, 14, 0, 0.381549
10, 14, 1, -0.156720
10, 14, 2, -0.482468
10, 14, 3, -0.423959
10, 14, 4, -0.469279
10, 14, 5, -0.467366
10, 14, 6, -0.475689
10, 14, 7, -0.473703
10, 14, 8, -0.475061
10, 14, 9, -0.445276
10, 14, 10, -0.238960
10, 14, 11, 0.119015
10, 14, 12, 0.636161
10, 14, 13, 1.218498
10, 14, 14, 1.799527
10, 14, 15, 100.000000
10, 14, 16, 100.000000
10, 14, 17, 100.000000
10, 14, 18, 100.000000
10, 14, 19, 100.000000
10, 14, 20, 100.000000
10, 14, 21, 100.000000
10, 14, 22, 100.000000
10, 14, 23, 100.000000
10, 14, 24, 100.000000
10, 14, 25, 100.000000
10, 14, 26, 100.000000
10, 14, 27, 100.000000
10, 14, 28, 100.000000
10, 14, 29, 100.000000
10, 14, 30, 100.000000
10, 14, 31, 100.000000
10, 14, 32, 100.000000
10, 14, 33, 100.000000
10, 14, 34, 100.000000
10, 15, 0, 0.391030
10, 15, 1, -0.169889
10, 15, 2, -0.461016
10, 15, 3, -0.430785
10, 15, 4, -0.466029
10, 15, 5, -0.473579
10, 15, 6, -0.444949
10, 15, 7, -0.458300
10, 15, 8, -0.474893
10, 15, 9, -0.445995
10, 15, 10, -0.287249
10, 15, 11, 0.093923
10, 15, 12, 0.597582
10, 15, 13, 1.178106
10, 15, 14, 1.799364
10, 15, 15, 100.000000
10, 15, 16, 100.000000
10, 15, 17, 100.000000
10, 15, 18, 100.000000
10, 15, 19, 100.000000
10, 15, 20, 100.000000
10, 15, 21, 100.000000
10, 15, 22, 100.000000
10, 15, 23, 100.000000
10, 15, 24, 100.000000
10, 15, 25, 100.000000
10, 15, 26, 100.000000
10, 15, 27, 100.000000
10, 15, 28, 100.000000
10, 15, 29, 100.000000
10, 15, 30, 100.000000
10, 15, 31, 100.000000
10, 15, 32, 100.000000
10, 15, 33, 100.000000
10, 15, 34, 100.000000
10, 16, 0, 0.393657
10, 16, 1, -0.184443
10, 16, 2, -0.453632
10, 16, 3, -0.445821
10, 16, 4, -0.444740
10, 16, 5, -0.444769
10, 16, 6, -0.461917
10, 16, 7, -0.459406
10, 16, 8, -0.468178
10, 16, 9, -0.464609
10, 16, 10, -0.307237
10, 16, 11, 0.089542
10, 16, 12, 0.598708
10, 16, 13, 1.203054
10, 16, 14, 1.848772
10, 16, 15, 100.000000
10, 16, 16, 100.000000
10, 16, 17, 100.000000
10, 16, 18, 100.000000
10, 16, 19, 100.000000
10, 16, 20, 100.000000
10, 16, 21, 100.000000
10, 16, 22, 100.000000
10, 16, 23, 100.000000
10, 16, 24, 100.000000
10, 16, 25, 100.000000
10, 16, 26, 100.000000
10, 16, 27, 100.000000
10, 16, 28, 100.000000
10, 16, 29, 100.000000
10, 16, 30, 100.000000
10, 16, 31, 100.000000
10, 16, 32, 100.000000
10, 16, 33, 100.000000
10, 16, 34, 100.000000
10, 17, 0, 0.402266
10, 17, 1, -0.173718
10, 17, 2, -0.465536
10, 17, 3, -0.462001
10, 17, 4, -0.488568
10, 17, 5, -0.442971
10, 17, 6, -0.497860
10, 17, 7, -0.475385
10, 17, 8, -0.485386
10, 17, 9, -0.468299
10, 17, 10, -0.302988
10, 17, 11, 0.069089
10, 17, 12, 0.582242
10, 17, 13, 1.231235
10, 17, 14, 1.849846
10, 17, 15, 100.000000
10, 17, 16, 100.000000
10, 17, 17, 100.000000
10, 17, 18, 100.000000
10, 17, 19, 100.000000
10, 17, 20, 100.000000
10, 17, 21, 100.000000
10, 17, 22, 100.000000
10, 17, 23, 100.000000
10, 17, 24, 100.000000
10, 17, 25, 100.000000
10, 17, 26, 100.000000
10, 17, 27, 100.000000
10, 17, 28, 100.000000
10, 17, 29, 100.000000
10, 17, 30, 100.000000
10, 17, 31, 100.000000
10, 17, 32, 100.000000
10, 17, 33, 100.000000
10, 17, 34, 100.000000
10, 18, 0, 0.399332
10, 18, 1, -0.162000
10, 18, 2, -0.460964
10, 18, 3, -0.446265
10, 18, 4, -0.445642
10, 18, 5, -0.449136
10, 18, 6, -0.473689
10, 18, 7, -0.465067
10, 18, 8, -0.440928
10, 18, 9, -0.445767
10, 18, 10, -0.287658
10, 18, 11, 0.065988
10, 18, 12, 0.595280
10, 18, 13, 1.233547
10, 18, 14, 1.753457
10, 18, 15, 100.000000
10, 18, 16, 100.000000
10, 18, 17, 100.000000
10, 18, 18, 100.000000
10, 18, 19, 100.000000
10, 18, 20, 100.000000
10, 18, 21, 100.000000
10, 18, 22, 100.000000
10, 18, 23, 100.000000
10, 18, 24, 100.000000
10, 18, 25, 100.000000
10, 18, 26, 100.000000
10, 18, 27, 100.000000
10, 18, 28, 100.000000
10, 18, 29, 100.000000
10, 18, 30, 100.000000
10, 18, 31, 100.000000
10, 18, 32, 100.000000
10, 18, 33, 100.000000
10, 18, 34, 100.000000
10, 19, 0, 0.387550
10, 19, 1, -0.160401
10, 19, 2, -0.466781
10, 19, 3, -0.446576
10, 19, 4, -0.462584
10, 19, 5, -0.483186
10, 19, 6, -0.444029
10, 19, 7, -0.435738
10, 19, 8, -0.438694
10, 19, 9, -0.449285
10, 19, 10, -0.271918
10, 19, 11, 0.102253
10, 19, 12, 0.665198
10, 19, 13, 1.290164
10, 19, 14, 1.678643
10, 19, 15, 100.000000
10, 19, 16, 100.000000
10, 19, 17, 100.000000
10, 19, 18, 100.000000
10, 19, 19, 100.000000
10, 19, 20, 100.000000
10, 19, 21, 100.000000
10, 19, 22, 100.000000
10, 19, 23, 100.000000
10, 19, 24, 100.000000
10, 19, 25, 100.000000
10, 19, 26, 100.000000
10, 19, 27, 100.000000
10, 19, 28, 100.000000
10, 19, 29, 100.000000
10, 19, 30, 100.000000
10, 19, 31, 100.000000
10, 19, 32, 100.000000
10, 19, 33, 100.000000
10, 19, 34, 100.000000
10, 20, 0, 0.380305
10, 20, 1, -0.167137
10, 20, 2, -0.486979
10, 20, 3, -0.457528
10, 20, 4, -0.458736
10, 20, 5, -0.456085
10, 20, 6, -0.409453
10, 20, 7, -0.432800
10, 20, 8, -0.466555
10, 20, 9, -0.424451
10, 20, 10, -0.249211
10, 20, 11, 0.131699
10, 20, 12, 0.686852
10, 20, 13, 1.318420
10, 20, 14, 1.859981
10, 20, 15, 100.000000
10, 20, 16, 100.000000
10, 20, 17, 100.000000
10, 20, 18, 100.000000
10, 20, 19, 100.000000
10, 20, 20, 100.000000
10, 20, 21, 100.000000
10, 20, 22, 100.000000
10, 20, 23, 100.000000
10, 20, 24, 100.000000
10, 20, 25, 100.000000
10, 20, 26, 100.000000
10, 20, 27, 100.000000
10, 20, 28, 100.000000
10, 20, 29, 100.000000
10, 20, 30, 100.000000
10, 20, 31, 100.000000
10, 20, 32, 100.000000
10, 20, 33, 100.000000
10, 20, 34, 100.000000
10, 21, 0, 0.387057
10, 21, 1, -0.169503
10, 21, 2, -0.485949
10, 21, 3, -0.452836
10, 21, 4, -0.489335
10, 21, 5, -0.453148
10, 21, 6, -0.429677
10, 21, 7, -0.453796
10, 21, 8, -0.453912
10, 21, 9, -0.401701
10, 21, 10, -0.253903
10, 21, 11, 0.100636
10, 21, 12, 0.605339
10, 21, 13, 1.239006
10, 21, 14, 1.975754
10, 21, 15, 100.000000
10, 21, 16, 100.000000
10, 21, 17, 100.000000
10, 21, 18, 100.000000
10, 21, 19, 100.000000
10, 21, 20, 100.000000
10, 21, 21, 100.000000
10, 21, 22, 100.000000
10, 21, 23, 100.000000
10, 21, 24, 100.000000
10, 21, 25, 100.000000
10, 21, 26, 100.000000
10, 21, 27, 100.000000
10, 21, 28, 100.000000
10, 21, 29, 100.000000
10, 21, 30, 100.000000
10, 21, 31, 100.000000
10, 21, 32, 100.000000
10, 21, 33, 100.000000
10, 21, 34, 100.000000
10, 22, 0, 0.399760
10, 22, 1, -0.169825
10, 22, 2, -0.449492
10, 22, 3, -0.437824
10, 22, 4, -0.457389
10, 22, 5, -0.426816
10, 22, 6, -0.427614
10, 22, 7, -0.457888
10, 22, 8, -0.449810
10, 22, 9, -0.388637
10, 22, 10, -0.258642
10, 22, 11, 0.062006
10, 22, 12, 0.537528
10, 22, 13, 1.139580
10, 22, 14, 1.810646
10, 22, 15, 100.000000
10, 22, 16, 100.000000
10, 22, 17, 100.000000
10, 22, 18, 100.000000
10, 22, 19, 100.000000
10, 22, 20, 100.000000
10, 22, 21, 100.000000
10, 22, 22, 100.000000
10, 22, 23, 100.000000
10, 22, 24, 100.000000
10, 22, 25, 100.000000
10, 22, 26, 100.000000
10, 22, 27, 100.000000
10, 22, 28, 100.000000
10, 22, 29, 100.000000
10, 22, 30, 100.000000
10, 22, 31, 100.000000
10, 22, 32, 100.000000
10, 22, 33, 100.000000
10, 22, 34, 100.000000
10, 23, 0, 0.389324
10, 23, 1, -0.177784
10, 23, 2, -0.448941
10, 23, 3, -0.436056
10, 23, 4, -0.427307
10, 23, 5, -0.410287
10, 23, 6, -0.431026
10, 23, 7, -0.448052
10, 23, 8, -0.457303
10, 23, 9, -0.428865
10, 23, 10, -0.278647
10, 23, 11, 0.037415
10, 23, 12, 0.512624
10, 23, 13, 1.135190
10, 23, 14, 1.763911
10, 23, 15, 100.000000
10, 23, 16, 100.000000
10, 23, 17, 100.000000
10, 23, 18, 100.000000
10, 23, 19, 100.000000
10, 23, 20, 100.000000
10, 23, 21, 100.000000
10, 23, 22, 100.000000
10, 23, 23, 100.000000
10, 23, 24, 100.000000
10, 23, 25, 100.000000
10, 23, 26, 100.000000
10, 23, 27, 100.000000
10, 23, 28, 100.000000
10, 23, 29, 100.000000
10, 23, 30, 100.000000
10, 23, 31, 100.000000
10, 23, 32, 100.000000
10, 23, 33, 100.000000
10, 23, 34, 100.000000
10, 24, 0, 0.378333
10, 24, 1, -0.167477
10, 24, 2, -0.452029
10, 24, 3, -0.446798
10, 24, 4, -0.441598
10, 24, 5, -0.405275
10, 24, 6, -0.443195
10, 24, 7, -0.467271
10, 24, 8, -0.458144
10, 24, 9, -0.425275
10, 24, 10, -0.268757
10, 24, 11, 0.060235
10, 24, 12, 0.545727
10, 24, 13, 1.148859
10, 24, 14, 1.779923
10, 24, 15, 100.000000
10, 24, 16, 100.000000
10, 24, 17, 100.000000
10, 24, 18, 100.000000
10, 24, 19, 100.000000
10, 24, 20, 100.000000
10, 24, 21, 100.000000
10, 24, 22, 100.000000
10, 24, 23, 100.000000
10, 24, 24, 100.000000
10, 24, 25, 100.000000
10, 24, 26, 100.000000
10, 24, 27, 100.000000
10, 24, 28, 100.000000
10, 24, 29, 100.000000
10, 24, 30, 100.000000
10, 24, 31, 100.000000
10, 24, 32, 100.000000
10, 24, 33, 100.000000
10, 24, 34, 100.000000
10, 25, 0, 0.400438
10, 25, 1, -0.160700
10, 25, 2, -0.474823
10, 25, 3, -0.453063
10, 25, 4, -0.437056
10, 25, 5, -0.405948
10, 25, 6, -0.439656
10, 25, 7, -0.467596
10, 25, 8, -0.456286
10, 25, 9, -0.406374
10, 25, 10, -0.227329
10, 25, 11, 0.114657
10, 25, 12, 0.616354
10, 25, 13, 1.188678
10, 25, 14, 1.887741
10, 25, 15, 100.000000
10, 25, 16, 100.000000
10, 25, 17, 100.000000
10, 25, 18, 100.000000
10, 25, 19, 100.000000
10, 25, 20, 100.000000
10, 25, 21, 100.000000
10, 25, 22, 100.000000
10, 25, 23, 100.000000
10, 25, 24, 100.000000
10, 25, 25, 100.000000
10, 25, 26, 100.000000
10, 25, 27, 100.000000
10, 25, 28, 100.000000
10, 25, 29, 100.000000
10, 25, 30, 100.000000
10, 25, 31, 100.000000
10, 25, 32, 100.000000
10, 25, 33, 100.000000
10, 25, 34, 100.000000
10, 26, 0, 0.413150
10, 26, 1, -0.169672
10, 26, 2, -0.463648
10, 26, 3, -0.455004
10, 26, 4, -0.384364
10, 26, 5, -0.364576
10, 26, 6, -0.408344
10, 26, 7, -0.452256
10, 26, 8, -0.463452
10, 26, 9, -0.406298
10, 26, 10, -0.217778
10, 26, 11, 0.136984
10, 26, 12, 0.660807
10, 26, 13, 1.269298
10, 26, 14, 2.023335
10, 26, 15, 100.000000
10, 26, 16, 100.000000
10, 26, 17, 100.000000
10, 26, 18, 100.000000
10, 26, 19, 100.000000
10, 26, 20, 100.000000
10, 26, 21, 100.000000
10, 26, 22, 100.000000
10, 26, 23, 100.000000
10, 26, 24, 100.000000
10, 26, 25, 100.000000
10, 26, 26, 100.000000
10, 26, 27, 100.000000
10, 26, 28, 100.000000
10, 26, 29, 100.000000
10, 26, 30, 100.000000
10, 26, 31, 100.000000
10, 26, 32, 100.000000
10, 26, 33, 100.000000
10, 26, 34, 100.000000
10, 27, 0, 0.394611
10, 27, 1, -0.177029
10, 27, 2, -0.463833
10, 27, 3, -0.440815
10, 27, 4, -0.370393
10, 27, 5, -0.357875
10, 27, 6, -0.406313
10, 27, 7, -0.431473
10, 27, 8, -0.450422
10, 27, 9, -0.404110
10, 27, 10, -0.238063
10, 27, 11, 0.105733
10, 27, 12, 0.643217
10, 27, 13, 1.221385
10, 27, 14, 1.673358
10, 27, 15, 100.000000
10, 27, 16, 100.000000
10, 27, 17, 100.000000
10, 27, 18, 100.000000
10, 27, 19, 100.000000
10, 27, 20, 100.000000
10, 27, 21, 100.000000
10, 27, 22, 100.000000
10, 27, 23, 100.000000
10, 27, 24, 100.000000
10, 27, 25, 100.000000
10, 27, 26, 100.000000
10, 27, 27, 100.000000
10, 27, 28, 100.000000
10, 27, 29, 100.000000
10, 27, 30, 100.000000
10, 27, 31, 100.000000
10, 27, 32, 100.000000
10, 27, 33, 100.000000
10, 27, 34, 100.000000
10, 28, 0, 0.390390
10, 28, 1, -0.121375
10, 28, 2, -0.417975
10, 28, 3, -0.484870
10, 28, 4, -0.414370
10, 28, 5, -0.373583
10, 28, 6, -0.430869
10, 28, 7, -0.411554
10, 28, 8, -0.339695
10, 28, 9, -0.301087
10, 28, 10, -0.239492
10, 28, 11, 0.063445
10, 28, 12, 0.588814
10, 28, 13, 1.123979
10, 28, 14, 1.439364
10, 28, 15, 2.303929
10, 28, 16, 100.000000
10, 28, 17, 100.000000
10, 28, 18, 100.000000
10, 28, 19, 100.000000
10, 28, 20, 100.000000
10, 28, 21, 100.000000
10, 28, 22, 100.000000
10, 28, 23, 100.000000
10, 28, 24, 100.000000
10, 28, 25, 100.000000
10, 28, 26, 100.000000
10, 28, 27, 100.000000
10, 28, 28, 100.000000
10, 28, 29, 100.000000
10, 28, 30, 100.000000
10, 28, 31, 100.000000
10, 28, 32, 100.000000
10, 28, 33, 100.000000
10, 28, 34, 100.000000
10, 29, 0, 0.488579
10, 29, 1, 0.089164
10, 29, 2, -0.088077
10, 29, 3, -0.178723
10, 29, 4, -0.207882
10, 29, 5, -0.171577
10, 29, 6, -0.141065
10, 29, 7, -0.092407
10, 29, 8, -0.010745
10, 29, 9, 0.023770
10, 29, 10, 0.041132
10, 29, 11, 0.196120
10, 29, 12, 0.623997
10, 29, 13, 1.092096
10, 29, 14, 1.432606
10, 29, 15, 2.415247
10, 29, 16, 100.000000
10, 29, 17, 100.000000
10, 29, 18, 100.000000
10, 29, 19, 100.000000
10, 29, 20, 100.000000
10, 29, 21, 100.000000
10, 29, 22, 100.000000
10, 29, 23, 100.000000
10, 29, 24, 100.000000
10, 29, 25, 100.000000
10, 29, 26, 100.000000
10, 29, 27, 100.000000
10, 29, 28, 100.000000
10, 29, 29, 100.000000
10, 29, 30, 100.000000
10, 29, 31, 100.000000
10, 29, 32, 100.000000
10, 29, 33, 100.000000
10, 29, 34, 100.000000
11, 0, 0, 0.797509
11, 0, 1, 0.532709
11, 0, 2, 0.442253
11, 0, 3, 0.425149
11, 0, 4, 0.431340
11, 0, 5, 0.455140
11, 0, 6, 0.476949
11, 0, 7, 0.496738
11, 0, 8, 0.488016
11, 0, 9, 0.477363
11, 0, 10, 0.592017
11, 0, 11, 0.916603
11, 0, 12, 1.361965
11, 0, 13, 2.210951
11, 0, 14, 100.000000
11, 0, 15, 100.000000
11, 0, 16, 100.000000
11, 0, 17, 100.000000
11, 0, 18, 100.000000
11, 0, 19, 100.000000
11, 0, 20, 100.000000
11, 0, 21, 100.000000
11, 0, 22, 100.000000
11, 0, 23, 100.000000
11, 0, 24, 100.000000
11, 0, 25, 100.000000
11, 0, 26, 100.000000
11, 0, 27, 100.000000
11, 0, 28, 100.000000
11, 0, 29, 100.000000
11, 0, 30, 100.000000
11, 0, 31, 100.000000
11, 0, 32, 100.000000
11, 0, 33, 100.000000
11, 0, 34, 100.000000
11, 1, 0, 0.458899
11, 1, 1, 0.052438
11, 1, 2, -0.097965
11, 1, 3, -0.128435
11, 1, 4, -0.118680
11, 1, 5, -0.086413
11, 1, 6, -0.080214
11, 1, 7, -0.067002
11, 1, 8, -0.034743
11, 1, 9, 0.022629
11, 1, 10, 0.223147
11, 1, 11, 0.643666
11, 1, 12, 1.146550
11, 1, 13, 1.787592
11, 1, 14, 100.000000
11, 1, 15, 100.000000
11, 1, 16, 100.000000
11, 1, 17, 100.000000
11, 1, 18, 100.000000
11, 1, 19, 100.000000
11, 1, 20, 100.000000
11, 1, 21, 100.000000
11, 1, 22, 100.000000
11, 1, 23, 100.000000
11, 1, 24, 100.000000
11, 1, 25, 100.000000
11, 1, 26, 100.000000
11, 1, 27, 100.000000
11, 1, 28, 100.000000
11, 1, 29, 100.000000
11, 1, 30, 100.000000
11, 1, 31, 100.000000
11, 1, 32, 100.000000
11, 1, 33, 100.000000
11, 1, 34, 100.000000
11, 2, 0, 0.380667
11, 2, 1, -0.110572
11, 2, 2, -0.373089
11, 2, 3, -0.421470
11, 2, 4, -0.440976
11, 2, 5, -0.411045
11, 2, 6, -0.403413
11, 2, 7, -0.413363
11, 2, 8, -0.348438
11, 2, 9, -0.229637
11, 2, 10, 0.033773
11, 2, 11, 0.481058
11, 2, 12, 0.985496
11, 2, 13, 1.456748
11, 2, 14, 2.451732
11, 2, 15, 100.000000
11, 2, 16, 100.000000
11, 2, 17, 100.000000
11, 2, 18, 100.000000
11, 2, 19, 100.000000
11, 2, 20, 100.000000
11, 2, 21, 100.000000
11, 2, 22, 100.000000
11, 2, 23, 100.000000
11, 2, 24, 100.000000
11, 2, 25, 100.000000
11, 2, 26, 100.000000
11, 2, 27, 100.000000
11, 2, 28, 100.000000
11, 2, 29, 100.000000
11, 2, 30, 100.000000
11, 2, 31, 100.000000
11, 2, 32, 100.000000
11, 2, 33, 100.000000
11, 2, 34, 100.000000
11, 3, 0, 0.393031
11, 3, 1, -0.126777
11, 3, 2, -0.447554
11, 3, 3, -0.460808
11, 3, 4, -0.435278
11, 3, 5, -0.425778
11, 3, 6, -0.388497
11, 3, 7, -0.452341
11, 3, 8, -0.460217
11, 3, 9, -0.324397
11, 3, 10, -0.015312
11, 3, 11, 0.450525
11, 3, 12, 0.926974
11, 3, 13, 1.391810
11, 3, 14, 2.210208
11, 3, 15, 100.000000
11, 3, 16, 100.000000
11, 3, 17, 100.000000
11, 3, 18, 100.000000
11, 3, 19, 100.000000
11, 3, 20, 100.000000
11, 3, 21, 100.000000
11, 3, 22, 100.000000
11, 3, 23, 100.000000
11, 3, 24, 100.000000
11, 3, 25, 100.000000
11, 3, 26, 100.000000
11, 3, 27, 100.000000
11, 3, 28, 100.000000
11, 3, 29, 100.000000
11, 3, 30, 100.000000
11, 3, 31, 100.000000
11, 3, 32, 100.000000
11, 3, 33, 100.000000
11, 3, 34, 100.000000
11, 4, 0, 0.393029
11, 4, 1, -0.153609
11, 4, 2, -0.466213
11, 4, 3, -0.422857
11, 4, 4, -0.422889
11, 4, 5, -0.434468
11, 4, 6, -0.413979
11, 4, 7, -0.439645
11, 4, 8, -0.451476
11, 4, 9, -0.349912
11, 4, 10, -0.010543
11, 4, 11, 0.488942
11, 4, 12, 1.003075
11, 4, 13, 1.438038
11, 4, 14, 2.316906
11, 4, 15, 100.000000
11, 4, 16, 100.000000
11, 4, 17, 100.000000
11, 4, 18, 100.000000
11, 4, 19, 100.000000
11, 4, 20, 100.000000
11, 4, 21, 100.000000
11, 4, 22, 100.000000
11, 4, 23, 100.000000
11, 4, 24, 100.000000
11, 4, 25, 100.000000
11, 4, 26, 100.000000
11, 4, 27, 100.000000
11, 4, 28, 100.000000
11, 4, 29, 100.000000
11, 4, 30, 100.000000
11, 4, 31, 100.000000
11, 4, 32, 100.000000
11, 4, 33, 100.000000
11, 4, 34, 100.000000
11, 5, 0, 0.375583
11, 5, 1, -0.176585
11, 5, 2, -0.467526
11, 5, 3, -0.454020
11, 5, 4, -0.456412
11, 5, 5, -0.466280
11, 5, 6, -0.431135
11, 5, 7, -0.427958
11, 5, 8, -0.460430
11, 5, 9, -0.363954
11, 5, 10, -0.021387
11, 5, 11, 0.511196
11, 5, 12, 1.113172
11, 5, 13, 1.732858
11, 5, 14, 100.000000
11, 5, 15, 100.000000
11, 5, 16, 100.000000
11, 5, 17, 100.000000
11, 5, 18, 100.000000
11, 5, 19, 100.000000
11, 5, 20, 100.000000
11, 5, 21, 100.000000
11, 5, 22, 100.000000
11, 5, 23, 100.000000
11, 5, 24, 100.000000
11, 5, 25, 100.000000
11, 5, 26, 100.000000
11, 5, 27, 100.000000
11, 5, 28, 100.000000
11, 5, 29, 100.000000
11, 5, 30, 100.000000
11, 5, 31, 100.000000
11, 5, 32, 100.000000
11, 5, 33, 100.000000
11, 5, 34, 100.000000
11, 6, 0, 0.386477
11, 6, 1, -0.174681
11, 6, 2, -0.473513
11, 6, 3, -0.456979
11, 6, 4, -0.464412
11, 6, 5, -0.458499
11, 6, 6, -0.467083
11, 6, 7, -0.460510
11, 6, 8, -0.473280
11, 6, 9, -0.370257
11, 6, 10, -0.042135
11, 6, 11, 0.480745
11, 6, 12, 1.111469
11, 6, 13, 1.825362
11, 6, 14, 100.000000
11, 6, 15, 100.000000
11, 6, 16, 100.000000
11, 6, 17, 100.000000
11, 6, 18, 100.000000
11, 6, 19, 100.000000
11, 6, 20, 100.000000
11, 6, 21, 100.000000
11, 6, 22, 100.000000
11, 6, 23, 100.000000
11, 6, 24, 100.000000
11, 6, 25, 100.000000
11, 6, 26, 100.000000
11, 6, 27, 100.000000
11, 6, 28, 100.000000
11, 6, 29, 100.000000
11, 6, 30, 100.000000
11, 6, 31, 100.000000
11, 6, 32, 100.000000
11, 6, 33, 100.000000
11, 6, 34, 100.000000
11, 7, 0, 0.397634
11, 7, 1, -0.172298
11, 7, 2, -0.473463
11, 7, 3, -0.455591
11, 7, 4, -0.457639
11, 7, 5, -0.461017
11, 7, 6, -0.491066
11, 7, 7, -0.467830
11, 7, 8, -0.465201
11, 7, 9, -0.366073
11, 7, 10, -0.054823
11, 7, 11, 0.421903
11, 7, 12, 1.012869
11, 7, 13, 1.648567
11, 7, 14, 2.441093
11, 7, 15, 100.000000
11, 7, 16, 100.000000
11, 7, 17, 100.000000
11, 7, 18, 100.000000
11, 7, 19, 100.000000
11, 7, 20, 100.000000
11, 7, 21, 100.000000
11, 7, 22, 100.000000
11, 7, 23, 100.000000
11, 7, 24, 100.000000
11, 7, 25, 100.000000
11, 7, 26, 100.000000
11, 7, 27, 100.000000
11, 7, 28, 100.000000
11, 7, 29, 100.000000
11, 7, 30, 100.000000
11, 7, 31, 100.000000
11, 7, 32, 100.000000
11, 7, 33, 100.000000
11, 7, 34, 100.000000
11, 8, 0, 0.394990
11, 8, 1, -0.165720
11, 8, 2, -0.474676
11, 8, 3, -0.449922
11, 8, 4, -0.459181
11, 8, 5, -0.459030
11, 8, 6, -0.466973
11, 8, 7, -0.463807
11, 8, 8, -0.482419
11, 8, 9, -0.372500
11, 8, 10, -0.079851
11, 8, 11, 0.363295
11, 8, 12, 0.908704
11, 8, 13, 1.387006
11, 8, 14, 2.037668
11, 8, 15, 100.000000
11, 8, 16, 100.000000
11, 8, 17, 100.000000
11, 8, 18, 100.000000
11, 8, 19, 100.000000
11, 8, 20, 100.000000
11, 8, 21, 100.000000
11, 8, 22, 100.000000
11, 8, 23, 100.000000
11, 8, 24, 100.000000
11, 8, 25, 100.000000
11, 8, 26, 100.000000
11, 8, 27, 100.000000
11, 8, 28, 100.000000
11, 8, 29, 100.000000
11, 8, 30, 100.000000
11, 8, 31, 100.000000
11, 8, 32, 100.000000
11, 8, 33, 100.000000
11, 8, 34, 100.000000
11, 9, 0, 0.401808
11, 9, 1, -0.143903
11, 9, 2, -0.458305
11, 9, 3, -0.454500
11, 9, 4, -0.458832
11, 9, 5, -0.478276
11, 9, 6, -0.476111
11, 9, 7, -0.464831
11, 9, 8, -0.453451
11, 9, 9, -0.375686
11, 9, 10, -0.083773
11, 9, 11, 0.358295
11, 9, 12, 0.904450
11, 9, 13, 1.369870
11, 9, 14, 1.995894
11, 9, 15, 100.000000
11, 9, 16, 100.000000
11, 9, 17, 100.000000
11, 9, 18, 100.000000
11, 9, 19, 100.000000
11, 9, 20, 100.000000
11, 9, 21, 100.000000
11, 9, 22, 100.000000
11, 9, 23, 100.000000
11, 9, 24, 100.000000
11, 9, 25, 100.000000
11, 9, 26, 100.000000
11, 9, 27, 100.000000
11, 9, 28, 100.000000
11, 9, 29, 100.000000
11, 9, 30, 100.000000
11, 9, 31, 100.000000
11, 9, 32, 100.000000
11, 9, 33, 100.000000
11, 9, 34, 100.000000
11, 10, 0, 0.422144
11, 10, 1, -0.137746
11, 10, 2, -0.444122
11, 10, 3, -0.488962
11, 10, 4, -0.471105
11, 10, 5, -0.466597
11, 10, 6, -0.464689
11, 10, 7, -0.448724
11, 10, 8, -0.458924
11, 10, 9, -0.409979
11, 10, 10, -0.095514
11, 10, 11, 0.358651
11, 10, 12, 0.941993
11, 10, 13, 1.526199
11, 10, 14, 2.331822
11, 10, 15, 100.000000
11, 10, 16, 100.000000
11, 10, 17, 100.000000
11, 10, 18, 100.000000
11, 10, 19, 100.000000
11, 10, 20, 100.000000
11, 10, 21, 100.000000
11, 10, 22, 100.000000
11, 10, 23, 100.000000
11, 10, 24, 100.000000
11, 10, 25, 100.000000
11, 10, 26, 100.000000
11, 10, 27, 100.000000
11, 10, 28, 100.000000
11, 10, 29, 100.000000
11, 10, 30, 100.000000
11, 10, 31, 100.000000
11, 10, 32, 100.000000
11, 10, 33, 100.000000
11, 10, 34, 100.000000
11, 11, 0, 0.448462
11, 11, 1, -0.134411
11, 11, 2, -0.455493
11, 11, 3, -0.479163
11, 11, 4, -0.478355
11, 11, 5, -0.483246
11, 11, 6, -0.475884
11, 11, 7, -0.459149
11, 11, 8, -0.476608
11, 11, 9, -0.404778
11, 11, 10, -0.108363
11, 11, 11, 0.333114
11, 11, 12, 0.918669
11, 11, 13, 1.580548
11, 11, 14, 2.499857
11, 11, 15, 100.000000
11, 11, 16, 100.000000
11, 11, 17, 100.000000
11, 11, 18, 100.000000
11, 11, 19, 100.000000
11, 11, 20, 100.000000
11, 11, 21, 100.000000
11, 11, 22, 100.000000
11, 11, 23, 100.000000
11, 11, 24, 100.000000
11, 11, 25, 100.000000
11, 11, 26, 100.000000
11, 11, 27, 100.000000
11, 11, 28, 100.000000
11, 11, 29, 100.000000
11, 11, 30, 100.000000
11, 11, 31, 100.000000
11, 11, 32, 100.000000
11, 11, 33, 100.000000
11, 11, 34, 100.000000
11, 12, 0, 0.448197
11, 12, 1, -0.129389
11, 12, 2, -0.468313
11, 12, 3, -0.452043
11, 12, 4, -0.431923
11, 12, 5, -0.454345
11, 12, 6, -0.481665
11, 12, 7, -0.479316
11, 12, 8, -0.489824
11, 12, 9, -0.412206
11, 12, 10, -0.135176
11, 12, 11, 0.284092
11, 12, 12, 0.834883
11, 12, 13, 1.488407
11, 12, 14, 2.320464
11, 12, 15, 100.000000
11, 12, 16, 100.000000
11, 12, 17, 100.000000
11, 12, 18, 100.000000
11, 12, 19, 100.000000
11, 12, 20, 100.000000
11, 12, 21, 100.000000
11, 12, 22, 100.000000
11, 12, 23, 100.000000
11, 12, 24, 100.000000
11, 12, 25, 100.000000
11, 12, 26, 100.000000
11, 12, 27, 100.000000
11, 12, 28, 100.000000
11, 12, 29, 100.000000
11, 12, 30, 100.000000
11, 12, 31, 100.000000
11, 12, 32, 100.000000
11, 12, 33, 100.000000
11, 12, 34, 100.000000
11, 13, 0, 0.409566
11, 13, 1, -0.142299
11, 13, 2, -0.483483
11, 13, 3, -0.426702
11, 13, 4, -0.449051
11, 13, 5, -0.428642
11, 13, 6, -0.459732
11, 13, 7, -0.453772
11, 13, 8, -0.461376
11, 13, 9, -0.446485
11, 13, 10, -0.201203
11, 13, 11, 0.206015
11, 13, 12, 0.741579
11, 13, 13, 1.372016
11, 13, 14, 2.179008
11, 13, 15, 100.000000
11, 13, 16, 100.000000
11, 13, 17, 100.000000
11, 13, 18, 100.000000
11, 13, 19, 100.000000
11, 13, 20, 100.000000
11, 13, 21, 100.000000
11, 13, 22, 100.000000
11, 13, 23, 100.000000
11, 13, 24, 100.000000
11, 13, 25, 100.000000
11, 13, 26, 100.000000
11, 13, 27, 100.000000
11, 13, 28, 100.000000
11, 13, 29, 100.000000
11, 13, 30, 100.000000
11, 13, 31, 100.000000
11, 13, 32, 100.000000
11, 13, 33, 100.000000
11, 13, 34, 100.000000
11, 14, 0, 0.376488
11, 14, 1, -0.161685
11, 14, 2, -0.492532
11, 14, 3, -0.432659
11, 14, 4, -0.462266
11, 14, 5, -0.427002
11, 14, 6, -0.441798
11, 14, 7, -0.452913
11, 14, 8, -0.469967
11, 14, 9, -0.461308
11, 14, 10, -0.259032
11, 14, 11, 0.130194
11, 14, 12, 0.656047
11, 14, 13, 1.275589
11, 14, 14, 1.944634
11, 14, 15, 100.000000
11, 14, 16, 100.000000
11, 14, 17, 100.000000
11, 14, 18, 100.000000
11, 14, 19, 100.000000
11, 14, 20, 100.000000
11, 14, 21, 100.000000
11, 14, 22, 100.000000
11, 14, 23, 100.000000
11, 14, 24, 100.000000
11, 14, 25, 100.000000
11, 14, 26, 100.000000
11, 14, 27, 100.000000
11, 14, 28, 100.000000
11, 14, 29, 100.000000
11, 14, 30, 100.000000
11, 14, 31, 100.000000
11, 14, 32, 100.000000
11, 14, 33, 100.000000
11, 14, 34, 100.000000
11, 15, 0, 0.379241
11, 15, 1, -0.176918
11, 15, 2, -0.468094
11, 15, 3, -0.452129
11, 15, 4, -0.467892
11, 15, 5, -0.464758
11, 15, 6, -0.447771
11, 15, 7, -0.469817
11, 15, 8, -0.477453
11, 15, 9, -0.460235
11, 15, 10, -0.296234
11, 15, 11, 0.097000
11, 15, 12, 0.610612
11, 15, 13, 1.190140
11, 15, 14, 1.837555
11, 15, 15, 100.000000
11, 15, 16, 100.000000
11, 15, 17, 100.000000
11, 15, 18, 100.000000
11, 15, 19, 100.000000
11, 15, 20, 100.000000
11, 15, 21, 100.000000
11, 15, 22, 100.000000
11, 15, 23, 100.000000
11, 15, 24, 100.000000
11, 15, 25, 100.000000
11, 15, 26, 100.000000
11, 15, 27, 100.000000
11, 15, 28, 100.000000
11, 15, 29, 100.000000
11, 15, 30, 100.000000
11, 15, 31, 100.000000
11, 15, 32, 100.000000
11, 15, 33, 100.000000
11, 15, 34, 100.000000
11, 16, 0, 0.372867
11, 16, 1, -0.202250
11, 16, 2, -0.459992
11, 16, 3, -0.468710
11, 16, 4, -0.464465
11, 16, 5, -0.476950
11, 16, 6, -0.458313
11, 16, 7, -0.452261
11, 16, 8, -0.466556
11, 16, 9, -0.467032
11, 16, 10, -0.318093
11, 16, 11, 0.070857
11, 16, 12, 0.588048
11, 16, 13, 1.171922
11, 16, 14, 1.677321
11, 16, 15, 100.000000
11, 16, 16, 100.000000
11, 16, 17, 100.000000
11, 16, 18, 100.000000
11, 16, 19, 100.000000
11, 16, 20, 100.000000
11, 16, 21, 100.000000
11, 16, 22, 100.000000
11, 16, 23, 100.000000
11, 16, 24, 100.000000
11, 16, 25, 100.000000
11, 16, 26, 100.000000
11, 16, 27, 100.000000
11, 16, 28, 100.000000
11, 16, 29, 100.000000
11, 16, 30, 100.000000
11, 16, 31, 100.000000
11, 16, 32, 100.000000
11, 16, 33, 100.000000
11, 16, 34, 100.000000
11, 17, 0, 0.371491
11, 17, 1, -0.205737
11, 17, 2, -0.474375
11, 17, 3, -0.477191
11, 17, 4, -0.465967
11, 17, 5, -0.460873
11, 17, 6, -0.475676
11, 17, 7, -0.463367
11, 17, 8, -0.482362
11, 17, 9, -0.469280
11, 17, 10, -0.318476
11, 17, 11, 0.043334
11, 17, 12, 0.565709
11, 17, 13, 1.160219
11, 17, 14, 1.603635
11, 17, 15, 100.000000
11, 17, 16, 100.000000
11, 17, 17, 100.000000
11, 17, 18, 100.000000
11, 17, 19, 100.000000
11, 17, 20, 100.000000
11, 17, 21, 100.000000
11, 17, 22, 100.000000
11, 17, 23, 100.000000
11, 17, 24, 100.000000
11, 17, 25, 100.000000
11, 17, 26, 100.000000
11, 17, 27, 100.000000
11, 17, 28, 100.000000
11, 17, 29, 100.000000
11, 17, 30, 100.000000
11, 17, 31, 100.000000
11, 17, 32, 100.000000
11, 17, 33, 100.000000
11, 17, 34, 100.000000
11, 18, 0, 0.380367
11, 18, 1, -0.180930
11, 18, 2, -0.495242
11, 18, 3, -0.473202
11, 18, 4, -0.462079
11, 18, 5, -0.474097
11, 18, 6, -0.459000
11, 18, 7, -0.451690
11, 18, 8, -0.448987
11, 18, 9, -0.437212
11, 18, 10, -0.294906
11, 18, 11, 0.047935
11, 18, 12, 0.577986
11, 18, 13, 1.162396
11, 18, 14, 1.496832
11, 18, 15, 2.398664
11, 18, 16, 100.000000
11, 18, 17, 100.000000
11, 18, 18, 100.000000
11, 18, 19, 100.000000
11, 18, 20, 100.000000
11, 18, 21, 100.000000
11, 18, 22, 100.000000
11, 18, 23, 100.000000
11, 18, 24, 100.000000
11, 18, 25, 100.000000
11, 18, 26, 100.000000
11, 18, 27, 100.000000
11, 18, 28, 100.000000
11, 18, 29, 100.000000
11, 18, 30, 100.000000
11, 18, 31, 100.000000
11, 18, 32, 100.000000
11, 18, 33, 100.000000
11, 18, 34, 100.000000
11, 19, 0, 0.390665
11, 19, 1, -0.157541
11, 19, 2, -0.462914
11, 19, 3, -0.444062
11, 19, 4, -0.470071
11, 19, 5, -0.446219
11, 19, 6, -0.452440
11, 19, 7, -0.457649
11, 19, 8, -0.464609
11, 19, 9, -0.457959
11, 19, 10, -0.283559
11, 19, 11, 0.093846
11, 19, 12, 0.644775
11, 19, 13, 1.205687
11, 19, 14, 1.517825
11, 19, 15, 2.399882
11, 19, 16, 100.000000
11, 19, 17, 100.000000
11, 19, 18, 100.000000
11, 19, 19, 100.000000
11, 19, 20, 100.000000
11, 19, 21, 100.000000
11, 19, 22, 100.000000
11, 19, 23, 100.000000
11, 19, 24, 100.000000
11, 19, 25, 100.000000
11, 19, 26, 100.000000
11, 19, 27, 100.000000
11, 19, 28, 100.000000
11, 19, 29, 100.000000
11, 19, 30, 100.000000
11, 19, 31, 100.000000
11, 19, 32, 100.000000
11, 19, 33, 100.000000
11, 19, 34, 100.000000
11, 20, 0, 0.396659
11, 20, 1, -0.152693
11, 20, 2, -0.468407
11, 20, 3, -0.447110
11, 20, 4, -0.445734
11, 20, 5, -0.479584
11, 20, 6, -0.437970
11, 20, 7, -0.449322
11, 20, 8, -0.476486
11, 20, 9, -0.438454
11, 20, 10, -0.262136
11, 20, 11, 0.128794
11, 20, 12, 0.679166
11, 20, 13, 1.214204
11, 20, 14, 1.663927
11, 20, 15, 100.000000
11, 20, 16, 100.000000
11, 20, 17, 100.000000
11, 20, 18, 100.000000
11, 20, 19, 100.000000
11, 20, 20, 100.000000
11, 20, 21, 100.000000
11, 20, 22, 100.000000
11, 20, 23, 100.000000
11, 20, 24, 100.000000
11, 20, 25, 100.000000
11, 20, 26, 100.000000
11, 20, 27, 100.000000
11, 20, 28, 100.000000
11, 20, 29, 100.000000
11, 20, 30, 100.000000
11, 20, 31, 100.000000
11, 20, 32, 100.000000
11, 20, 33, 100.000000
11, 20, 34, 100.000000
11, 21, 0, 0.395461
11, 21, 1, -0.165724
11, 21, 2, -0.474990
11, 21, 3, -0.447024
11, 21, 4, -0.478949
11, 21, 5, -0.464333
11, 21, 6, -0.431923
11, 21, 7, -0.463067
11, 21, 8, -0.462133
11, 21, 9, -0.427276
11, 21, 10, -0.275475
11, 21, 11, 0.089677
11, 21, 12, 0.602425
11, 21, 13, 1.172359
11, 21, 14, 1.862892
11, 21, 15, 100.000000
11, 21, 16, 100.000000
11, 21, 17, 100.000000
11, 21, 18, 100.000000
11, 21, 19, 100.000000
11, 21, 20, 100.000000
11, 21, 21, 100.000000
11, 21, 22, 100.000000
11, 21, 23, 100.000000
11, 21, 24, 100.000000
11, 21, 25, 100.000000
11, 21, 26, 100.000000
11, 21, 27, 100.000000
11, 21, 28, 100.000000
11, 21, 29, 100.000000
11, 21, 30, 100.000000
11, 21, 31, 100.000000
11, 21, 32, 100.000000
11, 21, 33, 100.000000
11, 21, 34, 100.000000
11, 22, 0, 0.388322
11, 22, 1, -0.182267
11, 22, 2, -0.453241
11, 22, 3, -0.451319
11, 22, 4, -0.468620
11, 22, 5, -0.444753
11, 22, 6, -0.438956
11, 22, 7, -0.470500
11, 22, 8, -0.462614
11, 22, 9, -0.411053
11, 22, 10, -0.283439
11, 22, 11, 0.058109
11, 22, 12, 0.537808
11, 22, 13, 1.117588
11, 22, 14, 1.783711
11, 22, 15, 100.000000
11, 22, 16, 100.000000
11, 22, 17, 100.000000
11, 22, 18, 100.000000
11, 22, 19, 100.000000
11, 22, 20, 100.000000
11, 22, 21, 100.000000
11, 22, 22, 100.000000
11, 22, 23, 100.000000
11, 22, 24, 100.000000
11, 22, 25, 100.000000
11, 22, 26, 100.000000
11, 22, 27, 100.000000
11, 22, 28, 100.000000
11, 22, 29, 100.000000
11, 22, 30, 100.000000
11, 22, 31, 100.000000
11, 22, 32, 100.000000
11, 22, 33, 100.000000
11, 22, 34, 100.000000
11, 23, 0, 0.375723
11, 23, 1, -0.182588
11, 23, 2, -0.446898
11, 23, 3, -0.421617
11, 23, 4, -0.459840
11, 23, 5, -0.418740
11, 23, 6, -0.423327
11, 23, 7, -0.451438
11, 23, 8, -0.453253
11, 23, 9, -0.422736
11, 23, 10, -0.290386
11, 23, 11, 0.049253
11, 23, 12, 0.551537
11, 23, 13, 1.163735
11, 23, 14, 1.858777
11, 23, 15, 100.000000
11, 23, 16, 100.000000
11, 23, 17, 100.000000
11, 23, 18, 100.000000
11, 23, 19, 100.000000
11, 23, 20, 100.000000
11, 23, 21, 100.000000
11, 23, 22, 100.000000
11, 23, 23, 100.000000
11, 23, 24, 100.000000
11, 23, 25, 100.000000
11, 23, 26, 100.000000
11, 23, 27, 100.000000
11, 23, 28, 100.000000
11, 23, 29, 100.000000
11, 23, 30, 100.000000
11, 23, 31, 100.000000
11, 23, 32, 100.000000
11, 23, 33, 100.000000
11, 23, 34, 100.000000
11, 24, 0, 0.377947
11, 24, 1, -0.167616
11, 24, 2, -0.486465
11, 24, 3, -0.427538
11, 24, 4, -0.481912
11, 24, 5, -0.426804
11, 24, 6, -0.429059
11, 24, 7, -0.441719
11, 24, 8, -0.430487
11, 24, 9, -0.409635
11, 24, 10, -0.246663
11, 24, 11, 0.099553
11, 24, 12, 0.606470
11, 24, 13, 1.197789
11, 24, 14, 1.817170
11, 24, 15, 100.000000
11, 24, 16, 100.000000
11, 24, 17, 100.000000
11, 24, 18, 100.000000
11, 24, 19, 100.000000
11, 24, 20, 100.000000
11, 24, 21, 100.000000
11, 24, 22, 100.000000
11, 24, 23, 100.000000
11, 24, 24, 100.000000
11, 24, 25, 100.000000
11, 24, 26, 100.000000
11, 24, 27, 100.000000
11, 24, 28, 100.000000
11, 24, 29, 100.000000
11, 24, 30, 100.000000
11, 24, 31, 100.000000
11, 24, 32, 100.000000
11, 24, 33, 100.000000
11, 24, 34, 100.000000
11, 25, 0, 0.397448
11, 25, 1, -0.167588
11, 25, 2, -0.460681
11, 25, 3, -0.430155
11, 25, 4, -0.472590
11, 25, 5, -0.424716
11, 25, 6, -0.423250
11, 25, 7, -0.445738
11, 25, 8, -0.454914
11, 25, 9, -0.420603
11, 25, 10, -0.188997
11, 25, 11, 0.167386
11, 25, 12, 0.681149
11, 25, 13, 1.270847
11, 25, 14, 1.912369
11, 25, 15, 100.000000
11, 25, 16, 100.000000
11, 25, 17, 100.000000
11, 25, 18, 100.000000
11, 25, 19, 100.000000
11, 25, 20, 100.000000
11, 25, 21, 100.000000
11, 25, 22, 100.000000
11, 25, 23, 100.000000
11, 25, 24, 100.000000
11, 25, 25, 100.000000
11, 25, 26, 100.000000
11, 25, 27, 100.000000
11, 25, 28, 100.000000
11, 25, 29, 100.000000
11, 25, 30, 100.000000
11, 25, 31, 100.000000
11, 25, 32, 100.000000
11, 25, 33, 100.000000
11, 25, 34, 100.000000
11, 26, 0, 0.406339
11, 26, 1, -0.186811
11, 26, 2, -0.471990
11, 26, 3, -0.455197
11, 26, 4, -0.440499
11, 26, 5, -0.390826
11, 26, 6, -0.398121
11, 26, 7, -0.430597
11, 26, 8, -0.465729
11, 26, 9, -0.407143
11, 26, 10, -0.178864
11, 26, 11, 0.180798
11, 26, 12, 0.711862
11, 26, 13, 1.354580
11, 26, 14, 1.947742
11, 26, 15, 100.000000
11, 26, 16, 100.000000
11, 26, 17, 100.000000
11, 26, 18, 100.000000
11, 26, 19, 100.000000
11, 26, 20, 100.000000
11, 26, 21, 100.000000
11, 26, 22, 100.000000
11, 26, 23, 100.000000
11, 26, 24, 100.000000
11, 26, 25, 100.000000
11, 26, 26, 100.000000
11, 26, 27, 100.000000
11, 26, 28, 100.000000
11, 26, 29, 100.000000
11, 26, 30, 100.000000
11, 26, 31, 100.000000
11, 26, 32, 100.000000
11, 26, 33, 100.000000
11, 26, 34, 100.000000
11, 27, 0, 0.389796
11, 27, 1, -0.193161
11, 27, 2, -0.445714
11, 27, 3, -0.430853
11, 27, 4, -0.422613
11, 27, 5, -0.348364
11, 27, 6, -0.352911
11, 27, 7, -0.413668
11, 27, 8, -0.484429
11, 27, 9, -0.378706
11, 27, 10, -0.209644
11, 27, 11, 0.132101
11, 27, 12, 0.670053
11, 27, 13, 1.234843
11, 27, 14, 1.689276
11, 27, 15, 100.000000
11, 27, 16, 100.000000
11, 27, 17, 100.000000
11, 27, 18, 100.000000
11, 27, 19, 100.000000
11, 27, 20, 100.000000
11, 27, 21, 100.000000
11, 27, 22, 100.000000
11, 27, 23, 100.000000
11, 27, 24, 100.000000
11, 27, 25, 100.000000
11, 27, 26, 100.000000
11, 27, 27, 100.000000
11, 27, 28, 100.000000
11, 27, 29, 100.000000
11, 27, 30, 100.000000
11, 27, 31, 100.000000
11, 27, 32, 100.000000
11, 27, 33, 100.000000
11, 27, 34, 100.000000
11, 28, 0, 0.372182
11, 28, 1, -0.154659
11, 28, 2, -0.412085
11, 28, 3, -0.477488
11, 28, 4, -0.435522
11, 28, 5, -0.350459
11, 28, 6, -0.375342
11, 28, 7, -0.412024
11, 28, 8, -0.345178
11, 28, 9, -0.276514
11, 28, 10, -0.198061
11, 28, 11, 0.093926
11, 28, 12, 0.612208
11, 28, 13, 1.139500
11, 28, 14, 1.464759
11, 28, 15, 2.343501
11, 28, 16, 100.000000
11, 28, 17, 100.000000
11, 28, 18, 100.000000
11, 28, 19, 100.000000
11, 28, 20, 100.000000
11, 28, 21, 100.000000
11, 28, 22, 100.000000
11, 28, 23, 100.000000
11, 28, 24, 100.000000
11, 28, 25, 100.000000
11, 28, 26, 100.000000
11, 28, 27, 100.000000
11, 28, 28, 100.000000
11, 28, 29, 100.000000
11, 28, 30, 100.000000
11, 28, 31, 100.000000
11, 28, 32, 100.000000
11, 28, 33, 100.000000
11, 28, 34, 100.000000
11, 29, 0, 0.449862
11, 29, 1, 0.076918
11, 29, 2, -0.078465
11, 29, 3, -0.170065
11, 29, 4, -0.206783
11, 29, 5, -0.164540
11, 29, 6, -0.136027
11, 29, 7, -0.092358
11, 29, 8, -0.016972
11, 29, 9, 0.022889
11, 29, 10, 0.055414
11, 29, 11, 0.231458
11, 29, 12, 0.680461
11, 29, 13, 1.172854
11, 29, 14, 1.654432
11, 29, 15, 2.453329
11, 29, 16, 100.000000
11, 29, 17, 100.000000
11, 29, 18, 100.000000
11, 29, 19, 100.000000
11, 29, 20, 100.000000
11, 29, 21, 100.000000
11, 29, 22, 100.000000
11, 29, 23, 100.000000
11, 29, 24, 100.000000
11, 29, 25, 100.000000
11, 29, 26, 100.000000
11, 29, 27, 100.000000
11, 29, 28, 100.000000
11, 29, 29, 100.000000
11, 29, 30, 100.000000
11, 29, 31, 100.000000
11, 29, 32, 100.000000
11, 29, 33, 100.000000
11, 29, 34, 100.000000
12, 0, 0, 0.730221
12, 0, 1, 0.489852
12, 0, 2, 0.406137
12, 0, 3, 0.400431
12, 0, 4, 0.418976
12, 0, 5, 0.434224
12, 0, 6, 0.463693
12, 0, 7, 0.498227
12, 0, 8, 0.496078
12, 0, 9, 0.479079
12, 0, 10, 0.562028
12, 0, 11, 0.882488
12, 0, 12, 1.289363
12, 0, 13, 1.820708
12, 0, 14, 100.000000
12, 0, 15, 100.000000
12, 0, 16, 100.000000
12, 0, 17, 100.000000
12, 0, 18, 100.000000
12, 0, 19, 100.000000
12, 0, 20, 100.000000
12, 0, 21, 100.000000
12, 0, 22, 100.000000
12, 0, 23, 100.000000
12, 0, 24, 100.000000
12, 0, 25, 100.000000
12, 0, 26, 100.000000
12, 0, 27, 100.000000
12, 0, 28, 100.000000
12, 0, 29, 100.000000
12, 0, 30, 100.000000
12, 0, 31, 100.000000
12, 0, 32, 100.000000
12, 0, 33, 100.000000
12, 0, 34, 100.000000
12, 1, 0, 0.435388
12, 1, 1, 0.046105
12, 1, 2, -0.083051
12, 1, 3, -0.120020
12, 1, 4, -0.116464
12, 1, 5, -0.090918
12, 1, 6, -0.089450
12, 1, 7, -0.074621
12, 1, 8, -0.040311
12, 1, 9, 0.015737
12, 1, 10, 0.182743
12, 1, 11, 0.590297
12, 1, 12, 1.117548
12, 1, 13, 1.606977
12, 1, 14, 100.000000
12, 1, 15, 100.000000
12, 1, 16, 100.000000
12, 1, 17, 100.000000
12, 1, 18, 100.000000
12, 1, 19, 100.000000
12, 1, 20, 100.000000
12, 1, 21, 100.000000
12, 1, 22, 100.000000
12, 1, 23, 100.000000
12, 1, 24, 100.000000
12, 1, 25, 100.000000
12, 1, 26, 100.000000
12, 1, 27, 100.000000
12, 1, 28, 100.000000
12, 1, 29, 100.000000
12, 1, 30, 100.000000
12, 1, 31, 100.000000
12, 1, 32, 100.000000
12, 1, 33, 100.000000
12, 1, 34, 100.000000
12, 2, 0, 0.377778
12, 2, 1, -0.119012
12, 2, 2, -0.360297
12, 2, 3, -0.413727
12, 2, 4, -0.423994
12, 2, 5, -0.423865
12, 2, 6, -0.428044
12, 2, 7, -0.430846
12, 2, 8, -0.357331
12, 2, 9, -0.237313
12, 2, 10, 0.032115
12, 2, 11, 0.479011
12, 2, 12, 1.000770
12, 2, 13, 1.468218
12, 2, 14, 2.407147
12, 2, 15, 100.000000
12, 2, 16, 100.000000
12, 2, 17, 100.000000
12, 2, 18, 100.000000
12, 2, 19, 100.000000
12, 2, 20, 100.000000
12, 2, 21, 100.000000
12, 2, 22, 100.000000
12, 2, 23, 100.000000
12, 2, 24, 100.000000
12, 2, 25, 100.000000
12, 2, 26, 100.000000
12, 2, 27, 100.000000
12, 2, 28, 100.000000
12, 2, 29, 100.000000
12, 2, 30, 100.000000
12, 2, 31, 100.000000
12, 2, 32, 100.000000
12, 2, 33, 100.000000
12, 2, 34, 100.000000
12, 3, 0, 0.393192
12, 3, 1, -0.134734
12, 3, 2, -0.441273
12, 3, 3, -0.457582
12, 3, 4, -0.421470
12, 3, 5, -0.427900
12, 3, 6, -0.397404
12, 3, 7, -0.435149
12, 3, 8, -0.468798
12, 3, 9, -0.330528
12, 3, 10, -0.027296
12, 3, 11, 0.450023
12, 3, 12, 0.938208
12, 3, 13, 1.446816
12, 3, 14, 2.426956
12, 3, 15, 100.000000
12, 3, 16, 100.000000
12, 3, 17, 100.000000
12, 3, 18, 100.000000
12, 3, 19, 100.000000
12, 3, 20, 100.000000
12, 3, 21, 100.000000
12, 3, 22, 100.000000
12, 3, 23, 100.000000
12, 3, 24, 100.000000
12, 3, 25, 100.000000
12, 3, 26, 100.000000
12, 3, 27, 100.000000
12, 3, 28, 100.000000
12, 3, 29, 100.000000
12, 3, 30, 100.000000
12, 3, 31, 100.000000
12, 3, 32, 100.000000
12, 3, 33, 100.000000
12, 3, 34, 100.000000
12, 4, 0, 0.389265
12, 4, 1, -0.153688
12, 4, 2, -0.464234
12, 4, 3, -0.427481
12, 4, 4, -0.448950
12, 4, 5, -0.461950
12, 4, 6, -0.432417
12, 4, 7, -0.439057
12, 4, 8, -0.449401
12, 4, 9, -0.354550
12, 4, 10, -0.032977
12, 4, 11, 0.445067
12, 4, 12, 0.983164
12, 4, 13, 1.586341
12, 4, 14, 2.485269
12, 4, 15, 100.000000
12, 4, 16, 100.000000
12, 4, 17, 100.000000
12, 4, 18, 100.000000
12, 4, 19, 100.000000
12, 4, 20, 100.000000
12, 4, 21, 100.000000
12, 4, 22, 100.000000
12, 4, 23, 100.000000
12, 4, 24, 100.000000
12, 4, 25, 100.000000
12, 4, 26, 100.000000
12, 4, 27, 100.000000
12, 4, 28, 100.000000
12, 4, 29, 100.000000
12, 4, 30, 100.000000
12, 4, 31, 100.000000
12, 4, 32, 100.000000
12, 4, 33, 100.000000
12, 4, 34, 100.000000
12, 5, 0, 0.383205
12, 5, 1, -0.182106
12, 5, 2, -0.481123
12, 5, 3, -0.445890
12, 5, 4, -0.474551
12, 5, 5, -0.478127
12, 5, 6, -0.441850
12, 5, 7, -0.419705
12, 5, 8, -0.436919
12, 5, 9, -0.340582
12, 5, 10, -0.022963
12, 5, 11, 0.462233
12, 5, 12, 1.006379
12, 5, 13, 1.735373
12, 5, 14, 100.000000
12, 5, 15, 100.000000
12, 5, 16, 100.000000
12, 5, 17, 100.000000
12, 5, 18, 100.000000
12, 5, 19, 100.000000
12, 5, 20, 100.000000
12, 5, 21, 100.000000
12, 5, 22, 100.000000
12, 5, 23, 100.000000
12, 5, 24, 100.000000
12, 5, 25, 100.000000
12, 5, 26, 100.000000
12, 5, 27, 100.000000
12, 5, 28, 100.000000
12, 5, 29, 100.000000
12, 5, 30, 100.000000
12, 5, 31, 100.000000
12, 5, 32, 100.000000
12, 5, 33, 100.000000
12, 5, 34, 100.000000
12, 6, 0, 0.391670
12, 6, 1, -0.177236
12, 6, 2, -0.496373
12, 6, 3, -0.457650
12, 6, 4, -0.486314
12, 6, 5, -0.477680
12, 6, 6, -0.465556
12, 6, 7, -0.453102
12, 6, 8, -0.440842
12, 6, 9, -0.339577
12, 6, 10, -0.011521
12, 6, 11, 0.473179
12, 6, 12, 0.991831
12, 6, 13, 1.733064
12, 6, 14, 100.000000
12, 6, 15, 100.000000
12, 6, 16, 100.000000
12, 6, 17, 100.000000
12, 6, 18, 100.000000
12, 6, 19, 100.000000
12, 6, 20, 100.000000
12, 6, 21, 100.000000
12, 6, 22, 100.000000
12, 6, 23, 100.000000
12, 6, 24, 100.000000
12, 6, 25, 100.000000
12, 6, 26, 100.000000
12, 6, 27, 100.000000
12, 6, 28, 100.000000
12, 6, 29, 100.000000
12, 6, 30, 100.000000
12, 6, 31, 100.000000
12, 6, 32, 100.000000
12, 6, 33, 100.000000
12, 6, 34, 100.000000
12, 7, 0, 0.390487
12, 7, 1, -0.164554
12, 7, 2, -0.475201
12, 7, 3, -0.457639
12, 7, 4, -0.481653
12, 7, 5, -0.461107
12, 7, 6, -0.476743
12, 7, 7, -0.467028
12, 7, 8, -0.448671
12, 7, 9, -0.341600
12, 7, 10, -0.014603
12, 7, 11, 0.443269
12, 7, 12, 0.931533
12, 7, 13, 1.472906
12, 7, 14, 2.403610
12, 7, 15, 100.000000
12, 7, 16, 100.000000
12, 7, 17, 100.000000
12, 7, 18, 100.000000
12, 7, 19, 100.000000
12, 7, 20, 100.000000
12, 7, 21, 100.000000
12, 7, 22, 100.000000
12, 7, 23, 100.000000
12, 7, 24, 100.000000
12, 7, 25, 100.000000
12, 7, 26, 100.000000
12, 7, 27, 100.000000
12, 7, 28, 100.000000
12, 7, 29, 100.000000
12, 7, 30, 100.000000
12, 7, 31, 100.000000
12, 7, 32, 100.000000
12, 7, 33, 100.000000
12, 7, 34, 100.000000
12, 8, 0, 0.380974
12, 8, 1, -0.147709
12, 8, 2, -0.462700
12, 8, 3, -0.445840
12, 8, 4, -0.476500
12, 8, 5, -0.457890
12, 8, 6, -0.463243
12, 8, 7, -0.437058
12, 8, 8, -0.457553
12, 8, 9, -0.368734
12, 8, 10, -0.041368
12, 8, 11, 0.404801
12, 8, 12, 0.897872
12, 8, 13, 1.256531
12, 8, 14, 2.096684
12, 8, 15, 100.000000
12, 8, 16, 100.000000
12, 8, 17, 100.000000
12, 8, 18, 100.000000
12, 8, 19, 100.000000
12, 8, 20, 100.000000
12, 8, 21, 100.000000
12, 8, 22, 100.000000
12, 8, 23, 100.000000
12, 8, 24, 100.000000
12, 8, 25, 100.000000
12, 8, 26, 100.000000
12, 8, 27, 100.000000
12, 8, 28, 100.000000
12, 8, 29, 100.000000
12, 8, 30, 100.000000
12, 8, 31, 100.000000
12, 8, 32, 100.000000
12, 8, 33, 100.000000
12, 8, 34, 100.000000
12, 9, 0, 0.393041
12, 9, 1, -0.133387
12, 9, 2, -0.461617
12, 9, 3, -0.451910
12, 9, 4, -0.463074
12, 9, 5, -0.463796
12, 9, 6, -0.479348
12, 9, 7, -0.464791
12, 9, 8, -0.470531
12, 9, 9, -0.409949
12, 9, 10, -0.068094
12, 9, 11, 0.397500
12, 9, 12, 0.924460
12, 9, 13, 1.334882
12, 9, 14, 2.074468
12, 9, 15, 100.000000
12, 9, 16, 100.000000
12, 9, 17, 100.000000
12, 9, 18, 100.000000
12, 9, 19, 100.000000
12, 9, 20, 100.000000
12, 9, 21, 100.000000
12, 9, 22, 100.000000
12, 9, 23, 100.000000
12, 9, 24, 100.000000
12, 9, 25, 100.000000
12, 9, 26, 100.000000
12, 9, 27, 100.000000
12, 9, 28, 100.000000
12, 9, 29, 100.000000
12, 9, 30, 100.000000
12, 9, 31, 100.000000
12, 9, 32, 100.000000
12, 9, 33, 100.000000
12, 9, 34, 100.000000
12, 10, 0, 0.423871
12, 10, 1, -0.128171
12, 10, 2, -0.451716
12, 10, 3, -0.476975
12, 10, 4, -0.454969
12, 10, 5, -0.459489
12, 10, 6, -0.461460
12, 10, 7, -0.442764
12, 10, 8, -0.457823
12, 10, 9, -0.421933
12, 10, 10, -0.088879
12, 10, 11, 0.373191
12, 10, 12, 0.946254
12, 10, 13, 1.538907
12, 10, 14, 2.401313
12, 10, 15, 100.000000
12, 10, 16, 100.000000
12, 10, 17, 100.000000
12, 10, 18, 100.000000
12, 10, 19, 100.000000
12, 10, 20, 100.000000
12, 10, 21, 100.000000
12, 10, 22, 100.000000
12, 10, 23, 100.000000
12, 10, 24, 100.000000
12, 10, 25, 100.000000
12, 10, 26, 100.000000
12, 10, 27, 100.000000
12, 10, 28, 100.000000
12, 10, 29, 100.000000
12, 10, 30, 100.000000
12, 10, 31, 100.000000
12, 10, 32, 100.000000
12, 10, 33, 100.000000
12, 10, 34, 100.000000
12, 11, 0, 0.456541
12, 11, 1, -0.121622
12, 11, 2, -0.440721
12, 11, 3, -0.482746
12, 11, 4, -0.467218
12, 11, 5, -0.466102
12, 11, 6, -0.483338
12, 11, 7, -0.455659
12, 11, 8, -0.454226
12, 11, 9, -0.387435
12, 11, 10, -0.102842
12, 11, 11, 0.328802
12, 11, 12, 0.923041
12, 11, 13, 1.562627
12, 11, 14, 2.447805
12, 11, 15, 100.000000
12, 11, 16, 100.000000
12, 11, 17, 100.000000
12, 11, 18, 100.000000
12, 11, 19, 100.000000
12, 11, 20, 100.000000
12, 11, 21, 100.000000
12, 11, 22, 100.000000
12, 11, 23, 100.000000
12, 11, 24, 100.000000
12, 11, 25, 100.000000
12, 11, 26, 100.000000
12, 11, 27, 100.000000
12, 11, 28, 100.000000
12, 11, 29, 100.000000
12, 11, 30, 100.000000
12, 11, 31, 100.000000
12, 11, 32, 100.000000
12, 11, 33, 100.000000
12, 11, 34, 100.000000
12, 12, 0, 0.454378
12, 12, 1, -0.123694
12, 12, 2, -0.453322
12, 12, 3, -0.475054
12, 12, 4, -0.458552
12, 12, 5, -0.465808
12, 12, 6, -0.477930
12, 12, 7, -0.483882
12, 12, 8, -0.485675
12, 12, 9, -0.408784
12, 12, 10, -0.140401
12, 12, 11, 0.286710
12, 12, 12, 0.839928
12, 12, 13, 1.517569
12, 12, 14, 2.395365
12, 12, 15, 100.000000
12, 12, 16, 100.000000
12, 12, 17, 100.000000
12, 12, 18, 100.000000
12, 12, 19, 100.000000
12, 12, 20, 100.000000
12, 12, 21, 100.000000
12, 12, 22, 100.000000
12, 12, 23, 100.000000
12, 12, 24, 100.000000
12, 12, 25, 100.000000
12, 12, 26, 100.000000
12, 12, 27, 100.000000
12, 12, 28, 100.000000
12, 12, 29, 100.000000
12, 12, 30, 100.000000
12, 12, 31, 100.000000
12, 12, 32, 100.000000
12, 12, 33, 100.000000
12, 12, 34, 100.000000
12, 13, 0, 0.420645
12, 13, 1, -0.142450
12, 13, 2, -0.471539
12, 13, 3, -0.436036
12, 13, 4, -0.465252
12, 13, 5, -0.448351
12, 13, 6, -0.486491
12, 13, 7, -0.475166
12, 13, 8, -0.474603
12, 13, 9, -0.470175
12, 13, 10, -0.231716
12, 13, 11, 0.196715
12, 13, 12, 0.730747
12, 13, 13, 1.411672
12, 13, 14, 2.085202
12, 13, 15, 100.000000
12, 13, 16, 100.000000
12, 13, 17, 100.000000
12, 13, 18, 100.000000
12, 13, 19, 100.000000
12, 13, 20, 100.000000
12, 13, 21, 100.000000
12, 13, 22, 100.000000
12, 13, 23, 100.000000
12, 13, 24, 100.000000
12, 13, 25, 100.000000
12, 13, 26, 100.000000
12, 13, 27, 100.000000
12, 13, 28, 100.000000
12, 13, 29, 100.000000
12, 13, 30, 100.000000
12, 13, 31, 100.000000
12, 13, 32, 100.000000
12, 13, 33, 100.000000
12, 13, 34, 100.000000
12, 14, 0, 0.400486
12, 14, 1, -0.166180
12, 14, 2, -0.476440
12, 14, 3, -0.448391
12, 14, 4, -0.474088
12, 14, 5, -0.440077
12, 14, 6, -0.491091
12, 14, 7, -0.470097
12, 14, 8, -0.477603
12, 14, 9, -0.472107
12, 14, 10, -0.278904
12, 14, 11, 0.131366
12, 14, 12, 0.650051
12, 14, 13, 1.278277
12, 14, 14, 1.953380
12, 14, 15, 100.000000
12, 14, 16, 100.000000
12, 14, 17, 100.000000
12, 14, 18, 100.000000
12, 14, 19, 100.000000
12, 14, 20, 100.000000
12, 14, 21, 100.000000
12, 14, 22, 100.000000
12, 14, 23, 100.000000
12, 14, 24, 100.000000
12, 14, 25, 100.000000
12, 14, 26, 100.000000
12, 14, 27, 100.000000
12, 14, 28, 100.000000
12, 14, 29, 100.000000
12, 14, 30, 100.000000
12, 14, 31, 100.000000
12, 14, 32, 100.000000
12, 14, 33, 100.000000
12, 14, 34, 100.000000
12, 15, 0, 0.397858
12, 15, 1, -0.179835
12, 15, 2, -0.473540
12, 15, 3, -0.465363
12, 15, 4, -0.477877
12, 15, 5, -0.447454
12, 15, 6, -0.442197
12, 15, 7, -0.478820
12, 15, 8, -0.460281
12, 15, 9, -0.456228
12, 15, 10, -0.290663
12, 15, 11, 0.082686
12, 15, 12, 0.580903
12, 15, 13, 1.149533
12, 15, 14, 1.810755
12, 15, 15, 100.000000
12, 15, 16, 100.000000
12, 15, 17, 100.000000
12, 15, 18, 100.000000
12, 15, 19, 100.000000
12, 15, 20, 100.000000
12, 15, 21, 100.000000
12, 15, 22, 100.000000
12, 15, 23, 100.000000
12, 15, 24, 100.000000
12, 15, 25, 100.000000
12, 15, 26, 100.000000
12, 15, 27, 100.000000
12, 15, 28, 100.000000
12, 15, 29, 100.000000
12, 15, 30, 100.000000
12, 15, 31, 100.000000
12, 15, 32, 100.000000
12, 15, 33, 100.000000
12, 15, 34, 100.000000
12, 16, 0, 0.379676
12, 16, 1, -0.199565
12, 16, 2, -0.474405
12, 16, 3, -0.478262
12, 16, 4, -0.481351
12, 16, 5, -0.490828
12, 16, 6, -0.444066
12, 16, 7, -0.439426
12, 16, 8, -0.446948
12, 16, 9, -0.437779
12, 16, 10, -0.305087
12, 16, 11, 0.034062
12, 16, 12, 0.533779
12, 16, 13, 1.083619
12, 16, 14, 1.612508
12, 16, 15, 100.000000
12, 16, 16, 100.000000
12, 16, 17, 100.000000
12, 16, 18, 100.000000
12, 16, 19, 100.000000
12, 16, 20, 100.000000
12, 16, 21, 100.000000
12, 16, 22, 100.000000
12, 16, 23, 100.000000
12, 16, 24, 100.000000
12, 16, 25, 100.000000
12, 16, 26, 100.000000
12, 16, 27, 100.000000
12, 16, 28, 100.000000
12, 16, 29, 100.000000
12, 16, 30, 100.000000
12, 16, 31, 100.000000
12, 16, 32, 100.000000
12, 16, 33, 100.000000
12, 16, 34, 100.000000
12, 17, 0, 0.365366
12, 17, 1, -0.215330
12, 17, 2, -0.472472
12, 17, 3, -0.486409
12, 17, 4, -0.492258
12, 17, 5, -0.468274
12, 17, 6, -0.452251
12, 17, 7, -0.459934
12, 17, 8, -0.456314
12, 17, 9, -0.440772
12, 17, 10, -0.315712
12, 17, 11, 0.017441
12, 17, 12, 0.525100
12, 17, 13, 1.074414
12, 17, 14, 1.526678
12, 17, 15, 100.000000
12, 17, 16, 100.000000
12, 17, 17, 100.000000
12, 17, 18, 100.000000
12, 17, 19, 100.000000
12, 17, 20, 100.000000
12, 17, 21, 100.000000
12, 17, 22, 100.000000
12, 17, 23, 100.000000
12, 17, 24, 100.000000
12, 17, 25, 100.000000
12, 17, 26, 100.000000
12, 17, 27, 100.000000
12, 17, 28, 100.000000
12, 17, 29, 100.000000
12, 17, 30, 100.000000
12, 17, 31, 100.000000
12, 17, 32, 100.000000
12, 17, 33, 100.000000
12, 17, 34, 100.000000
12, 18, 0, 0.378337
12, 18, 1, -0.192357
12, 18, 2, -0.470762
12, 18, 3, -0.463908
12, 18, 4, -0.483126
12, 18, 5, -0.466497
12, 18, 6, -0.478788
12, 18, 7, -0.477428
12, 18, 8, -0.468977
12, 18, 9, -0.429637
12, 18, 10, -0.295448
12, 18, 11, 0.042329
12, 18, 12, 0.560766
12, 18, 13, 1.104934
12, 18, 14, 1.329088
12, 18, 15, 2.284285
12, 18, 16, 100.000000
12, 18, 17, 100.000000
12, 18, 18, 100.000000
12, 18, 19, 100.000000
12, 18, 20, 100.000000
12, 18, 21, 100.000000
12, 18, 22, 100.000000
12, 18, 23, 100.000000
12, 18, 24, 100.000000
12, 18, 25, 100.000000
12, 18, 26, 100.000000
12, 18, 27, 100.000000
12, 18, 28, 100.000000
12, 18, 29, 100.000000
12, 18, 30, 100.000000
12, 18, 31, 100.000000
12, 18, 32, 100.000000
12, 18, 33, 100.000000
12, 18, 34, 100.000000
12, 19, 0, 0.385437
12, 19, 1, -0.167889
12, 19, 2, -0.470586
12, 19, 3, -0.440111
12, 19, 4, -0.486749
12, 19, 5, -0.458420
12, 19, 6, -0.468047
12, 19, 7, -0.461539
12, 19, 8, -0.472251
12, 19, 9, -0.438237
12, 19, 10, -0.256094
12, 19, 11, 0.113520
12, 19, 12, 0.635992
12, 19, 13, 1.154093
12, 19, 14, 1.396496
12, 19, 15, 2.285553
12, 19, 16, 100.000000
12, 19, 17, 100.000000
12, 19, 18, 100.000000
12, 19, 19, 100.000000
12, 19, 20, 100.000000
12, 19, 21, 100.000000
12, 19, 22, 100.000000
12, 19, 23, 100.000000
12, 19, 24, 100.000000
12, 19, 25, 100.000000
12, 19, 26, 100.000000
12, 19, 27, 100.000000
12, 19, 28, 100.000000
12, 19, 29, 100.000000
12, 19, 30, 100.000000
12, 19, 31, 100.000000
12, 19, 32, 100.000000
12, 19, 33, 100.000000
12, 19, 34, 100.000000
12, 20, 0, 0.394206
12, 20, 1, -0.158760
12, 20, 2, -0.485042
12, 20, 3, -0.430102
12, 20, 4, -0.472676
12, 20, 5, -0.468226
12, 20, 6, -0.473608
12, 20, 7, -0.446507
12, 20, 8, -0.457020
12, 20, 9, -0.423101
12, 20, 10, -0.217812
12, 20, 11, 0.186704
12, 20, 12, 0.715906
12, 20, 13, 1.182593
12, 20, 14, 1.741099
12, 20, 15, 100.000000
12, 20, 16, 100.000000
12, 20, 17, 100.000000
12, 20, 18, 100.000000
12, 20, 19, 100.000000
12, 20, 20, 100.000000
12, 20, 21, 100.000000
12, 20, 22, 100.000000
12, 20, 23, 100.000000
12, 20, 24, 100.000000
12, 20, 25, 100.000000
12, 20, 26, 100.000000
12, 20, 27, 100.000000
12, 20, 28, 100.000000
12, 20, 29, 100.000000
12, 20, 30, 100.000000
12, 20, 31, 100.000000
12, 20, 32, 100.000000
12, 20, 33, 100.000000
12, 20, 34, 100.000000
12, 21, 0, 0.400222
12, 21, 1, -0.159489
12, 21, 2, -0.465958
12, 21, 3, -0.416104
12, 21, 4, -0.452690
12, 21, 5, -0.464884
12, 21, 6, -0.440836
12, 21, 7, -0.445159
12, 21, 8, -0.462138
12, 21, 9, -0.425516
12, 21, 10, -0.225254
12, 21, 11, 0.164475
12, 21, 12, 0.675813
12, 21, 13, 1.189284
12, 21, 14, 1.967841
12, 21, 15, 100.000000
12, 21, 16, 100.000000
12, 21, 17, 100.000000
12, 21, 18, 100.000000
12, 21, 19, 100.000000
12, 21, 20, 100.000000
12, 21, 21, 100.000000
12, 21, 22, 100.000000
12, 21, 23, 100.000000
12, 21, 24, 100.000000
12, 21, 25, 100.000000
12, 21, 26, 100.000000
12, 21, 27, 100.000000
12, 21, 28, 100.000000
12, 21, 29, 100.000000
12, 21, 30, 100.000000
12, 21, 31, 100.000000
12, 21, 32, 100.000000
12, 21, 33, 100.000000
12, 21, 34, 100.000000
12, 22, 0, 0.390376
12, 22, 1, -0.177250
12, 22, 2, -0.463768
12, 22, 3, -0.425470
12, 22, 4, -0.459519
12, 22, 5, -0.437105
12, 22, 6, -0.429411
12, 22, 7, -0.456233
12, 22, 8, -0.459222
12, 22, 9, -0.407616
12, 22, 10, -0.242627
12, 22, 11, 0.116676
12, 22, 12, 0.607949
12, 22, 13, 1.145311
12, 22, 14, 1.807837
12, 22, 15, 100.000000
12, 22, 16, 100.000000
12, 22, 17, 100.000000
12, 22, 18, 100.000000
12, 22, 19, 100.000000
12, 22, 20, 100.000000
12, 22, 21, 100.000000
12, 22, 22, 100.000000
12, 22, 23, 100.000000
12, 22, 24, 100.000000
12, 22, 25, 100.000000
12, 22, 26, 100.000000
12, 22, 27, 100.000000
12, 22, 28, 100.000000
12, 22, 29, 100.000000
12, 22, 30, 100.000000
12, 22, 31, 100.000000
12, 22, 32, 100.000000
12, 22, 33, 100.000000
12, 22, 34, 100.000000
12, 23, 0, 0.374478
12, 23, 1, -0.171283
12, 23, 2, -0.460742
12, 23, 3, -0.428726
12, 23, 4, -0.453237
12, 23, 5, -0.430217
12, 23, 6, -0.411648
12, 23, 7, -0.423291
12, 23, 8, -0.439350
12, 23, 9, -0.413518
12, 23, 10, -0.272949
12, 23, 11, 0.082430
12, 23, 12, 0.599976
12, 23, 13, 1.163801
12, 23, 14, 1.818375
12, 23, 15, 100.000000
12, 23, 16, 100.000000
12, 23, 17, 100.000000
12, 23, 18, 100.000000
12, 23, 19, 100.000000
12, 23, 20, 100.000000
12, 23, 21, 100.000000
12, 23, 22, 100.000000
12, 23, 23, 100.000000
12, 23, 24, 100.000000
12, 23, 25, 100.000000
12, 23, 26, 100.000000
12, 23, 27, 100.000000
12, 23, 28, 100.000000
12, 23, 29, 100.000000
12, 23, 30, 100.000000
12, 23, 31, 100.000000
12, 23, 32, 100.000000
12, 23, 33, 100.000000
12, 23, 34, 100.000000
12, 24, 0, 0.389904
12, 24, 1, -0.151657
12, 24, 2, -0.465152
12, 24, 3, -0.430432
12, 24, 4, -0.473493
12, 24, 5, -0.424134
12, 24, 6, -0.412048
12, 24, 7, -0.431761
12, 24, 8, -0.438972
12, 24, 9, -0.427091
12, 24, 10, -0.246407
12, 24, 11, 0.123575
12, 24, 12, 0.643656
12, 24, 13, 1.215195
12, 24, 14, 1.925165
12, 24, 15, 100.000000
12, 24, 16, 100.000000
12, 24, 17, 100.000000
12, 24, 18, 100.000000
12, 24, 19, 100.000000
12, 24, 20, 100.000000
12, 24, 21, 100.000000
12, 24, 22, 100.000000
12, 24, 23, 100.000000
12, 24, 24, 100.000000
12, 24, 25, 100.000000
12, 24, 26, 100.000000
12, 24, 27, 100.000000
12, 24, 28, 100.000000
12, 24, 29, 100.000000
12, 24, 30, 100.000000
12, 24, 31, 100.000000
12, 24, 32, 100.000000
12, 24, 33, 100.000000
12, 24, 34, 100.000000
12, 25, 0, 0.406000
12, 25, 1, -0.162569
12, 25, 2, -0.486909
12, 25, 3, -0.442947
12, 25, 4, -0.470135
12, 25, 5, -0.428890
12, 25, 6, -0.440421
12, 25, 7, -0.445832
12, 25, 8, -0.436212
12, 25, 9, -0.439360
12, 25, 10, -0.195565
12, 25, 11, 0.177102
12, 25, 12, 0.683378
12, 25, 13, 1.284893
12, 25, 14, 1.966600
12, 25, 15, 100.000000
12, 25, 16, 100.000000
12, 25, 17, 100.000000
12, 25, 18, 100.000000
12, 25, 19, 100.000000
12, 25, 20, 100.000000
12, 25, 21, 100.000000
12, 25, 22, 100.000000
12, 25, 23, 100.000000
12, 25, 24, 100.000000
12, 25, 25, 100.000000
12, 25, 26, 100.000000
12, 25, 27, 100.000000
12, 25, 28, 100.000000
12, 25, 29, 100.000000
12, 25, 30, 100.000000
12, 25, 31, 100.000000
12, 25, 32, 100.000000
12, 25, 33, 100.000000
12, 25, 34, 100.000000
12, 26, 0, 0.408134
12, 26, 1, -0.178286
12, 26, 2, -0.444857
12, 26, 3, -0.429220
12, 26, 4, -0.463303
12, 26, 5, -0.451095
12, 26, 6, -0.426162
12, 26, 7, -0.422204
12, 26, 8, -0.430504
12, 26, 9, -0.438353
12, 26, 10, -0.182406
12, 26, 11, 0.191193
12, 26, 12, 0.706513
12, 26, 13, 1.354671
12, 26, 14, 2.111434
12, 26, 15, 100.000000
12, 26, 16, 100.000000
12, 26, 17, 100.000000
12, 26, 18, 100.000000
12, 26, 19, 100.000000
12, 26, 20, 100.000000
12, 26, 21, 100.000000
12, 26, 22, 100.000000
12, 26, 23, 100.000000
12, 26, 24, 100.000000
12, 26, 25, 100.000000
12, 26, 26, 100.000000
12, 26, 27, 100.000000
12, 26, 28, 100.000000
12, 26, 29, 100.000000
12, 26, 30, 100.000000
12, 26, 31, 100.000000
12, 26, 32, 100.000000
12, 26, 33, 100.000000
12, 26, 34, 100.000000
12, 27, 0, 0.394337
12, 27, 1, -0.196699
12, 27, 2, -0.427669
12, 27, 3, -0.407683
12, 27, 4, -0.437826
12, 27, 5, -0.448658
12, 27, 6, -0.387612
12, 27, 7, -0.401356
12, 27, 8, -0.449632
12, 27, 9, -0.395958
12, 27, 10, -0.198846
12, 27, 11, 0.159040
12, 27, 12, 0.692381
12, 27, 13, 1.233303
12, 27, 14, 1.802281
12, 27, 15, 100.000000
12, 27, 16, 100.000000
12, 27, 17, 100.000000
12, 27, 18, 100.000000
12, 27, 19, 100.000000
12, 27, 20, 100.000000
12, 27, 21, 100.000000
12, 27, 22, 100.000000
12, 27, 23, 100.000000
12, 27, 24, 100.000000
12, 27, 25, 100.000000
12, 27, 26, 100.000000
12, 27, 27, 100.000000
12, 27, 28, 100.000000
12, 27, 29, 100.000000
12, 27, 30, 100.000000
12, 27, 31, 100.000000
12, 27, 32, 100.000000
12, 27, 33, 100.000000
12, 27, 34, 100.000000
12, 28, 0, 0.364084
12, 28, 1, -0.178353
12, 28, 2, -0.389884
12, 28, 3, -0.434657
12, 28, 4, -0.452045
12, 28, 5, -0.443194
12, 28, 6, -0.395707
12, 28, 7, -0.406094
12, 28, 8, -0.357973
12, 28, 9, -0.281240
12, 28, 10, -0.159387
12, 28, 11, 0.148625
12, 28, 12, 0.659819
12, 28, 13, 1.157883
12, 28, 14, 1.589815
12, 28, 15, 100.000000
12, 28, 16, 100.000000
12, 28, 17, 100.000000
12, 28, 18, 100.000000
12, 28, 19, 100.000000
12, 28, 20, 100.000000
12, 28, 21, 100.000000
12, 28, 22, 100.000000
12, 28, 23, 100.000000
12, 28, 24, 100.000000
12, 28, 25, 100.000000
12, 28, 26, 100.000000
12, 28, 27, 100.000000
12, 28, 28, 100.000000
12, 28, 29, 100.000000
12, 28, 30, 100.000000
12, 28, 31, 100.000000
12, 28, 32, 100.000000
12, 28, 33, 100.000000
12, 28, 34, 100.000000
12, 29, 0, 0.423987
12, 29, 1, 0.057179
12, 29, 2, -0.070471
12, 29, 3, -0.145507
12, 29, 4, -0.177408
12, 29, 5, -0.168135
12, 29, 6, -0.145131
12, 29, 7, -0.104860
12, 29, 8, -0.045784
12, 29, 9, 0.014008
12, 29, 10, 0.087171
12, 29, 11, 0.289558
12, 29, 12, 0.748225
12, 29, 13, 1.208231
12, 29, 14, 1.837383
12, 29, 15, 100.000000
12, 29, 16, 100.000000
12, 29, 17, 100.000000
12, 29, 18, 100.000000
12, 29, 19, 100.000000
12, 29, 20, 100.000000
12, 29, 21, 100.000000
12, 29, 22, 100.000000
12, 29, 23, 100.000000
12, 29, 24, 100.000000
12, 29, 25, 100.000000
12, 29, 26, 100.000000
12, 29, 27, 100.000000
12, 29, 28, 100.000000
12, 29, 29, 100.000000
12, 29, 30, 100.000000
12, 29, 31, 100.000000
12, 29, 32, 100.000000
12, 29, 33, 100.000000
12, 29, 34, 100.000000
13, 0, 0, 0.672993
13, 0, 1, 0.457566
13, 0, 2, 0.376974
13, 0, 3, 0.387470
13, 0, 4, 0.413558
13, 0, 5, 0.424741
13, 0, 6, 0.444586
13, 0, 7, 0.493936
13, 0, 8, 0.501670
13, 0, 9, 0.487282
13, 0, 10, 0.547344
13, 0, 11, 0.805735
13, 0, 12, 1.161265
13, 0, 13, 1.557773
13, 0, 14, 100.000000
13, 0, 15, 100.000000
13, 0, 16, 100.000000
13, 0, 17, 100.000000
13, 0, 18, 100.000000
13, 0, 19, 100.000000
13, 0, 20, 100.000000
13, 0, 21, 100.000000
13, 0, 22, 100.000000
13, 0, 23, 100.000000
13, 0, 24, 100.000000
13, 0, 25, 100.000000
13, 0, 26, 100.000000
13, 0, 27, 100.000000
13, 0, 28, 100.000000
13, 0, 29, 100.000000
13, 0, 30, 100.000000
13, 0, 31, 100.000000
13, 0, 32, 100.000000
13, 0, 33, 100.000000
13, 0, 34, 100.000000
13, 1, 0, 0.447996
13, 1, 1, 0.049109
13, 1, 2, -0.085710
13, 1, 3, -0.127397
13, 1, 4, -0.145020
13, 1, 5, -0.130280
13, 1, 6, -0.112691
13, 1, 7, -0.083181
13, 1, 8, -0.053337
13, 1, 9, -0.010155
13, 1, 10, 0.152883
13, 1, 11, 0.542904
13, 1, 12, 1.084823
13, 1, 13, 1.526743
13, 1, 14, 100.000000
13, 1, 15, 100.000000
13, 1, 16, 100.000000
13, 1, 17, 100.000000
13, 1, 18, 100.000000
13, 1, 19, 100.000000
13, 1, 20, 100.000000
13, 1, 21, 100.000000
13, 1, 22, 100.000000
13, 1, 23, 100.000000
13, 1, 24, 100.000000
13, 1, 25, 100.000000
13, 1, 26, 100.000000
13, 1, 27, 100.000000
13, 1, 28, 100.000000
13, 1, 29, 100.000000
13, 1, 30, 100.000000
13, 1, 31, 100.000000
13, 1, 32, 100.000000
13, 1, 33, 100.000000
13, 1, 34, 100.000000
13, 2, 0, 0.407650
13, 2, 1, -0.117238
13, 2, 2, -0.353611
13, 2, 3, -0.413215
13, 2, 4, -0.423140
13, 2, 5, -0.439365
13, 2, 6, -0.448920
13, 2, 7, -0.437332
13, 2, 8, -0.380702
13, 2, 9, -0.262426
13, 2, 10, -0.001495
13, 2, 11, 0.441962
13, 2, 12, 0.962459
13, 2, 13, 1.510701
13, 2, 14, 2.425211
13, 2, 15, 100.000000
13, 2, 16, 100.000000
13, 2, 17, 100.000000
13, 2, 18, 100.000000
13, 2, 19, 100.000000
13, 2, 20, 100.000000
13, 2, 21, 100.000000
13, 2, 22, 100.000000
13, 2, 23, 100.000000
13, 2, 24, 100.000000
13, 2, 25, 100.000000
13, 2, 26, 100.000000
13, 2, 27, 100.000000
13, 2, 28, 100.000000
13, 2, 29, 100.000000
13, 2, 30, 100.000000
13, 2, 31, 100.000000
13, 2, 32, 100.000000
13, 2, 33, 100.000000
13, 2, 34, 100.000000
13, 3, 0, 0.416532
13, 3, 1, -0.132651
13, 3, 2, -0.452116
13, 3, 3, -0.452544
13, 3, 4, -0.426429
13, 3, 5, -0.434105
13, 3, 6, -0.447875
13, 3, 7, -0.455849
13, 3, 8, -0.458355
13, 3, 9, -0.342603
13, 3, 10, -0.074818
13, 3, 11, 0.378922
13, 3, 12, 0.861944
13, 3, 13, 1.376673
13, 3, 14, 2.195883
13, 3, 15, 100.000000
13, 3, 16, 100.000000
13, 3, 17, 100.000000
13, 3, 18, 100.000000
13, 3, 19, 100.000000
13, 3, 20, 100.000000
13, 3, 21, 100.000000
13, 3, 22, 100.000000
13, 3, 23, 100.000000
13, 3, 24, 100.000000
13, 3, 25, 100.000000
13, 3, 26, 100.000000
13, 3, 27, 100.000000
13, 3, 28, 100.000000
13, 3, 29, 100.000000
13, 3, 30, 100.000000
13, 3, 31, 100.000000
13, 3, 32, 100.000000
13, 3, 33, 100.000000
13, 3, 34, 100.000000
13, 4, 0, 0.402602
13, 4, 1, -0.145807
13, 4, 2, -0.456365
13, 4, 3, -0.447387
13, 4, 4, -0.471358
13, 4, 5, -0.469941
13, 4, 6, -0.464242
13, 4, 7, -0.431210
13, 4, 8, -0.442051
13, 4, 9, -0.360504
13, 4, 10, -0.099976
13, 4, 11, 0.340844
13, 4, 12, 0.865242
13, 4, 13, 1.356203
13, 4, 14, 2.124718
13, 4, 15, 100.000000
13, 4, 16, 100.000000
13, 4, 17, 100.000000
13, 4, 18, 100.000000
13, 4, 19, 100.000000
13, 4, 20, 100.000000
13, 4, 21, 100.000000
13, 4, 22, 100.000000
13, 4, 23, 100.000000
13, 4, 24, 100.000000
13, 4, 25, 100.000000
13, 4, 26, 100.000000
13, 4, 27, 100.000000
13, 4, 28, 100.000000
13, 4, 29, 100.000000
13, 4, 30, 100.000000
13, 4, 31, 100.000000
13, 4, 32, 100.000000
13, 4, 33, 100.000000
13, 4, 34, 100.000000
13, 5, 0, 0.401037
13, 5, 1, -0.163627
13, 5, 2, -0.452276
13, 5, 3, -0.456708
13, 5, 4, -0.473838
13, 5, 5, -0.463594
13, 5, 6, -0.470685
13, 5, 7, -0.454326
13, 5, 8, -0.429771
13, 5, 9, -0.326141
13, 5, 10, -0.054828
13, 5, 11, 0.371557
13, 5, 12, 0.900702
13, 5, 13, 1.486258
13, 5, 14, 2.263449
13, 5, 15, 100.000000
13, 5, 16, 100.000000
13, 5, 17, 100.000000
13, 5, 18, 100.000000
13, 5, 19, 100.000000
13, 5, 20, 100.000000
13, 5, 21, 100.000000
13, 5, 22, 100.000000
13, 5, 23, 100.000000
13, 5, 24, 100.000000
13, 5, 25, 100.000000
13, 5, 26, 100.000000
13, 5, 27, 100.000000
13, 5, 28, 100.000000
13, 5, 29, 100.000000
13, 5, 30, 100.000000
13, 5, 31, 100.000000
13, 5, 32, 100.000000
13, 5, 33, 100.000000
13, 5, 34, 100.000000
13, 6, 0, 0.404742
13, 6, 1, -0.161355
13, 6, 2, -0.468477
13, 6, 3, -0.452404
13, 6, 4, -0.472209
13, 6, 5, -0.466032
13, 6, 6, -0.464494
13, 6, 7, -0.470623
13, 6, 8, -0.470794
13, 6, 9, -0.316581
13, 6, 10, -0.015372
13, 6, 11, 0.409258
13, 6, 12, 0.874479
13, 6, 13, 1.496502
13, 6, 14, 2.473730
13, 6, 15, 100.000000
13, 6, 16, 100.000000
13, 6, 17, 100.000000
13, 6, 18, 100.000000
13, 6, 19, 100.000000
13, 6, 20, 100.000000
13, 6, 21, 100.000000
13, 6, 22, 100.000000
13, 6, 23, 100.000000
13, 6, 24, 100.000000
13, 6, 25, 100.000000
13, 6, 26, 100.000000
13, 6, 27, 100.000000
13, 6, 28, 100.000000
13, 6, 29, 100.000000
13, 6, 30, 100.000000
13, 6, 31, 100.000000
13, 6, 32, 100.000000
13, 6, 33, 100.000000
13, 6, 34, 100.000000
13, 7, 0, 0.396596
13, 7, 1, -0.152291
13, 7, 2, -0.491215
13, 7, 3, -0.455247
13, 7, 4, -0.477884
13, 7, 5, -0.463714
13, 7, 6, -0.454117
13, 7, 7, -0.460549
13, 7, 8, -0.472710
13, 7, 9, -0.329460
13, 7, 10, -0.011173
13, 7, 11, 0.404566
13, 7, 12, 0.847309
13, 7, 13, 1.375807
13, 7, 14, 2.100611
13, 7, 15, 100.000000
13, 7, 16, 100.000000
13, 7, 17, 100.000000
13, 7, 18, 100.000000
13, 7, 19, 100.000000
13, 7, 20, 100.000000
13, 7, 21, 100.000000
13, 7, 22, 100.000000
13, 7, 23, 100.000000
13, 7, 24, 100.000000
13, 7, 25, 100.000000
13, 7, 26, 100.000000
13, 7, 27, 100.000000
13, 7, 28, 100.000000
13, 7, 29, 100.000000
13, 7, 30, 100.000000
13, 7, 31, 100.000000
13, 7, 32, 100.000000
13, 7, 33, 100.000000
13, 7, 34, 100.000000
13, 8, 0, 0.387932
13, 8, 1, -0.145057
13, 8, 2, -0.484263
13, 8, 3, -0.444146
13, 8, 4, -0.481459
13, 8, 5, -0.446346
13, 8, 6, -0.473695
13, 8, 7, -0.440215
13, 8, 8, -0.454873
13, 8, 9, -0.368203
13, 8, 10, -0.040083
13, 8, 11, 0.381150
13, 8, 12, 0.855011
13, 8, 13, 1.282515
13, 8, 14, 2.085206
13, 8, 15, 100.000000
13, 8, 16, 100.000000
13, 8, 17, 100.000000
13, 8, 18, 100.000000
13, 8, 19, 100.000000
13, 8, 20, 100.000000
13, 8, 21, 100.000000
13, 8, 22, 100.000000
13, 8, 23, 100.000000
13, 8, 24, 100.000000
13, 8, 25, 100.000000
13, 8, 26, 100.000000
13, 8, 27, 100.000000
13, 8, 28, 100.000000
13, 8, 29, 100.000000
13, 8, 30, 100.000000
13, 8, 31, 100.000000
13, 8, 32, 100.000000
13, 8, 33, 100.000000
13, 8, 34, 100.000000
13, 9, 0, 0.411759
13, 9, 1, -0.132455
13, 9, 2, -0.480777
13, 9, 3, -0.436309
13, 9, 4, -0.462891
13, 9, 5, -0.451875
13, 9, 6, -0.480789
13, 9, 7, -0.451553
13, 9, 8, -0.469124
13, 9, 9, -0.418358
13, 9, 10, -0.086215
13, 9, 11, 0.373454
13, 9, 12, 0.906477
13, 9, 13, 1.392895
13, 9, 14, 2.280722
13, 9, 15, 100.000000
13, 9, 16, 100.000000
13, 9, 17, 100.000000
13, 9, 18, 100.000000
13, 9, 19, 100.000000
13, 9, 20, 100.000000
13, 9, 21, 100.000000
13, 9, 22, 100.000000
13, 9, 23, 100.000000
13, 9, 24, 100.000000
13, 9, 25, 100.000000
13, 9, 26, 100.000000
13, 9, 27, 100.000000
13, 9, 28, 100.000000
13, 9, 29, 100.000000
13, 9, 30, 100.000000
13, 9, 31, 100.000000
13, 9, 32, 100.000000
13, 9, 33, 100.000000
13, 9, 34, 100.000000
13, 10, 0, 0.445267
13, 10, 1, -0.122368
13, 10, 2, -0.472642
13, 10, 3, -0.439549
13, 10, 4, -0.437381
13, 10, 5, -0.440209
13, 10, 6, -0.461945
13, 10, 7, -0.430673
13, 10, 8, -0.414447
13, 10, 9, -0.416498
13, 10, 10, -0.106327
13, 10, 11, 0.356588
13, 10, 12, 0.929627
13, 10, 13, 1.546196
13, 10, 14, 2.333839
13, 10, 15, 100.000000
13, 10, 16, 100.000000
13, 10, 17, 100.000000
13, 10, 18, 100.000000
13, 10, 19, 100.000000
13, 10, 20, 100.000000
13, 10, 21, 100.000000
13, 10, 22, 100.000000
13, 10, 23, 100.000000
13, 10, 24, 100.000000
13, 10, 25, 100.000000
13, 10, 26, 100.000000
13, 10, 27, 100.000000
13, 10, 28, 100.000000
13, 10, 29, 100.000000
13, 10, 30, 100.000000
13, 10, 31, 100.000000
13, 10, 32, 100.000000
13, 10, 33, 100.000000
13, 10, 34, 100.000000
13, 11, 0, 0.460414
13, 11, 1, -0.121519
13, 11, 2, -0.461958
13, 11, 3, -0.448375
13, 11, 4, -0.435551
13, 11, 5, -0.429626
13, 11, 6, -0.437463
13, 11, 7, -0.467771
13, 11, 8, -0.447740
13, 11, 9, -0.375861
13, 11, 10, -0.104565
13, 11, 11, 0.315265
13, 11, 12, 0.882013
13, 11, 13, 1.521765
13, 11, 14, 2.418589
13, 11, 15, 100.000000
13, 11, 16, 100.000000
13, 11, 17, 100.000000
13, 11, 18, 100.000000
13, 11, 19, 100.000000
13, 11, 20, 100.000000
13, 11, 21, 100.000000
13, 11, 22, 100.000000
13, 11, 23, 100.000000
13, 11, 24, 100.000000
13, 11, 25, 100.000000
13, 11, 26, 100.000000
13, 11, 27, 100.000000
13, 11, 28, 100.000000
13, 11, 29, 100.000000
13, 11, 30, 100.000000
13, 11, 31, 100.000000
13, 11, 32, 100.000000
13, 11, 33, 100.000000
13, 11, 34, 100.000000
13, 12, 0, 0.450260
13, 12, 1, -0.127232
13, 12, 2, -0.433580
13, 12, 3, -0.434507
13, 12, 4, -0.449226
13, 12, 5, -0.443096
13, 12, 6, -0.433333
13, 12, 7, -0.454201
13, 12, 8, -0.460661
13, 12, 9, -0.410125
13, 12, 10, -0.151197
13, 12, 11, 0.270517
13, 12, 12, 0.819404
13, 12, 13, 1.492587
13, 12, 14, 2.258763
13, 12, 15, 100.000000
13, 12, 16, 100.000000
13, 12, 17, 100.000000
13, 12, 18, 100.000000
13, 12, 19, 100.000000
13, 12, 20, 100.000000
13, 12, 21, 100.000000
13, 12, 22, 100.000000
13, 12, 23, 100.000000
13, 12, 24, 100.000000
13, 12, 25, 100.000000
13, 12, 26, 100.000000
13, 12, 27, 100.000000
13, 12, 28, 100.000000
13, 12, 29, 100.000000
13, 12, 30, 100.000000
13, 12, 31, 100.000000
13, 12, 32, 100.000000
13, 12, 33, 100.000000
13, 12, 34, 100.000000
13, 13, 0, 0.431913
13, 13, 1, -0.140539
13, 13, 2, -0.437031
13, 13, 3, -0.439614
13, 13, 4, -0.471909
13, 13, 5, -0.452960
13, 13, 6, -0.434429
13, 13, 7, -0.462827
13, 13, 8, -0.464147
13, 13, 9, -0.463284
13, 13, 10, -0.231449
13, 13, 11, 0.195509
13, 13, 12, 0.722918
13, 13, 13, 1.383865
13, 13, 14, 2.049356
13, 13, 15, 100.000000
13, 13, 16, 100.000000
13, 13, 17, 100.000000
13, 13, 18, 100.000000
13, 13, 19, 100.000000
13, 13, 20, 100.000000
13, 13, 21, 100.000000
13, 13, 22, 100.000000
13, 13, 23, 100.000000
13, 13, 24, 100.000000
13, 13, 25, 100.000000
13, 13, 26, 100.000000
13, 13, 27, 100.000000
13, 13, 28, 100.000000
13, 13, 29, 100.000000
13, 13, 30, 100.000000
13, 13, 31, 100.000000
13, 13, 32, 100.000000
13, 13, 33, 100.000000
13, 13, 34, 100.000000
13, 14, 0, 0.426487
13, 14, 1, -0.158933
13, 14, 2, -0.468677
13, 14, 3, -0.456069
13, 14, 4, -0.475275
13, 14, 5, -0.449887
13, 14, 6, -0.444915
13, 14, 7, -0.459948
13, 14, 8, -0.461604
13, 14, 9, -0.458895
13, 14, 10, -0.264499
13, 14, 11, 0.141569
13, 14, 12, 0.651811
13, 14, 13, 1.269442
13, 14, 14, 1.929236
13, 14, 15, 100.000000
13, 14, 16, 100.000000
13, 14, 17, 100.000000
13, 14, 18, 100.000000
13, 14, 19, 100.000000
13, 14, 20, 100.000000
13, 14, 21, 100.000000
13, 14, 22, 100.000000
13, 14, 23, 100.000000
13, 14, 24, 100.000000
13, 14, 25, 100.000000
13, 14, 26, 100.000000
13, 14, 27, 100.000000
13, 14, 28, 100.000000
13, 14, 29, 100.000000
13, 14, 30, 100.000000
13, 14, 31, 100.000000
13, 14, 32, 100.000000
13, 14, 33, 100.000000
13, 14, 34, 100.000000
13, 15, 0, 0.426468
13, 15, 1, -0.170860
13, 15, 2, -0.492433
13, 15, 3, -0.471774
13, 15, 4, -0.479130
13, 15, 5, -0.460918
13, 15, 6, -0.456784
13, 15, 7, -0.445969
13, 15, 8, -0.439289
13, 15, 9, -0.424201
13, 15, 10, -0.260129
13, 15, 11, 0.094203
13, 15, 12, 0.592261
13, 15, 13, 1.159014
13, 15, 14, 1.773926
13, 15, 15, 100.000000
13, 15, 16, 100.000000
13, 15, 17, 100.000000
13, 15, 18, 100.000000
13, 15, 19, 100.000000
13, 15, 20, 100.000000
13, 15, 21, 100.000000
13, 15, 22, 100.000000
13, 15, 23, 100.000000
13, 15, 24, 100.000000
13, 15, 25, 100.000000
13, 15, 26, 100.000000
13, 15, 27, 100.000000
13, 15, 28, 100.000000
13, 15, 29, 100.000000
13, 15, 30, 100.000000
13, 15, 31, 100.000000
13, 15, 32, 100.000000
13, 15, 33, 100.000000
13, 15, 34, 100.000000
13, 16, 0, 0.405135
13, 16, 1, -0.192530
13, 16, 2, -0.476849
13, 16, 3, -0.476238
13, 16, 4, -0.461857
13, 16, 5, -0.468673
13, 16, 6, -0.436940
13, 16, 7, -0.432070
13, 16, 8, -0.465044
13, 16, 9, -0.402560
13, 16, 10, -0.262767
13, 16, 11, 0.058549
13, 16, 12, 0.552284
13, 16, 13, 1.101887
13, 16, 14, 1.610363
13, 16, 15, 2.475637
13, 16, 16, 100.000000
13, 16, 17, 100.000000
13, 16, 18, 100.000000
13, 16, 19, 100.000000
13, 16, 20, 100.000000
13, 16, 21, 100.000000
13, 16, 22, 100.000000
13, 16, 23, 100.000000
13, 16, 24, 100.000000
13, 16, 25, 100.000000
13, 16, 26, 100.000000
13, 16, 27, 100.000000
13, 16, 28, 100.000000
13, 16, 29, 100.000000
13, 16, 30, 100.000000
13, 16, 31, 100.000000
13, 16, 32, 100.000000
13, 16, 33, 100.000000
13, 16, 34, 100.000000
13, 17, 0, 0.383003
13, 17, 1, -0.211248
13, 17, 2, -0.452451
13, 17, 3, -0.476915
13, 17, 4, -0.480276
13, 17, 5, -0.464311
13, 17, 6, -0.459529
13, 17, 7, -0.443979
13, 17, 8, -0.451269
13, 17, 9, -0.415100
13, 17, 10, -0.267040
13, 17, 11, 0.055612
13, 17, 12, 0.553914
13, 17, 13, 1.108852
13, 17, 14, 1.671969
13, 17, 15, 100.000000
13, 17, 16, 100.000000
13, 17, 17, 100.000000
13, 17, 18, 100.000000
13, 17, 19, 100.000000
13, 17, 20, 100.000000
13, 17, 21, 100.000000
13, 17, 22, 100.000000
13, 17, 23, 100.000000
13, 17, 24, 100.000000
13, 17, 25, 100.000000
13, 17, 26, 100.000000
13, 17, 27, 100.000000
13, 17, 28, 100.000000
13, 17, 29, 100.000000
13, 17, 30, 100.000000
13, 17, 31, 100.000000
13, 17, 32, 100.000000
13, 17, 33, 100.000000
13, 17, 34, 100.000000
13, 18, 0, 0.386732
13, 18, 1, -0.195316
13, 18, 2, -0.452601
13, 18, 3, -0.451107
13, 18, 4, -0.483515
13, 18, 5, -0.482601
13, 18, 6, -0.476208
13, 18, 7, -0.472661
13, 18, 8, -0.478801
13, 18, 9, -0.422321
13, 18, 10, -0.251823
13, 18, 11, 0.084736
13, 18, 12, 0.600936
13, 18, 13, 1.168927
13, 18, 14, 1.596906
13, 18, 15, 100.000000
13, 18, 16, 100.000000
13, 18, 17, 100.000000
13, 18, 18, 100.000000
13, 18, 19, 100.000000
13, 18, 20, 100.000000
13, 18, 21, 100.000000
13, 18, 22, 100.000000
13, 18, 23, 100.000000
13, 18, 24, 100.000000
13, 18, 25, 100.000000
13, 18, 26, 100.000000
13, 18, 27, 100.000000
13, 18, 28, 100.000000
13, 18, 29, 100.000000
13, 18, 30, 100.000000
13, 18, 31, 100.000000
13, 18, 32, 100.000000
13, 18, 33, 100.000000
13, 18, 34, 100.000000
13, 19, 0, 0.379376
13, 19, 1, -0.177398
13, 19, 2, -0.465690
13, 19, 3, -0.432975
13, 19, 4, -0.486789
13, 19, 5, -0.471284
13, 19, 6, -0.454934
13, 19, 7, -0.448418
13, 19, 8, -0.454427
13, 19, 9, -0.409263
13, 19, 10, -0.199710
13, 19, 11, 0.177368
13, 19, 12, 0.694515
13, 19, 13, 1.228327
13, 19, 14, 1.686235
13, 19, 15, 100.000000
13, 19, 16, 100.000000
13, 19, 17, 100.000000
13, 19, 18, 100.000000
13, 19, 19, 100.000000
13, 19, 20, 100.000000
13, 19, 21, 100.000000
13, 19, 22, 100.000000
13, 19, 23, 100.000000
13, 19, 24, 100.000000
13, 19, 25, 100.000000
13, 19, 26, 100.000000
13, 19, 27, 100.000000
13, 19, 28, 100.000000
13, 19, 29, 100.000000
13, 19, 30, 100.000000
13, 19, 31, 100.000000
13, 19, 32, 100.000000
13, 19, 33, 100.000000
13, 19, 34, 100.000000
13, 20, 0, 0.383699
13, 20, 1, -0.172332
13, 20, 2, -0.478175
13, 20, 3, -0.420293
13, 20, 4, -0.463816
13, 20, 5, -0.463395
13, 20, 6, -0.478221
13, 20, 7, -0.473444
13, 20, 8, -0.461706
13, 20, 9, -0.401265
13, 20, 10, -0.171825
13, 20, 11, 0.258804
13, 20, 12, 0.736848
13, 20, 13, 1.256470
13, 20, 14, 2.022082
13, 20, 15, 100.000000
13, 20, 16, 100.000000
13, 20, 17, 100.000000
13, 20, 18, 100.000000
13, 20, 19, 100.000000
13, 20, 20, 100.000000
13, 20, 21, 100.000000
13, 20, 22, 100.000000
13, 20, 23, 100.000000
13, 20, 24, 100.000000
13, 20, 25, 100.000000
13, 20, 26, 100.000000
13, 20, 27, 100.000000
13, 20, 28, 100.000000
13, 20, 29, 100.000000
13, 20, 30, 100.000000
13, 20, 31, 100.000000
13, 20, 32, 100.000000
13, 20, 33, 100.000000
13, 20, 34, 100.000000
13, 21, 0, 0.407670
13, 21, 1, -0.163155
13, 21, 2, -0.469892
13, 21, 3, -0.394276
13, 21, 4, -0.452803
13, 21, 5, -0.445420
13, 21, 6, -0.459077
13, 21, 7, -0.436315
13, 21, 8, -0.444695
13, 21, 9, -0.407771
13, 21, 10, -0.173693
13, 21, 11, 0.235525
13, 21, 12, 0.672699
13, 21, 13, 1.152308
13, 21, 14, 1.960235
13, 21, 15, 100.000000
13, 21, 16, 100.000000
13, 21, 17, 100.000000
13, 21, 18, 100.000000
13, 21, 19, 100.000000
13, 21, 20, 100.000000
13, 21, 21, 100.000000
13, 21, 22, 100.000000
13, 21, 23, 100.000000
13, 21, 24, 100.000000
13, 21, 25, 100.000000
13, 21, 26, 100.000000
13, 21, 27, 100.000000
13, 21, 28, 100.000000
13, 21, 29, 100.000000
13, 21, 30, 100.000000
13, 21, 31, 100.000000
13, 21, 32, 100.000000
13, 21, 33, 100.000000
13, 21, 34, 100.000000
13, 22, 0, 0.410931
13, 22, 1, -0.167699
13, 22, 2, -0.454722
13, 22, 3, -0.404771
13, 22, 4, -0.475869
13, 22, 5, -0.439980
13, 22, 6, -0.434704
13, 22, 7, -0.449503
13, 22, 8, -0.439583
13, 22, 9, -0.385985
13, 22, 10, -0.191583
13, 22, 11, 0.165699
13, 22, 12, 0.625209
13, 22, 13, 1.076834
13, 22, 14, 1.718987
13, 22, 15, 100.000000
13, 22, 16, 100.000000
13, 22, 17, 100.000000
13, 22, 18, 100.000000
13, 22, 19, 100.000000
13, 22, 20, 100.000000
13, 22, 21, 100.000000
13, 22, 22, 100.000000
13, 22, 23, 100.000000
13, 22, 24, 100.000000
13, 22, 25, 100.000000
13, 22, 26, 100.000000
13, 22, 27, 100.000000
13, 22, 28, 100.000000
13, 22, 29, 100.000000
13, 22, 30, 100.000000
13, 22, 31, 100.000000
13, 22, 32, 100.000000
13, 22, 33, 100.000000
13, 22, 34, 100.000000
13, 23, 0, 0.391637
13, 23, 1, -0.165758
13, 23, 2, -0.488446
13, 23, 3, -0.436561
13, 23, 4, -0.452942
13, 23, 5, -0.431897
13, 23, 6, -0.423434
13, 23, 7, -0.418459
13, 23, 8, -0.452162
13, 23, 9, -0.416279
13, 23, 10, -0.238154
13, 23, 11, 0.119182
13, 23, 12, 0.640578
13, 23, 13, 1.140010
13, 23, 14, 1.804556
13, 23, 15, 100.000000
13, 23, 16, 100.000000
13, 23, 17, 100.000000
13, 23, 18, 100.000000
13, 23, 19, 100.000000
13, 23, 20, 100.000000
13, 23, 21, 100.000000
13, 23, 22, 100.000000
13, 23, 23, 100.000000
13, 23, 24, 100.000000
13, 23, 25, 100.000000
13, 23, 26, 100.000000
13, 23, 27, 100.000000
13, 23, 28, 100.000000
13, 23, 29, 100.000000
13, 23, 30, 100.000000
13, 23, 31, 100.000000
13, 23, 32, 100.000000
13, 23, 33, 100.000000
13, 23, 34, 100.000000
13, 24, 0, 0.398366
13, 24, 1, -0.146218
13, 24, 2, -0.461822
13, 24, 3, -0.438746
13, 24, 4, -0.450463
13, 24, 5, -0.411141
13, 24, 6, -0.420414
13, 24, 7, -0.440112
13, 24, 8, -0.444701
13, 24, 9, -0.453324
13, 24, 10, -0.254984
13, 24, 11, 0.141531
13, 24, 12, 0.671731
13, 24, 13, 1.266517
13, 24, 14, 2.040242
13, 24, 15, 100.000000
13, 24, 16, 100.000000
13, 24, 17, 100.000000
13, 24, 18, 100.000000
13, 24, 19, 100.000000
13, 24, 20, 100.000000
13, 24, 21, 100.000000
13, 24, 22, 100.000000
13, 24, 23, 100.000000
13, 24, 24, 100.000000
13, 24, 25, 100.000000
13, 24, 26, 100.000000
13, 24, 27, 100.000000
13, 24, 28, 100.000000
13, 24, 29, 100.000000
13, 24, 30, 100.000000
13, 24, 31, 100.000000
13, 24, 32, 100.000000
13, 24, 33, 100.000000
13, 24, 34, 100.000000
13, 25, 0, 0.410928
13, 25, 1, -0.149151
13, 25, 2, -0.466883
13, 25, 3, -0.444518
13, 25, 4, -0.455489
13, 25, 5, -0.442542
13, 25, 6, -0.467452
13, 25, 7, -0.456841
13, 25, 8, -0.437503
13, 25, 9, -0.460722
13, 25, 10, -0.225362
13, 25, 11, 0.168159
13, 25, 12, 0.683458
13, 25, 13, 1.285327
13, 25, 14, 2.031755
13, 25, 15, 100.000000
13, 25, 16, 100.000000
13, 25, 17, 100.000000
13, 25, 18, 100.000000
13, 25, 19, 100.000000
13, 25, 20, 100.000000
13, 25, 21, 100.000000
13, 25, 22, 100.000000
13, 25, 23, 100.000000
13, 25, 24, 100.000000
13, 25, 25, 100.000000
13, 25, 26, 100.000000
13, 25, 27, 100.000000
13, 25, 28, 100.000000
13, 25, 29, 100.000000
13, 25, 30, 100.000000
13, 25, 31, 100.000000
13, 25, 32, 100.000000
13, 25, 33, 100.000000
13, 25, 34, 100.000000
13, 26, 0, 0.407199
13, 26, 1, -0.163891
13, 26, 2, -0.439195
13, 26, 3, -0.423791
13, 26, 4, -0.467261
13, 26, 5, -0.455759
13, 26, 6, -0.442420
13, 26, 7, -0.445942
13, 26, 8, -0.434437
13, 26, 9, -0.453984
13, 26, 10, -0.213502
13, 26, 11, 0.169261
13, 26, 12, 0.686758
13, 26, 13, 1.268942
13, 26, 14, 1.952455
13, 26, 15, 100.000000
13, 26, 16, 100.000000
13, 26, 17, 100.000000
13, 26, 18, 100.000000
13, 26, 19, 100.000000
13, 26, 20, 100.000000
13, 26, 21, 100.000000
13, 26, 22, 100.000000
13, 26, 23, 100.000000
13, 26, 24, 100.000000
13, 26, 25, 100.000000
13, 26, 26, 100.000000
13, 26, 27, 100.000000
13, 26, 28, 100.000000
13, 26, 29, 100.000000
13, 26, 30, 100.000000
13, 26, 31, 100.000000
13, 26, 32, 100.000000
13, 26, 33, 100.000000
13, 26, 34, 100.000000
13, 27, 0, 0.387365
13, 27, 1, -0.196688
13, 27, 2, -0.472383
13, 27, 3, -0.438826
13, 27, 4, -0.423095
13, 27, 5, -0.428616
13, 27, 6, -0.428023
13, 27, 7, -0.444236
13, 27, 8, -0.434437
13, 27, 9, -0.387527
13, 27, 10, -0.214758
13, 27, 11, 0.158223
13, 27, 12, 0.683205
13, 27, 13, 1.214157
13, 27, 14, 1.809073
13, 27, 15, 100.000000
13, 27, 16, 100.000000
13, 27, 17, 100.000000
13, 27, 18, 100.000000
13, 27, 19, 100.000000
13, 27, 20, 100.000000
13, 27, 21, 100.000000
13, 27, 22, 100.000000
13, 27, 23, 100.000000
13, 27, 24, 100.000000
13, 27, 25, 100.000000
13, 27, 26, 100.000000
13, 27, 27, 100.000000
13, 27, 28, 100.000000
13, 27, 29, 100.000000
13, 27, 30, 100.000000
13, 27, 31, 100.000000
13, 27, 32, 100.000000
13, 27, 33, 100.000000
13, 27, 34, 100.000000
13, 28, 0, 0.368733
13, 28, 1, -0.150562
13, 28, 2, -0.360172
13, 28, 3, -0.431874
13, 28, 4, -0.446693
13, 28, 5, -0.429880
13, 28, 6, -0.463587
13, 28, 7, -0.435683
13, 28, 8, -0.347572
13, 28, 9, -0.282334
13, 28, 10, -0.166052
13, 28, 11, 0.174595
13, 28, 12, 0.700476
13, 28, 13, 1.250613
13, 28, 14, 1.824032
13, 28, 15, 100.000000
13, 28, 16, 100.000000
13, 28, 17, 100.000000
13, 28, 18, 100.000000
13, 28, 19, 100.000000
13, 28, 20, 100.000000
13, 28, 21, 100.000000
13, 28, 22, 100.000000
13, 28, 23, 100.000000
13, 28, 24, 100.000000
13, 28, 25, 100.000000
13, 28, 26, 100.000000
13, 28, 27, 100.000000
13, 28, 28, 100.000000
13, 28, 29, 100.000000
13, 28, 30, 100.000000
13, 28, 31, 100.000000
13, 28, 32, 100.000000
13, 28, 33, 100.000000
13, 28, 34, 100.000000
13, 29, 0, 0.419831
13, 29, 1, 0.069454
13, 29, 2, -0.045711
13, 29, 3, -0.105110
13, 29, 4, -0.129421
13, 29, 5, -0.135725
13, 29, 6, -0.141743
13, 29, 7, -0.111830
13, 29, 8, -0.063395
13, 29, 9, -0.012574
13, 29, 10, 0.060915
13, 29, 11, 0.327147
13, 29, 12, 0.814406
13, 29, 13, 1.307237
13, 29, 14, 1.918834
13, 29, 15, 100.000000
13, 29, 16, 100.000000
13, 29, 17, 100.000000
13, 29, 18, 100.000000
13, 29, 19, 100.000000
13, 29, 20, 100.000000
13, 29, 21, 100.000000
13, 29, 22, 100.000000
13, 29, 23, 100.000000
13, 29, 24, 100.000000
13, 29, 25, 100.000000
13, 29, 26, 100.000000
13, 29, 27, 100.000000
13, 29, 28, 100.000000
13, 29, 29, 100.000000
13, 29, 30, 100.000000
13, 29, 31, 100.000000
13, 29, 32, 100.000000
13, 29, 33, 100.000000
13, 29, 34, 100.000000
14, 0, 0, 0.681994
14, 0, 1, 0.466441
14, 0, 2, 0.397658
14, 0, 3, 0.395539
14, 0, 4, 0.413148
14, 0, 5, 0.421859
14, 0, 6, 0.433707
14, 0, 7, 0.460839
14, 0, 8, 0.469419
14, 0, 9, 0.475236
14, 0, 10, 0.554513
14, 0, 11, 0.793742
14, 0, 12, 1.178608
14, 0, 13, 1.740456
14, 0, 14, 100.000000
14, 0, 15, 100.000000
14, 0, 16, 100.000000
14, 0, 17, 100.000000
14, 0, 18, 100.000000
14, 0, 19, 100.000000
14, 0, 20, 100.000000
14, 0, 21, 100.000000
14, 0, 22, 100.000000
14, 0, 23, 100.000000
14, 0, 24, 100.000000
14, 0, 25, 100.000000
14, 0, 26, 100.000000
14, 0, 27, 100.000000
14, 0, 28, 100.000000
14, 0, 29, 100.000000
14, 0, 30, 100.000000
14, 0, 31, 100.000000
14, 0, 32, 100.000000
14, 0, 33, 100.000000
14, 0, 34, 100.000000
14, 1, 0, 0.471246
14, 1, 1, 0.056811
14, 1, 2, -0.091302
14, 1, 3, -0.147726
14, 1, 4, -0.178530
14, 1, 5, -0.164652
14, 1, 6, -0.129775
14, 1, 7, -0.091705
14, 1, 8, -0.057541
14, 1, 9, -0.025844
14, 1, 10, 0.143102
14, 1, 11, 0.542798
14, 1, 12, 1.103834
14, 1, 13, 1.689734
14, 1, 14, 100.000000
14, 1, 15, 100.000000
14, 1, 16, 100.000000
14, 1, 17, 100.000000
14, 1, 18, 100.000000
14, 1, 19, 100.000000
14, 1, 20, 100.000000
14, 1, 21, 100.000000
14, 1, 22, 100.000000
14, 1, 23, 100.000000
14, 1, 24, 100.000000
14, 1, 25, 100.000000
14, 1, 26, 100.000000
14, 1, 27, 100.000000
14, 1, 28, 100.000000
14, 1, 29, 100.000000
14, 1, 30, 100.000000
14, 1, 31, 100.000000
14, 1, 32, 100.000000
14, 1, 33, 100.000000
14, 1, 34, 100.000000
14, 2, 0, 0.422864
14, 2, 1, -0.122195
14, 2, 2, -0.358256
14, 2, 3, -0.438944
14, 2, 4, -0.478428
14, 2, 5, -0.466167
14, 2, 6, -0.460437
14, 2, 7, -0.429317
14, 2, 8, -0.372620
14, 2, 9, -0.267630
14, 2, 10, -0.026154
14, 2, 11, 0.422785
14, 2, 12, 0.967549
14, 2, 13, 1.632149
14, 2, 14, 100.000000
14, 2, 15, 100.000000
14, 2, 16, 100.000000
14, 2, 17, 100.000000
14, 2, 18, 100.000000
14, 2, 19, 100.000000
14, 2, 20, 100.000000
14, 2, 21, 100.000000
14, 2, 22, 100.000000
14, 2, 23, 100.000000
14, 2, 24, 100.000000
14, 2, 25, 100.000000
14, 2, 26, 100.000000
14, 2, 27, 100.000000
14, 2, 28, 100.000000
14, 2, 29, 100.000000
14, 2, 30, 100.000000
14, 2, 31, 100.000000
14, 2, 32, 100.000000
14, 2, 33, 100.000000
14, 2, 34, 100.000000
14, 3, 0, 0.426811
14, 3, 1, -0.149825
14, 3, 2, -0.453418
14, 3, 3, -0.450417
14, 3, 4, -0.466969
14, 3, 5, -0.452351
14, 3, 6, -0.481797
14, 3, 7, -0.470375
14, 3, 8, -0.431421
14, 3, 9, -0.335547
14, 3, 10, -0.098613
14, 3, 11, 0.321292
14, 3, 12, 0.829265
14, 3, 13, 1.427261
14, 3, 14, 2.193001
14, 3, 15, 100.000000
14, 3, 16, 100.000000
14, 3, 17, 100.000000
14, 3, 18, 100.000000
14, 3, 19, 100.000000
14, 3, 20, 100.000000
14, 3, 21, 100.000000
14, 3, 22, 100.000000
14, 3, 23, 100.000000
14, 3, 24, 100.000000
14, 3, 25, 100.000000
14, 3, 26, 100.000000
14, 3, 27, 100.000000
14, 3, 28, 100.000000
14, 3, 29, 100.000000
14, 3, 30, 100.000000
14, 3, 31, 100.000000
14, 3, 32, 100.000000
14, 3, 33, 100.000000
14, 3, 34, 100.000000
14, 4, 0, 0.413687
14, 4, 1, -0.157149
14, 4, 2, -0.462402
14, 4, 3, -0.450172
14, 4, 4, -0.474444
14, 4, 5, -0.460316
14, 4, 6, -0.461718
14, 4, 7, -0.452378
14, 4, 8, -0.417711
14, 4, 9, -0.358173
14, 4, 10, -0.142682
14, 4, 11, 0.276778
14, 4, 12, 0.798098
14, 4, 13, 1.322763
14, 4, 14, 1.954893
14, 4, 15, 100.000000
14, 4, 16, 100.000000
14, 4, 17, 100.000000
14, 4, 18, 100.000000
14, 4, 19, 100.000000
14, 4, 20, 100.000000
14, 4, 21, 100.000000
14, 4, 22, 100.000000
14, 4, 23, 100.000000
14, 4, 24, 100.000000
14, 4, 25, 100.000000
14, 4, 26, 100.000000
14, 4, 27, 100.000000
14, 4, 28, 100.000000
14, 4, 29, 100.000000
14, 4, 30, 100.000000
14, 4, 31, 100.000000
14, 4, 32, 100.000000
14, 4, 33, 100.000000
14, 4, 34, 100.000000
14, 5, 0, 0.407368
14, 5, 1, -0.169826
14, 5, 2, -0.488085
14, 5, 3, -0.474561
14, 5, 4, -0.475281
14, 5, 5, -0.457476
14, 5, 6, -0.465855
14, 5, 7, -0.483817
14, 5, 8, -0.428568
14, 5, 9, -0.337444
14, 5, 10, -0.109179
14, 5, 11, 0.313663
14, 5, 12, 0.850682
14, 5, 13, 1.365413
14, 5, 14, 2.073017
14, 5, 15, 100.000000
14, 5, 16, 100.000000
14, 5, 17, 100.000000
14, 5, 18, 100.000000
14, 5, 19, 100.000000
14, 5, 20, 100.000000
14, 5, 21, 100.000000
14, 5, 22, 100.000000
14, 5, 23, 100.000000
14, 5, 24, 100.000000
14, 5, 25, 100.000000
14, 5, 26, 100.000000
14, 5, 27, 100.000000
14, 5, 28, 100.000000
14, 5, 29, 100.000000
14, 5, 30, 100.000000
14, 5, 31, 100.000000
14, 5, 32, 100.000000
14, 5, 33, 100.000000
14, 5, 34, 100.000000
14, 6, 0, 0.411969
14, 6, 1, -0.158143
14, 6, 2, -0.467246
14, 6, 3, -0.463360
14, 6, 4, -0.471902
14, 6, 5, -0.472241
14, 6, 6, -0.486538
14, 6, 7, -0.481175
14, 6, 8, -0.464745
14, 6, 9, -0.346128
14, 6, 10, -0.078540
14, 6, 11, 0.346074
14, 6, 12, 0.858594
14, 6, 13, 1.427162
14, 6, 14, 2.438146
14, 6, 15, 100.000000
14, 6, 16, 100.000000
14, 6, 17, 100.000000
14, 6, 18, 100.000000
14, 6, 19, 100.000000
14, 6, 20, 100.000000
14, 6, 21, 100.000000
14, 6, 22, 100.000000
14, 6, 23, 100.000000
14, 6, 24, 100.000000
14, 6, 25, 100.000000
14, 6, 26, 100.000000
14, 6, 27, 100.000000
14, 6, 28, 100.000000
14, 6, 29, 100.000000
14, 6, 30, 100.000000
14, 6, 31, 100.000000
14, 6, 32, 100.000000
14, 6, 33, 100.000000
14, 6, 34, 100.000000
14, 7, 0, 0.415884
14, 7, 1, -0.148235
14, 7, 2, -0.467187
14, 7, 3, -0.454234
14, 7, 4, -0.476320
14, 7, 5, -0.487739
14, 7, 6, -0.480797
14, 7, 7, -0.469122
14, 7, 8, -0.475606
14, 7, 9, -0.366058
14, 7, 10, -0.072362
14, 7, 11, 0.330081
14, 7, 12, 0.856903
14, 7, 13, 1.416337
14, 7, 14, 2.163796
14, 7, 15, 100.000000
14, 7, 16, 100.000000
14, 7, 17, 100.000000
14, 7, 18, 100.000000
14, 7, 19, 100.000000
14, 7, 20, 100.000000
14, 7, 21, 100.000000
14, 7, 22, 100.000000
14, 7, 23, 100.000000
14, 7, 24, 100.000000
14, 7, 25, 100.000000
14, 7, 26, 100.000000
14, 7, 27, 100.000000
14, 7, 28, 100.000000
14, 7, 29, 100.000000
14, 7, 30, 100.000000
14, 7, 31, 100.000000
14, 7, 32, 100.000000
14, 7, 33, 100.000000
14, 7, 34, 100.000000
14, 8, 0, 0.408244
14, 8, 1, -0.150822
14, 8, 2, -0.466395
14, 8, 3, -0.432346
14, 8, 4, -0.463819
14, 8, 5, -0.459575
14, 8, 6, -0.469451
14, 8, 7, -0.469109
14, 8, 8, -0.462525
14, 8, 9, -0.401485
14, 8, 10, -0.092116
14, 8, 11, 0.317910
14, 8, 12, 0.850288
14, 8, 13, 1.395811
14, 8, 14, 2.148533
14, 8, 15, 100.000000
14, 8, 16, 100.000000
14, 8, 17, 100.000000
14, 8, 18, 100.000000
14, 8, 19, 100.000000
14, 8, 20, 100.000000
14, 8, 21, 100.000000
14, 8, 22, 100.000000
14, 8, 23, 100.000000
14, 8, 24, 100.000000
14, 8, 25, 100.000000
14, 8, 26, 100.000000
14, 8, 27, 100.000000
14, 8, 28, 100.000000
14, 8, 29, 100.000000
14, 8, 30, 100.000000
14, 8, 31, 100.000000
14, 8, 32, 100.000000
14, 8, 33, 100.000000
14, 8, 34, 100.000000
14, 9, 0, 0.421321
14, 9, 1, -0.151763
14, 9, 2, -0.482333
14, 9, 3, -0.425703
14, 9, 4, -0.468037
14, 9, 5, -0.438828
14, 9, 6, -0.478341
14, 9, 7, -0.462120
14, 9, 8, -0.458809
14, 9, 9, -0.442551
14, 9, 10, -0.136283
14, 9, 11, 0.318392
14, 9, 12, 0.871498
14, 9, 13, 1.433578
14, 9, 14, 2.152964
14, 9, 15, 100.000000
14, 9, 16, 100.000000
14, 9, 17, 100.000000
14, 9, 18, 100.000000
14, 9, 19, 100.000000
14, 9, 20, 100.000000
14, 9, 21, 100.000000
14, 9, 22, 100.000000
14, 9, 23, 100.000000
14, 9, 24, 100.000000
14, 9, 25, 100.000000
14, 9, 26, 100.000000
14, 9, 27, 100.000000
14, 9, 28, 100.000000
14, 9, 29, 100.000000
14, 9, 30, 100.000000
14, 9, 31, 100.000000
14, 9, 32, 100.000000
14, 9, 33, 100.000000
14, 9, 34, 100.000000
14, 10, 0, 0.439938
14, 10, 1, -0.139436
14, 10, 2, -0.493063
14, 10, 3, -0.431899
14, 10, 4, -0.453478
14, 10, 5, -0.443695
14, 10, 6, -0.454659
14, 10, 7, -0.438437
14, 10, 8, -0.417731
14, 10, 9, -0.436246
14, 10, 10, -0.152737
14, 10, 11, 0.304316
14, 10, 12, 0.869841
14, 10, 13, 1.409401
14, 10, 14, 2.013565
14, 10, 15, 100.000000
14, 10, 16, 100.000000
14, 10, 17, 100.000000
14, 10, 18, 100.000000
14, 10, 19, 100.000000
14, 10, 20, 100.000000
14, 10, 21, 100.000000
14, 10, 22, 100.000000
14, 10, 23, 100.000000
14, 10, 24, 100.000000
14, 10, 25, 100.000000
14, 10, 26, 100.000000
14, 10, 27, 100.000000
14, 10, 28, 100.000000
14, 10, 29, 100.000000
14, 10, 30, 100.000000
14, 10, 31, 100.000000
14, 10, 32, 100.000000
14, 10, 33, 100.000000
14, 10, 34, 100.000000
14, 11, 0, 0.448844
14, 11, 1, -0.132132
14, 11, 2, -0.470543
14, 11, 3, -0.452758
14, 11, 4, -0.452625
14, 11, 5, -0.450230
14, 11, 6, -0.420541
14, 11, 7, -0.442246
14, 11, 8, -0.446077
14, 11, 9, -0.411604
14, 11, 10, -0.128618
14, 11, 11, 0.295410
14, 11, 12, 0.849925
14, 11, 13, 1.407270
14, 11, 14, 2.074019
14, 11, 15, 100.000000
14, 11, 16, 100.000000
14, 11, 17, 100.000000
14, 11, 18, 100.000000
14, 11, 19, 100.000000
14, 11, 20, 100.000000
14, 11, 21, 100.000000
14, 11, 22, 100.000000
14, 11, 23, 100.000000
14, 11, 24, 100.000000
14, 11, 25, 100.000000
14, 11, 26, 100.000000
14, 11, 27, 100.000000
14, 11, 28, 100.000000
14, 11, 29, 100.000000
14, 11, 30, 100.000000
14, 11, 31, 100.000000
14, 11, 32, 100.000000
14, 11, 33, 100.000000
14, 11, 34, 100.000000
14, 12, 0, 0.440314
14, 12, 1, -0.142711
14, 12, 2, -0.461577
14, 12, 3, -0.470349
14, 12, 4, -0.469344
14, 12, 5, -0.465195
14, 12, 6, -0.439396
14, 12, 7, -0.426512
14, 12, 8, -0.457232
14, 12, 9, -0.418447
14, 12, 10, -0.142354
14, 12, 11, 0.268037
14, 12, 12, 0.826124
14, 12, 13, 1.449063
14, 12, 14, 2.079768
14, 12, 15, 100.000000
14, 12, 16, 100.000000
14, 12, 17, 100.000000
14, 12, 18, 100.000000
14, 12, 19, 100.000000
14, 12, 20, 100.000000
14, 12, 21, 100.000000
14, 12, 22, 100.000000
14, 12, 23, 100.000000
14, 12, 24, 100.000000
14, 12, 25, 100.000000
14, 12, 26, 100.000000
14, 12, 27, 100.000000
14, 12, 28, 100.000000
14, 12, 29, 100.000000
14, 12, 30, 100.000000
14, 12, 31, 100.000000
14, 12, 32, 100.000000
14, 12, 33, 100.000000
14, 12, 34, 100.000000
14, 13, 0, 0.419877
14, 13, 1, -0.156303
14, 13, 2, -0.469177
14, 13, 3, -0.486233
14, 13, 4, -0.473831
14, 13, 5, -0.460181
14, 13, 6, -0.477285
14, 13, 7, -0.459239
14, 13, 8, -0.443325
14, 13, 9, -0.449608
14, 13, 10, -0.192941
14, 13, 11, 0.236029
14, 13, 12, 0.779836
14, 13, 13, 1.418778
14, 13, 14, 2.040070
14, 13, 15, 100.000000
14, 13, 16, 100.000000
14, 13, 17, 100.000000
14, 13, 18, 100.000000
14, 13, 19, 100.000000
14, 13, 20, 100.000000
14, 13, 21, 100.000000
14, 13, 22, 100.000000
14, 13, 23, 100.000000
14, 13, 24, 100.000000
14, 13, 25, 100.000000
14, 13, 26, 100.000000
14, 13, 27, 100.000000
14, 13, 28, 100.000000
14, 13, 29, 100.000000
14, 13, 30, 100.000000
14, 13, 31, 100.000000
14, 13, 32, 100.000000
14, 13, 33, 100.000000
14, 13, 34, 100.000000
14, 14, 0, 0.424209
14, 14, 1, -0.156979
14, 14, 2, -0.478565
14, 14, 3, -0.475963
14, 14, 4, -0.447631
14, 14, 5, -0.466959
14, 14, 6, -0.477008
14, 14, 7, -0.455630
14, 14, 8, -0.448571
14, 14, 9, -0.456936
14, 14, 10, -0.235079
14, 14, 11, 0.186364
14, 14, 12, 0.708489
14, 14, 13, 1.338092
14, 14, 14, 2.014561
14, 14, 15, 100.000000
14, 14, 16, 100.000000
14, 14, 17, 100.000000
14, 14, 18, 100.000000
14, 14, 19, 100.000000
14, 14, 20, 100.000000
14, 14, 21, 100.000000
14, 14, 22, 100.000000
14, 14, 23, 100.000000
14, 14, 24, 100.000000
14, 14, 25, 100.000000
14, 14, 26, 100.000000
14, 14, 27, 100.000000
14, 14, 28, 100.000000
14, 14, 29, 100.000000
14, 14, 30, 100.000000
14, 14, 31, 100.000000
14, 14, 32, 100.000000
14, 14, 33, 100.000000
14, 14, 34, 100.000000
14, 15, 0, 0.436786
14, 15, 1, -0.159893
14, 15, 2, -0.477472
14, 15, 3, -0.462492
14, 15, 4, -0.448124
14, 15, 5, -0.457782
14, 15, 6, -0.460124
14, 15, 7, -0.428329
14, 15, 8, -0.445324
14, 15, 9, -0.424557
14, 15, 10, -0.236439
14, 15, 11, 0.138920
14, 15, 12, 0.658919
14, 15, 13, 1.256204
14, 15, 14, 1.764565
14, 15, 15, 100.000000
14, 15, 16, 100.000000
14, 15, 17, 100.000000
14, 15, 18, 100.000000
14, 15, 19, 100.000000
14, 15, 20, 100.000000
14, 15, 21, 100.000000
14, 15, 22, 100.000000
14, 15, 23, 100.000000
14, 15, 24, 100.000000
14, 15, 25, 100.000000
14, 15, 26, 100.000000
14, 15, 27, 100.000000
14, 15, 28, 100.000000
14, 15, 29, 100.000000
14, 15, 30, 100.000000
14, 15, 31, 100.000000
14, 15, 32, 100.000000
14, 15, 33, 100.000000
14, 15, 34, 100.000000
14, 16, 0, 0.425046
14, 16, 1, -0.180593
14, 16, 2, -0.462391
14, 16, 3, -0.476505
14, 16, 4, -0.463521
14, 16, 5, -0.451744
14, 16, 6, -0.444479
14, 16, 7, -0.453554
14, 16, 8, -0.453498
14, 16, 9, -0.371821
14, 16, 10, -0.215671
14, 16, 11, 0.113237
14, 16, 12, 0.630377
14, 16, 13, 1.201863
14, 16, 14, 1.740906
14, 16, 15, 100.000000
14, 16, 16, 100.000000
14, 16, 17, 100.000000
14, 16, 18, 100.000000
14, 16, 19, 100.000000
14, 16, 20, 100.000000
14, 16, 21, 100.000000
14, 16, 22, 100.000000
14, 16, 23, 100.000000
14, 16, 24, 100.000000
14, 16, 25, 100.000000
14, 16, 26, 100.000000
14, 16, 27, 100.000000
14, 16, 28, 100.000000
14, 16, 29, 100.000000
14, 16, 30, 100.000000
14, 16, 31, 100.000000
14, 16, 32, 100.000000
14, 16, 33, 100.000000
14, 16, 34, 100.000000
14, 17, 0, 0.400275
14, 17, 1, -0.205053
14, 17, 2, -0.443186
14, 17, 3, -0.473411
14, 17, 4, -0.477973
14, 17, 5, -0.473181
14, 17, 6, -0.464982
14, 17, 7, -0.445383
14, 17, 8, -0.449384
14, 17, 9, -0.375142
14, 17, 10, -0.213738
14, 17, 11, 0.101941
14, 17, 12, 0.618693
14, 17, 13, 1.223354
14, 17, 14, 1.861548
14, 17, 15, 100.000000
14, 17, 16, 100.000000
14, 17, 17, 100.000000
14, 17, 18, 100.000000
14, 17, 19, 100.000000
14, 17, 20, 100.000000
14, 17, 21, 100.000000
14, 17, 22, 100.000000
14, 17, 23, 100.000000
14, 17, 24, 100.000000
14, 17, 25, 100.000000
14, 17, 26, 100.000000
14, 17, 27, 100.000000
14, 17, 28, 100.000000
14, 17, 29, 100.000000
14, 17, 30, 100.000000
14, 17, 31, 100.000000
14, 17, 32, 100.000000
14, 17, 33, 100.000000
14, 17, 34, 100.000000
14, 18, 0, 0.402999
14, 18, 1, -0.192824
14, 18, 2, -0.436919
14, 18, 3, -0.436228
14, 18, 4, -0.486671
14, 18, 5, -0.475278
14, 18, 6, -0.463112
14, 18, 7, -0.456795
14, 18, 8, -0.466171
14, 18, 9, -0.400294
14, 18, 10, -0.211483
14, 18, 11, 0.117225
14, 18, 12, 0.640949
14, 18, 13, 1.286775
14, 18, 14, 1.964445
14, 18, 15, 100.000000
14, 18, 16, 100.000000
14, 18, 17, 100.000000
14, 18, 18, 100.000000
14, 18, 19, 100.000000
14, 18, 20, 100.000000
14, 18, 21, 100.000000
14, 18, 22, 100.000000
14, 18, 23, 100.000000
14, 18, 24, 100.000000
14, 18, 25, 100.000000
14, 18, 26, 100.000000
14, 18, 27, 100.000000
14, 18, 28, 100.000000
14, 18, 29, 100.000000
14, 18, 30, 100.000000
14, 18, 31, 100.000000
14, 18, 32, 100.000000
14, 18, 33, 100.000000
14, 18, 34, 100.000000
14, 19, 0, 0.401046
14, 19, 1, -0.165002
14, 19, 2, -0.441631
14, 19, 3, -0.403090
14, 19, 4, -0.477022
14, 19, 5, -0.480797
14, 19, 6, -0.475435
14, 19, 7, -0.469539
14, 19, 8, -0.462087
14, 19, 9, -0.395822
14, 19, 10, -0.178892
14, 19, 11, 0.186131
14, 19, 12, 0.712199
14, 19, 13, 1.324320
14, 19, 14, 2.031481
14, 19, 15, 100.000000
14, 19, 16, 100.000000
14, 19, 17, 100.000000
14, 19, 18, 100.000000
14, 19, 19, 100.000000
14, 19, 20, 100.000000
14, 19, 21, 100.000000
14, 19, 22, 100.000000
14, 19, 23, 100.000000
14, 19, 24, 100.000000
14, 19, 25, 100.000000
14, 19, 26, 100.000000
14, 19, 27, 100.000000
14, 19, 28, 100.000000
14, 19, 29, 100.000000
14, 19, 30, 100.000000
14, 19, 31, 100.000000
14, 19, 32, 100.000000
14, 19, 33, 100.000000
14, 19, 34, 100.000000
14, 20, 0, 0.400051
14, 20, 1, -0.156304
14, 20, 2, -0.428751
14, 20, 3, -0.384816
14, 20, 4, -0.462910
14, 20, 5, -0.471949
14, 20, 6, -0.470826
14, 20, 7, -0.460416
14, 20, 8, -0.488701
14, 20, 9, -0.407603
14, 20, 10, -0.179960
14, 20, 11, 0.240058
14, 20, 12, 0.701744
14, 20, 13, 1.239772
14, 20, 14, 2.044738
14, 20, 15, 100.000000
14, 20, 16, 100.000000
14, 20, 17, 100.000000
14, 20, 18, 100.000000
14, 20, 19, 100.000000
14, 20, 20, 100.000000
14, 20, 21, 100.000000
14, 20, 22, 100.000000
14, 20, 23, 100.000000
14, 20, 24, 100.000000
14, 20, 25, 100.000000
14, 20, 26, 100.000000
14, 20, 27, 100.000000
14, 20, 28, 100.000000
14, 20, 29, 100.000000
14, 20, 30, 100.000000
14, 20, 31, 100.000000
14, 20, 32, 100.000000
14, 20, 33, 100.000000
14, 20, 34, 100.000000
14, 21, 0, 0.419555
14, 21, 1, -0.154186
14, 21, 2, -0.433621
14, 21, 3, -0.373408
14, 21, 4, -0.468089
14, 21, 5, -0.441621
14, 21, 6, -0.443773
14, 21, 7, -0.433691
14, 21, 8, -0.429465
14, 21, 9, -0.388631
14, 21, 10, -0.177973
14, 21, 11, 0.209119
14, 21, 12, 0.635767
14, 21, 13, 1.119123
14, 21, 14, 1.769500
14, 21, 15, 100.000000
14, 21, 16, 100.000000
14, 21, 17, 100.000000
14, 21, 18, 100.000000
14, 21, 19, 100.000000
14, 21, 20, 100.000000
14, 21, 21, 100.000000
14, 21, 22, 100.000000
14, 21, 23, 100.000000
14, 21, 24, 100.000000
14, 21, 25, 100.000000
14, 21, 26, 100.000000
14, 21, 27, 100.000000
14, 21, 28, 100.000000
14, 21, 29, 100.000000
14, 21, 30, 100.000000
14, 21, 31, 100.000000
14, 21, 32, 100.000000
14, 21, 33, 100.000000
14, 21, 34, 100.000000
14, 22, 0, 0.417491
14, 22, 1, -0.163601
14, 22, 2, -0.440522
14, 22, 3, -0.403922
14, 22, 4, -0.443132
14, 22, 5, -0.434799
14, 22, 6, -0.426894
14, 22, 7, -0.446057
14, 22, 8, -0.429507
14, 22, 9, -0.370454
14, 22, 10, -0.175777
14, 22, 11, 0.157825
14, 22, 12, 0.555959
14, 22, 13, 0.996679
14, 22, 14, 1.635191
14, 22, 15, 2.463900
14, 22, 16, 100.000000
14, 22, 17, 100.000000
14, 22, 18, 100.000000
14, 22, 19, 100.000000
14, 22, 20, 100.000000
14, 22, 21, 100.000000
14, 22, 22, 100.000000
14, 22, 23, 100.000000
14, 22, 24, 100.000000
14, 22, 25, 100.000000
14, 22, 26, 100.000000
14, 22, 27, 100.000000
14, 22, 28, 100.000000
14, 22, 29, 100.000000
14, 22, 30, 100.000000
14, 22, 31, 100.000000
14, 22, 32, 100.000000
14, 22, 33, 100.000000
14, 22, 34, 100.000000
14, 23, 0, 0.393607
14, 23, 1, -0.164454
14, 23, 2, -0.470034
14, 23, 3, -0.434409
14, 23, 4, -0.428473
14, 23, 5, -0.427669
14, 23, 6, -0.439555
14, 23, 7, -0.425990
14, 23, 8, -0.462245
14, 23, 9, -0.398427
14, 23, 10, -0.190717
14, 23, 11, 0.170136
14, 23, 12, 0.642378
14, 23, 13, 1.129528
14, 23, 14, 1.807667
14, 23, 15, 100.000000
14, 23, 16, 100.000000
14, 23, 17, 100.000000
14, 23, 18, 100.000000
14, 23, 19, 100.000000
14, 23, 20, 100.000000
14, 23, 21, 100.000000
14, 23, 22, 100.000000
14, 23, 23, 100.000000
14, 23, 24, 100.000000
14, 23, 25, 100.000000
14, 23, 26, 100.000000
14, 23, 27, 100.000000
14, 23, 28, 100.000000
14, 23, 29, 100.000000
14, 23, 30, 100.000000
14, 23, 31, 100.000000
14, 23, 32, 100.000000
14, 23, 33, 100.000000
14, 23, 34, 100.000000
14, 24, 0, 0.399302
14, 24, 1, -0.142765
14, 24, 2, -0.474509
14, 24, 3, -0.446354
14, 24, 4, -0.437234
14, 24, 5, -0.439820
14, 24, 6, -0.455157
14, 24, 7, -0.443302
14, 24, 8, -0.444791
14, 24, 9, -0.444724
14, 24, 10, -0.208289
14, 24, 11, 0.188502
14, 24, 12, 0.717381
14, 24, 13, 1.333050
14, 24, 14, 2.137299
14, 24, 15, 100.000000
14, 24, 16, 100.000000
14, 24, 17, 100.000000
14, 24, 18, 100.000000
14, 24, 19, 100.000000
14, 24, 20, 100.000000
14, 24, 21, 100.000000
14, 24, 22, 100.000000
14, 24, 23, 100.000000
14, 24, 24, 100.000000
14, 24, 25, 100.000000
14, 24, 26, 100.000000
14, 24, 27, 100.000000
14, 24, 28, 100.000000
14, 24, 29, 100.000000
14, 24, 30, 100.000000
14, 24, 31, 100.000000
14, 24, 32, 100.000000
14, 24, 33, 100.000000
14, 24, 34, 100.000000
14, 25, 0, 0.401019
14, 25, 1, -0.152246
14, 25, 2, -0.468203
14, 25, 3, -0.471325
14, 25, 4, -0.441829
14, 25, 5, -0.463815
14, 25, 6, -0.473208
14, 25, 7, -0.455013
14, 25, 8, -0.435559
14, 25, 9, -0.463670
14, 25, 10, -0.204449
14, 25, 11, 0.198812
14, 25, 12, 0.715695
14, 25, 13, 1.317844
14, 25, 14, 2.032639
14, 25, 15, 100.000000
14, 25, 16, 100.000000
14, 25, 17, 100.000000
14, 25, 18, 100.000000
14, 25, 19, 100.000000
14, 25, 20, 100.000000
14, 25, 21, 100.000000
14, 25, 22, 100.000000
14, 25, 23, 100.000000
14, 25, 24, 100.000000
14, 25, 25, 100.000000
14, 25, 26, 100.000000
14, 25, 27, 100.000000
14, 25, 28, 100.000000
14, 25, 29, 100.000000
14, 25, 30, 100.000000
14, 25, 31, 100.000000
14, 25, 32, 100.000000
14, 25, 33, 100.000000
14, 25, 34, 100.000000
14, 26, 0, 0.386066
14, 26, 1, -0.177619
14, 26, 2, -0.430339
14, 26, 3, -0.430304
14, 26, 4, -0.465895
14, 26, 5, -0.455684
14, 26, 6, -0.469519
14, 26, 7, -0.449858
14, 26, 8, -0.450233
14, 26, 9, -0.449275
14, 26, 10, -0.200790
14, 26, 11, 0.192231
14, 26, 12, 0.695153
14, 26, 13, 1.235921
14, 26, 14, 1.737395
14, 26, 15, 100.000000
14, 26, 16, 100.000000
14, 26, 17, 100.000000
14, 26, 18, 100.000000
14, 26, 19, 100.000000
14, 26, 20, 100.000000
14, 26, 21, 100.000000
14, 26, 22, 100.000000
14, 26, 23, 100.000000
14, 26, 24, 100.000000
14, 26, 25, 100.000000
14, 26, 26, 100.000000
14, 26, 27, 100.000000
14, 26, 28, 100.000000
14, 26, 29, 100.000000
14, 26, 30, 100.000000
14, 26, 31, 100.000000
14, 26, 32, 100.000000
14, 26, 33, 100.000000
14, 26, 34, 100.000000
14, 27, 0, 0.367539
14, 27, 1, -0.196359
14, 27, 2, -0.460196
14, 27, 3, -0.419992
14, 27, 4, -0.429093
14, 27, 5, -0.426777
14, 27, 6, -0.440443
14, 27, 7, -0.474911
14, 27, 8, -0.441077
14, 27, 9, -0.370805
14, 27, 10, -0.186642
14, 27, 11, 0.190220
14, 27, 12, 0.693632
14, 27, 13, 1.230345
14, 27, 14, 1.810718
14, 27, 15, 100.000000
14, 27, 16, 100.000000
14, 27, 17, 100.000000
14, 27, 18, 100.000000
14, 27, 19, 100.000000
14, 27, 20, 100.000000
14, 27, 21, 100.000000
14, 27, 22, 100.000000
14, 27, 23, 100.000000
14, 27, 24, 100.000000
14, 27, 25, 100.000000
14, 27, 26, 100.000000
14, 27, 27, 100.000000
14, 27, 28, 100.000000
14, 27, 29, 100.000000
14, 27, 30, 100.000000
14, 27, 31, 100.000000
14, 27, 32, 100.000000
14, 27, 33, 100.000000
14, 27, 34, 100.000000
14, 28, 0, 0.383951
14, 28, 1, -0.106966
14, 28, 2, -0.324159
14, 28, 3, -0.423557
14, 28, 4, -0.454909
14, 28, 5, -0.475527
14, 28, 6, -0.466032
14, 28, 7, -0.417555
14, 28, 8, -0.357798
14, 28, 9, -0.297558
14, 28, 10, -0.153138
14, 28, 11, 0.207316
14, 28, 12, 0.729272
14, 28, 13, 1.319629
14, 28, 14, 2.039357
14, 28, 15, 100.000000
14, 28, 16, 100.000000
14, 28, 17, 100.000000
14, 28, 18, 100.000000
14, 28, 19, 100.000000
14, 28, 20, 100.000000
14, 28, 21, 100.000000
14, 28, 22, 100.000000
14, 28, 23, 100.000000
14, 28, 24, 100.000000
14, 28, 25, 100.000000
14, 28, 26, 100.000000
14, 28, 27, 100.000000
14, 28, 28, 100.000000
14, 28, 29, 100.000000
14, 28, 30, 100.000000
14, 28, 31, 100.000000
14, 28, 32, 100.000000
14, 28, 33, 100.000000
14, 28, 34, 100.000000
14, 29, 0, 0.432460
14, 29, 1, 0.096188
14, 29, 2, -0.033683
14, 29, 3, -0.100438
14, 29, 4, -0.123838
14, 29, 5, -0.123262
14, 29, 6, -0.111032
14, 29, 7, -0.095063
14, 29, 8, -0.076526
14, 29, 9, -0.041832
14, 29, 10, 0.043547
14, 29, 11, 0.339706
14, 29, 12, 0.843787
14, 29, 13, 1.396090
14, 29, 14, 2.110974
14, 29, 15, 100.000000
14, 29, 16, 100.000000
14, 29, 17, 100.000000
14, 29, 18, 100.000000
14, 29, 19, 100.000000
14, 29, 20, 100.000000
14, 29, 21, 100.000000
14, 29, 22, 100.000000
14, 29, 23, 100.000000
14, 29, 24, 100.000000
14, 29, 25, 100.000000
14, 29, 26, 100.000000
14, 29, 27, 100.000000
14, 29, 28, 100.000000
14, 29, 29, 100.000000
14, 29, 30, 100.000000
14, 29, 31, 100.000000
14, 29, 32, 100.000000
14, 29, 33, 100.000000
14, 29, 34, 100.000000
15, 0, 0, 0.690220
15, 0, 1, 0.473879
15, 0, 2, 0.425335
15, 0, 3, 0.428058
15, 0, 4, 0.433359
15, 0, 5, 0.423570
15, 0, 6, 0.420926
15, 0, 7, 0.427166
15, 0, 8, 0.433709
15, 0, 9, 0.452475
15, 0, 10, 0.535939
15, 0, 11, 0.790993
15, 0, 12, 1.253504
15, 0, 13, 1.847929
15, 0, 14, 100.000000
15, 0, 15, 100.000000
15, 0, 16, 100.000000
15, 0, 17, 100.000000
15, 0, 18, 100.000000
15, 0, 19, 100.000000
15, 0, 20, 100.000000
15, 0, 21, 100.000000
15, 0, 22, 100.000000
15, 0, 23, 100.000000
15, 0, 24, 100.000000
15, 0, 25, 100.000000
15, 0, 26, 100.000000
15, 0, 27, 100.000000
15, 0, 28, 100.000000
15, 0, 29, 100.000000
15, 0, 30, 100.000000
15, 0, 31, 100.000000
15, 0, 32, 100.000000
15, 0, 33, 100.000000
15, 0, 34, 100.000000
15, 1, 0, 0.472965
15, 1, 1, 0.045974
15, 1, 2, -0.091905
15, 1, 3, -0.134330
15, 1, 4, -0.159022
15, 1, 5, -0.157156
15, 1, 6, -0.140953
15, 1, 7, -0.107852
15, 1, 8, -0.069761
15, 1, 9, -0.037977
15, 1, 10, 0.120417
15, 1, 11, 0.510064
15, 1, 12, 1.063054
15, 1, 13, 1.732183
15, 1, 14, 100.000000
15, 1, 15, 100.000000
15, 1, 16, 100.000000
15, 1, 17, 100.000000
15, 1, 18, 100.000000
15, 1, 19, 100.000000
15, 1, 20, 100.000000
15, 1, 21, 100.000000
15, 1, 22, 100.000000
15, 1, 23, 100.000000
15, 1, 24, 100.000000
15, 1, 25, 100.000000
15, 1, 26, 100.000000
15, 1, 27, 100.000000
15, 1, 28, 100.000000
15, 1, 29, 100.000000
15, 1, 30, 100.000000
15, 1, 31, 100.000000
15, 1, 32, 100.000000
15, 1, 33, 100.000000
15, 1, 34, 100.000000
15, 2, 0, 0.410403
15, 2, 1, -0.134627
15, 2, 2, -0.342750
15, 2, 3, -0.393615
15, 2, 4, -0.455359
15, 2, 5, -0.472161
15, 2, 6, -0.461578
15, 2, 7, -0.428361
15, 2, 8, -0.362933
15, 2, 9, -0.270661
15, 2, 10, -0.039559
15, 2, 11, 0.377037
15, 2, 12, 0.913550
15, 2, 13, 1.603051
15, 2, 14, 2.447028
15, 2, 15, 100.000000
15, 2, 16, 100.000000
15, 2, 17, 100.000000
15, 2, 18, 100.000000
15, 2, 19, 100.000000
15, 2, 20, 100.000000
15, 2, 21, 100.000000
15, 2, 22, 100.000000
15, 2, 23, 100.000000
15, 2, 24, 100.000000
15, 2, 25, 100.000000
15, 2, 26, 100.000000
15, 2, 27, 100.000000
15, 2, 28, 100.000000
15, 2, 29, 100.000000
15, 2, 30, 100.000000
15, 2, 31, 100.000000
15, 2, 32, 100.000000
15, 2, 33, 100.000000
15, 2, 34, 100.000000
15, 3, 0, 0.419852
15, 3, 1, -0.142179
15, 3, 2, -0.410637
15, 3, 3, -0.390728
15, 3, 4, -0.414954
15, 3, 5, -0.459137
15, 3, 6, -0.464820
15, 3, 7, -0.466104
15, 3, 8, -0.413122
15, 3, 9, -0.323684
15, 3, 10, -0.090775
15, 3, 11, 0.302678
15, 3, 12, 0.801440
15, 3, 13, 1.440714
15, 3, 14, 2.396878
15, 3, 15, 100.000000
15, 3, 16, 100.000000
15, 3, 17, 100.000000
15, 3, 18, 100.000000
15, 3, 19, 100.000000
15, 3, 20, 100.000000
15, 3, 21, 100.000000
15, 3, 22, 100.000000
15, 3, 23, 100.000000
15, 3, 24, 100.000000
15, 3, 25, 100.000000
15, 3, 26, 100.000000
15, 3, 27, 100.000000
15, 3, 28, 100.000000
15, 3, 29, 100.000000
15, 3, 30, 100.000000
15, 3, 31, 100.000000
15, 3, 32, 100.000000
15, 3, 33, 100.000000
15, 3, 34, 100.000000
15, 4, 0, 0.418631
15, 4, 1, -0.143903
15, 4, 2, -0.408932
15, 4, 3, -0.399873
15, 4, 4, -0.441854
15, 4, 5, -0.448849
15, 4, 6, -0.454883
15, 4, 7, -0.455047
15, 4, 8, -0.414901
15, 4, 9, -0.345010
15, 4, 10, -0.115859
15, 4, 11, 0.300925
15, 4, 12, 0.816664
15, 4, 13, 1.375625
15, 4, 14, 2.140340
15, 4, 15, 100.000000
15, 4, 16, 100.000000
15, 4, 17, 100.000000
15, 4, 18, 100.000000
15, 4, 19, 100.000000
15, 4, 20, 100.000000
15, 4, 21, 100.000000
15, 4, 22, 100.000000
15, 4, 23, 100.000000
15, 4, 24, 100.000000
15, 4, 25, 100.000000
15, 4, 26, 100.000000
15, 4, 27, 100.000000
15, 4, 28, 100.000000
15, 4, 29, 100.000000
15, 4, 30, 100.000000
15, 4, 31, 100.000000
15, 4, 32, 100.000000
15, 4, 33, 100.000000
15, 4, 34, 100.000000
15, 5, 0, 0.407301
15, 5, 1, -0.176877
15, 5, 2, -0.452709
15, 5, 3, -0.449993
15, 5, 4, -0.482395
15, 5, 5, -0.449962
15, 5, 6, -0.471566
15, 5, 7, -0.475786
15, 5, 8, -0.440546
15, 5, 9, -0.357843
15, 5, 10, -0.105892
15, 5, 11, 0.344935
15, 5, 12, 0.875207
15, 5, 13, 1.437979
15, 5, 14, 2.246718
15, 5, 15, 100.000000
15, 5, 16, 100.000000
15, 5, 17, 100.000000
15, 5, 18, 100.000000
15, 5, 19, 100.000000
15, 5, 20, 100.000000
15, 5, 21, 100.000000
15, 5, 22, 100.000000
15, 5, 23, 100.000000
15, 5, 24, 100.000000
15, 5, 25, 100.000000
15, 5, 26, 100.000000
15, 5, 27, 100.000000
15, 5, 28, 100.000000
15, 5, 29, 100.000000
15, 5, 30, 100.000000
15, 5, 31, 100.000000
15, 5, 32, 100.000000
15, 5, 33, 100.000000
15, 5, 34, 100.000000
15, 6, 0, 0.406073
15, 6, 1, -0.173797
15, 6, 2, -0.462652
15, 6, 3, -0.459332
15, 6, 4, -0.470053
15, 6, 5, -0.480204
15, 6, 6, -0.476936
15, 6, 7, -0.485767
15, 6, 8, -0.467801
15, 6, 9, -0.367648
15, 6, 10, -0.103775
15, 6, 11, 0.338273
15, 6, 12, 0.896699
15, 6, 13, 1.521726
15, 6, 14, 2.378399
15, 6, 15, 100.000000
15, 6, 16, 100.000000
15, 6, 17, 100.000000
15, 6, 18, 100.000000
15, 6, 19, 100.000000
15, 6, 20, 100.000000
15, 6, 21, 100.000000
15, 6, 22, 100.000000
15, 6, 23, 100.000000
15, 6, 24, 100.000000
15, 6, 25, 100.000000
15, 6, 26, 100.000000
15, 6, 27, 100.000000
15, 6, 28, 100.000000
15, 6, 29, 100.000000
15, 6, 30, 100.000000
15, 6, 31, 100.000000
15, 6, 32, 100.000000
15, 6, 33, 100.000000
15, 6, 34, 100.000000
15, 7, 0, 0.418548
15, 7, 1, -0.158202
15, 7, 2, -0.462891
15, 7, 3, -0.446388
15, 7, 4, -0.468146
15, 7, 5, -0.465872
15, 7, 6, -0.471237
15, 7, 7, -0.469722
15, 7, 8, -0.476589
15, 7, 9, -0.389229
15, 7, 10, -0.108430
15, 7, 11, 0.311148
15, 7, 12, 0.897717
15, 7, 13, 1.506027
15, 7, 14, 2.400273
15, 7, 15, 100.000000
15, 7, 16, 100.000000
15, 7, 17, 100.000000
15, 7, 18, 100.000000
15, 7, 19, 100.000000
15, 7, 20, 100.000000
15, 7, 21, 100.000000
15, 7, 22, 100.000000
15, 7, 23, 100.000000
15, 7, 24, 100.000000
15, 7, 25, 100.000000
15, 7, 26, 100.000000
15, 7, 27, 100.000000
15, 7, 28, 100.000000
15, 7, 29, 100.000000
15, 7, 30, 100.000000
15, 7, 31, 100.000000
15, 7, 32, 100.000000
15, 7, 33, 100.000000
15, 7, 34, 100.000000
15, 8, 0, 0.409254
15, 8, 1, -0.165229
15, 8, 2, -0.455941
15, 8, 3, -0.416075
15, 8, 4, -0.451064
15, 8, 5, -0.449310
15, 8, 6, -0.462633
15, 8, 7, -0.485386
15, 8, 8, -0.462526
15, 8, 9, -0.405093
15, 8, 10, -0.111398
15, 8, 11, 0.308652
15, 8, 12, 0.894644
15, 8, 13, 1.525728
15, 8, 14, 2.473595
15, 8, 15, 100.000000
15, 8, 16, 100.000000
15, 8, 17, 100.000000
15, 8, 18, 100.000000
15, 8, 19, 100.000000
15, 8, 20, 100.000000
15, 8, 21, 100.000000
15, 8, 22, 100.000000
15, 8, 23, 100.000000
15, 8, 24, 100.000000
15, 8, 25, 100.000000
15, 8, 26, 100.000000
15, 8, 27, 100.000000
15, 8, 28, 100.000000
15, 8, 29, 100.000000
15, 8, 30, 100.000000
15, 8, 31, 100.000000
15, 8, 32, 100.000000
15, 8, 33, 100.000000
15, 8, 34, 100.000000
15, 9, 0, 0.407687
15, 9, 1, -0.171382
15, 9, 2, -0.453625
15, 9, 3, -0.414687
15, 9, 4, -0.484148
15, 9, 5, -0.438316
15, 9, 6, -0.468415
15, 9, 7, -0.467952
15, 9, 8, -0.466888
15, 9, 9, -0.426247
15, 9, 10, -0.125757
15, 9, 11, 0.318491
15, 9, 12, 0.894326
15, 9, 13, 1.509797
15, 9, 14, 2.295718
15, 9, 15, 100.000000
15, 9, 16, 100.000000
15, 9, 17, 100.000000
15, 9, 18, 100.000000
15, 9, 19, 100.000000
15, 9, 20, 100.000000
15, 9, 21, 100.000000
15, 9, 22, 100.000000
15, 9, 23, 100.000000
15, 9, 24, 100.000000
15, 9, 25, 100.000000
15, 9, 26, 100.000000
15, 9, 27, 100.000000
15, 9, 28, 100.000000
15, 9, 29, 100.000000
15, 9, 30, 100.000000
15, 9, 31, 100.000000
15, 9, 32, 100.000000
15, 9, 33, 100.000000
15, 9, 34, 100.000000
15, 10, 0, 0.415958
15, 10, 1, -0.154429
15, 10, 2, -0.480034
15, 10, 3, -0.426220
15, 10, 4, -0.460631
15, 10, 5, -0.438872
15, 10, 6, -0.449946
15, 10, 7, -0.467727
15, 10, 8, -0.461648
15, 10, 9, -0.411290
15, 10, 10, -0.131241
15, 10, 11, 0.304313
15, 10, 12, 0.856360
15, 10, 13, 1.346248
15, 10, 14, 1.921977
15, 10, 15, 100.000000
15, 10, 16, 100.000000
15, 10, 17, 100.000000
15, 10, 18, 100.000000
15, 10, 19, 100.000000
15, 10, 20, 100.000000
15, 10, 21, 100.000000
15, 10, 22, 100.000000
15, 10, 23, 100.000000
15, 10, 24, 100.000000
15, 10, 25, 100.000000
15, 10, 26, 100.000000
15, 10, 27, 100.000000
15, 10, 28, 100.000000
15, 10, 29, 100.000000
15, 10, 30, 100.000000
15, 10, 31, 100.000000
15, 10, 32, 100.000000
15, 10, 33, 100.000000
15, 10, 34, 100.000000
15, 11, 0, 0.429994
15, 11, 1, -0.139125
15, 11, 2, -0.466405
15, 11, 3, -0.454531
15, 11, 4, -0.456773
15, 11, 5, -0.464175
15, 11, 6, -0.439256
15, 11, 7, -0.466526
15, 11, 8, -0.438180
15, 11, 9, -0.388178
15, 11, 10, -0.128640
15, 11, 11, 0.282627
15, 11, 12, 0.814006
15, 11, 13, 1.277501
15, 11, 14, 1.772259
15, 11, 15, 100.000000
15, 11, 16, 100.000000
15, 11, 17, 100.000000
15, 11, 18, 100.000000
15, 11, 19, 100.000000
15, 11, 20, 100.000000
15, 11, 21, 100.000000
15, 11, 22, 100.000000
15, 11, 23, 100.000000
15, 11, 24, 100.000000
15, 11, 25, 100.000000
15, 11, 26, 100.000000
15, 11, 27, 100.000000
15, 11, 28, 100.000000
15, 11, 29, 100.000000
15, 11, 30, 100.000000
15, 11, 31, 100.000000
15, 11, 32, 100.000000
15, 11, 33, 100.000000
15, 11, 34, 100.000000
15, 12, 0, 0.425859
15, 12, 1, -0.147620
15, 12, 2, -0.473766
15, 12, 3, -0.482074
15, 12, 4, -0.461288
15, 12, 5, -0.455189
15, 12, 6, -0.459246
15, 12, 7, -0.459148
15, 12, 8, -0.447902
15, 12, 9, -0.396460
15, 12, 10, -0.131219
15, 12, 11, 0.272379
15, 12, 12, 0.806149
15, 12, 13, 1.377131
15, 12, 14, 2.039885
15, 12, 15, 100.000000
15, 12, 16, 100.000000
15, 12, 17, 100.000000
15, 12, 18, 100.000000
15, 12, 19, 100.000000
15, 12, 20, 100.000000
15, 12, 21, 100.000000
15, 12, 22, 100.000000
15, 12, 23, 100.000000
15, 12, 24, 100.000000
15, 12, 25, 100.000000
15, 12, 26, 100.000000
15, 12, 27, 100.000000
15, 12, 28, 100.000000
15, 12, 29, 100.000000
15, 12, 30, 100.000000
15, 12, 31, 100.000000
15, 12, 32, 100.000000
15, 12, 33, 100.000000
15, 12, 34, 100.000000
15, 13, 0, 0.412768
15, 13, 1, -0.170244
15, 13, 2, -0.483601
15, 13, 3, -0.469152
15, 13, 4, -0.444139
15, 13, 5, -0.435487
15, 13, 6, -0.463980
15, 13, 7, -0.466888
15, 13, 8, -0.452691
15, 13, 9, -0.411766
15, 13, 10, -0.143625
15, 13, 11, 0.278711
15, 13, 12, 0.819569
15, 13, 13, 1.489366
15, 13, 14, 2.309735
15, 13, 15, 100.000000
15, 13, 16, 100.000000
15, 13, 17, 100.000000
15, 13, 18, 100.000000
15, 13, 19, 100.000000
15, 13, 20, 100.000000
15, 13, 21, 100.000000
15, 13, 22, 100.000000
15, 13, 23, 100.000000
15, 13, 24, 100.000000
15, 13, 25, 100.000000
15, 13, 26, 100.000000
15, 13, 27, 100.000000
15, 13, 28, 100.000000
15, 13, 29, 100.000000
15, 13, 30, 100.000000
15, 13, 31, 100.000000
15, 13, 32, 100.000000
15, 13, 33, 100.000000
15, 13, 34, 100.000000
15, 14, 0, 0.409070
15, 14, 1, -0.170051
15, 14, 2, -0.467011
15, 14, 3, -0.466619
15, 14, 4, -0.461161
15, 14, 5, -0.475524
15, 14, 6, -0.473682
15, 14, 7, -0.465230
15, 14, 8, -0.455904
15, 14, 9, -0.416379
15, 14, 10, -0.182143
15, 14, 11, 0.243601
15, 14, 12, 0.782522
15, 14, 13, 1.418075
15, 14, 14, 2.015568
15, 14, 15, 100.000000
15, 14, 16, 100.000000
15, 14, 17, 100.000000
15, 14, 18, 100.000000
15, 14, 19, 100.000000
15, 14, 20, 100.000000
15, 14, 21, 100.000000
15, 14, 22, 100.000000
15, 14, 23, 100.000000
15, 14, 24, 100.000000
15, 14, 25, 100.000000
15, 14, 26, 100.000000
15, 14, 27, 100.000000
15, 14, 28, 100.000000
15, 14, 29, 100.000000
15, 14, 30, 100.000000
15, 14, 31, 100.000000
15, 14, 32, 100.000000
15, 14, 33, 100.000000
15, 14, 34, 100.000000
15, 15, 0, 0.426483
15, 15, 1, -0.165945
15, 15, 2, -0.476461
15, 15, 3, -0.479118
15, 15, 4, -0.474859
15, 15, 5, -0.484023
15, 15, 6, -0.472552
15, 15, 7, -0.451461
15, 15, 8, -0.453525
15, 15, 9, -0.399910
15, 15, 10, -0.209269
15, 15, 11, 0.198724
15, 15, 12, 0.738289
15, 15, 13, 1.320380
15, 15, 14, 1.798448
15, 15, 15, 100.000000
15, 15, 16, 100.000000
15, 15, 17, 100.000000
15, 15, 18, 100.000000
15, 15, 19, 100.000000
15, 15, 20, 100.000000
15, 15, 21, 100.000000
15, 15, 22, 100.000000
15, 15, 23, 100.000000
15, 15, 24, 100.000000
15, 15, 25, 100.000000
15, 15, 26, 100.000000
15, 15, 27, 100.000000
15, 15, 28, 100.000000
15, 15, 29, 100.000000
15, 15, 30, 100.000000
15, 15, 31, 100.000000
15, 15, 32, 100.000000
15, 15, 33, 100.000000
15, 15, 34, 100.000000
15, 16, 0, 0.424183
15, 16, 1, -0.174710
15, 16, 2, -0.463358
15, 16, 3, -0.475080
15, 16, 4, -0.474126
15, 16, 5, -0.485421
15, 16, 6, -0.475334
15, 16, 7, -0.463013
15, 16, 8, -0.428995
15, 16, 9, -0.355558
15, 16, 10, -0.196627
15, 16, 11, 0.171912
15, 16, 12, 0.726761
15, 16, 13, 1.273202
15, 16, 14, 1.875746
15, 16, 15, 100.000000
15, 16, 16, 100.000000
15, 16, 17, 100.000000
15, 16, 18, 100.000000
15, 16, 19, 100.000000
15, 16, 20, 100.000000
15, 16, 21, 100.000000
15, 16, 22, 100.000000
15, 16, 23, 100.000000
15, 16, 24, 100.000000
15, 16, 25, 100.000000
15, 16, 26, 100.000000
15, 16, 27, 100.000000
15, 16, 28, 100.000000
15, 16, 29, 100.000000
15, 16, 30, 100.000000
15, 16, 31, 100.000000
15, 16, 32, 100.000000
15, 16, 33, 100.000000
15, 16, 34, 100.000000
15, 17, 0, 0.409449
15, 17, 1, -0.186448
15, 17, 2, -0.444865
15, 17, 3, -0.464151
15, 17, 4, -0.466138
15, 17, 5, -0.476901
15, 17, 6, -0.468195
15, 17, 7, -0.440494
15, 17, 8, -0.433080
15, 17, 9, -0.359301
15, 17, 10, -0.200398
15, 17, 11, 0.138705
15, 17, 12, 0.687962
15, 17, 13, 1.288833
15, 17, 14, 2.070601
15, 17, 15, 100.000000
15, 17, 16, 100.000000
15, 17, 17, 100.000000
15, 17, 18, 100.000000
15, 17, 19, 100.000000
15, 17, 20, 100.000000
15, 17, 21, 100.000000
15, 17, 22, 100.000000
15, 17, 23, 100.000000
15, 17, 24, 100.000000
15, 17, 25, 100.000000
15, 17, 26, 100.000000
15, 17, 27, 100.000000
15, 17, 28, 100.000000
15, 17, 29, 100.000000
15, 17, 30, 100.000000
15, 17, 31, 100.000000
15, 17, 32, 100.000000
15, 17, 33, 100.000000
15, 17, 34, 100.000000
15, 18, 0, 0.403629
15, 18, 1, -0.177722
15, 18, 2, -0.440327
15, 18, 3, -0.430339
15, 18, 4, -0.467870
15, 18, 5, -0.464037
15, 18, 6, -0.470173
15, 18, 7, -0.456192
15, 18, 8, -0.457094
15, 18, 9, -0.391855
15, 18, 10, -0.209066
15, 18, 11, 0.135725
15, 18, 12, 0.650600
15, 18, 13, 1.275026
15, 18, 14, 1.994321
15, 18, 15, 100.000000
15, 18, 16, 100.000000
15, 18, 17, 100.000000
15, 18, 18, 100.000000
15, 18, 19, 100.000000
15, 18, 20, 100.000000
15, 18, 21, 100.000000
15, 18, 22, 100.000000
15, 18, 23, 100.000000
15, 18, 24, 100.000000
15, 18, 25, 100.000000
15, 18, 26, 100.000000
15, 18, 27, 100.000000
15, 18, 28, 100.000000
15, 18, 29, 100.000000
15, 18, 30, 100.000000
15, 18, 31, 100.000000
15, 18, 32, 100.000000
15, 18, 33, 100.000000
15, 18, 34, 100.000000
15, 19, 0, 0.403088
15, 19, 1, -0.160743
15, 19, 2, -0.449045
15, 19, 3, -0.388223
15, 19, 4, -0.472304
15, 19, 5, -0.474852
15, 19, 6, -0.488728
15, 19, 7, -0.477769
15, 19, 8, -0.463328
15, 19, 9, -0.418927
15, 19, 10, -0.215858
15, 19, 11, 0.162045
15, 19, 12, 0.675688
15, 19, 13, 1.264860
15, 19, 14, 1.937625
15, 19, 15, 100.000000
15, 19, 16, 100.000000
15, 19, 17, 100.000000
15, 19, 18, 100.000000
15, 19, 19, 100.000000
15, 19, 20, 100.000000
15, 19, 21, 100.000000
15, 19, 22, 100.000000
15, 19, 23, 100.000000
15, 19, 24, 100.000000
15, 19, 25, 100.000000
15, 19, 26, 100.000000
15, 19, 27, 100.000000
15, 19, 28, 100.000000
15, 19, 29, 100.000000
15, 19, 30, 100.000000
15, 19, 31, 100.000000
15, 19, 32, 100.000000
15, 19, 33, 100.000000
15, 19, 34, 100.000000
15, 20, 0, 0.411070
15, 20, 1, -0.159346
15, 20, 2, -0.443258
15, 20, 3, -0.366986
15, 20, 4, -0.466951
15, 20, 5, -0.470769
15, 20, 6, -0.466505
15, 20, 7, -0.468023
15, 20, 8, -0.464051
15, 20, 9, -0.436865
15, 20, 10, -0.230452
15, 20, 11, 0.190868
15, 20, 12, 0.685393
15, 20, 13, 1.218850
15, 20, 14, 1.917969
15, 20, 15, 100.000000
15, 20, 16, 100.000000
15, 20, 17, 100.000000
15, 20, 18, 100.000000
15, 20, 19, 100.000000
15, 20, 20, 100.000000
15, 20, 21, 100.000000
15, 20, 22, 100.000000
15, 20, 23, 100.000000
15, 20, 24, 100.000000
15, 20, 25, 100.000000
15, 20, 26, 100.000000
15, 20, 27, 100.000000
15, 20, 28, 100.000000
15, 20, 29, 100.000000
15, 20, 30, 100.000000
15, 20, 31, 100.000000
15, 20, 32, 100.000000
15, 20, 33, 100.000000
15, 20, 34, 100.000000
15, 21, 0, 0.419773
15, 21, 1, -0.158189
15, 21, 2, -0.430421
15, 21, 3, -0.373169
15, 21, 4, -0.464877
15, 21, 5, -0.459055
15, 21, 6, -0.455032
15, 21, 7, -0.461230
15, 21, 8, -0.420855
15, 21, 9, -0.400176
15, 21, 10, -0.224900
15, 21, 11, 0.159340
15, 21, 12, 0.602244
15, 21, 13, 1.103490
15, 21, 14, 1.766145
15, 21, 15, 100.000000
15, 21, 16, 100.000000
15, 21, 17, 100.000000
15, 21, 18, 100.000000
15, 21, 19, 100.000000
15, 21, 20, 100.000000
15, 21, 21, 100.000000
15, 21, 22, 100.000000
15, 21, 23, 100.000000
15, 21, 24, 100.000000
15, 21, 25, 100.000000
15, 21, 26, 100.000000
15, 21, 27, 100.000000
15, 21, 28, 100.000000
15, 21, 29, 100.000000
15, 21, 30, 100.000000
15, 21, 31, 100.000000
15, 21, 32, 100.000000
15, 21, 33, 100.000000
15, 21, 34, 100.000000
15, 22, 0, 0.411658
15, 22, 1, -0.168163
15, 22, 2, -0.430671
15, 22, 3, -0.412829
15, 22, 4, -0.460719
15, 22, 5, -0.480885
15, 22, 6, -0.441495
15, 22, 7, -0.438529
15, 22, 8, -0.425630
15, 22, 9, -0.370340
15, 22, 10, -0.176306
15, 22, 11, 0.154737
15, 22, 12, 0.537479
15, 22, 13, 1.030097
15, 22, 14, 1.681289
15, 22, 15, 100.000000
15, 22, 16, 100.000000
15, 22, 17, 100.000000
15, 22, 18, 100.000000
15, 22, 19, 100.000000
15, 22, 20, 100.000000
15, 22, 21, 100.000000
15, 22, 22, 100.000000
15, 22, 23, 100.000000
15, 22, 24, 100.000000
15, 22, 25, 100.000000
15, 22, 26, 100.000000
15, 22, 27, 100.000000
15, 22, 28, 100.000000
15, 22, 29, 100.000000
15, 22, 30, 100.000000
15, 22, 31, 100.000000
15, 22, 32, 100.000000
15, 22, 33, 100.000000
15, 22, 34, 100.000000
15, 23, 0, 0.389323
15, 23, 1, -0.163941
15, 23, 2, -0.453415
15, 23, 3, -0.441239
15, 23, 4, -0.462061
15, 23, 5, -0.463498
15, 23, 6, -0.452244
15, 23, 7, -0.419296
15, 23, 8, -0.437094
15, 23, 9, -0.385856
15, 23, 10, -0.139770
15, 23, 11, 0.197594
15, 23, 12, 0.605369
15, 23, 13, 1.130247
15, 23, 14, 1.739105
15, 23, 15, 100.000000
15, 23, 16, 100.000000
15, 23, 17, 100.000000
15, 23, 18, 100.000000
15, 23, 19, 100.000000
15, 23, 20, 100.000000
15, 23, 21, 100.000000
15, 23, 22, 100.000000
15, 23, 23, 100.000000
15, 23, 24, 100.000000
15, 23, 25, 100.000000
15, 23, 26, 100.000000
15, 23, 27, 100.000000
15, 23, 28, 100.000000
15, 23, 29, 100.000000
15, 23, 30, 100.000000
15, 23, 31, 100.000000
15, 23, 32, 100.000000
15, 23, 33, 100.000000
15, 23, 34, 100.000000
15, 24, 0, 0.397439
15, 24, 1, -0.147369
15, 24, 2, -0.447179
15, 24, 3, -0.465383
15, 24, 4, -0.482560
15, 24, 5, -0.453767
15, 24, 6, -0.455923
15, 24, 7, -0.433299
15, 24, 8, -0.432077
15, 24, 9, -0.420321
15, 24, 10, -0.155719
15, 24, 11, 0.212102
15, 24, 12, 0.679533
15, 24, 13, 1.278373
15, 24, 14, 2.107772
15, 24, 15, 100.000000
15, 24, 16, 100.000000
15, 24, 17, 100.000000
15, 24, 18, 100.000000
15, 24, 19, 100.000000
15, 24, 20, 100.000000
15, 24, 21, 100.000000
15, 24, 22, 100.000000
15, 24, 23, 100.000000
15, 24, 24, 100.000000
15, 24, 25, 100.000000
15, 24, 26, 100.000000
15, 24, 27, 100.000000
15, 24, 28, 100.000000
15, 24, 29, 100.000000
15, 24, 30, 100.000000
15, 24, 31, 100.000000
15, 24, 32, 100.000000
15, 24, 33, 100.000000
15, 24, 34, 100.000000
15, 25, 0, 0.394818
15, 25, 1, -0.164130
15, 25, 2, -0.467351
15, 25, 3, -0.462867
15, 25, 4, -0.456432
15, 25, 5, -0.474474
15, 25, 6, -0.469192
15, 25, 7, -0.433628
15, 25, 8, -0.421907
15, 25, 9, -0.430917
15, 25, 10, -0.169792
15, 25, 11, 0.208574
15, 25, 12, 0.694365
15, 25, 13, 1.279189
15, 25, 14, 2.029241
15, 25, 15, 100.000000
15, 25, 16, 100.000000
15, 25, 17, 100.000000
15, 25, 18, 100.000000
15, 25, 19, 100.000000
15, 25, 20, 100.000000
15, 25, 21, 100.000000
15, 25, 22, 100.000000
15, 25, 23, 100.000000
15, 25, 24, 100.000000
15, 25, 25, 100.000000
15, 25, 26, 100.000000
15, 25, 27, 100.000000
15, 25, 28, 100.000000
15, 25, 29, 100.000000
15, 25, 30, 100.000000
15, 25, 31, 100.000000
15, 25, 32, 100.000000
15, 25, 33, 100.000000
15, 25, 34, 100.000000
15, 26, 0, 0.369765
15, 26, 1, -0.194682
15, 26, 2, -0.443864
15, 26, 3, -0.449016
15, 26, 4, -0.458074
15, 26, 5, -0.459751
15, 26, 6, -0.469101
15, 26, 7, -0.434524
15, 26, 8, -0.442704
15, 26, 9, -0.438791
15, 26, 10, -0.177684
15, 26, 11, 0.202782
15, 26, 12, 0.680263
15, 26, 13, 1.194418
15, 26, 14, 1.821621
15, 26, 15, 100.000000
15, 26, 16, 100.000000
15, 26, 17, 100.000000
15, 26, 18, 100.000000
15, 26, 19, 100.000000
15, 26, 20, 100.000000
15, 26, 21, 100.000000
15, 26, 22, 100.000000
15, 26, 23, 100.000000
15, 26, 24, 100.000000
15, 26, 25, 100.000000
15, 26, 26, 100.000000
15, 26, 27, 100.000000
15, 26, 28, 100.000000
15, 26, 29, 100.000000
15, 26, 30, 100.000000
15, 26, 31, 100.000000
15, 26, 32, 100.000000
15, 26, 33, 100.000000
15, 26, 34, 100.000000
15, 27, 0, 0.360598
15, 27, 1, -0.189521
15, 27, 2, -0.492464
15, 27, 3, -0.432420
15, 27, 4, -0.444671
15, 27, 5, -0.432647
15, 27, 6, -0.452428
15, 27, 7, -0.470168
15, 27, 8, -0.453957
15, 27, 9, -0.355289
15, 27, 10, -0.148258
15, 27, 11, 0.206705
15, 27, 12, 0.675106
15, 27, 13, 1.190489
15, 27, 14, 1.735962
15, 27, 15, 100.000000
15, 27, 16, 100.000000
15, 27, 17, 100.000000
15, 27, 18, 100.000000
15, 27, 19, 100.000000
15, 27, 20, 100.000000
15, 27, 21, 100.000000
15, 27, 22, 100.000000
15, 27, 23, 100.000000
15, 27, 24, 100.000000
15, 27, 25, 100.000000
15, 27, 26, 100.000000
15, 27, 27, 100.000000
15, 27, 28, 100.000000
15, 27, 29, 100.000000
15, 27, 30, 100.000000
15, 27, 31, 100.000000
15, 27, 32, 100.000000
15, 27, 33, 100.000000
15, 27, 34, 100.000000
15, 28, 0, 0.392236
15, 28, 1, -0.082897
15, 28, 2, -0.331003
15, 28, 3, -0.439303
15, 28, 4, -0.467679
15, 28, 5, -0.446540
15, 28, 6, -0.454055
15, 28, 7, -0.434807
15, 28, 8, -0.369188
15, 28, 9, -0.280811
15, 28, 10, -0.108307
15, 28, 11, 0.228530
15, 28, 12, 0.714387
15, 28, 13, 1.313407
15, 28, 14, 2.146033
15, 28, 15, 100.000000
15, 28, 16, 100.000000
15, 28, 17, 100.000000
15, 28, 18, 100.000000
15, 28, 19, 100.000000
15, 28, 20, 100.000000
15, 28, 21, 100.000000
15, 28, 22, 100.000000
15, 28, 23, 100.000000
15, 28, 24, 100.000000
15, 28, 25, 100.000000
15, 28, 26, 100.000000
15, 28, 27, 100.000000
15, 28, 28, 100.000000
15, 28, 29, 100.000000
15, 28, 30, 100.000000
15, 28, 31, 100.000000
15, 28, 32, 100.000000
15, 28, 33, 100.000000
15, 28, 34, 100.000000
15, 29, 0, 0.426920
15, 29, 1, 0.094652
15, 29, 2, -0.036936
15, 29, 3, -0.099445
15, 29, 4, -0.132229
15, 29, 5, -0.121681
15, 29, 6, -0.097548
15, 29, 7, -0.080625
15, 29, 8, -0.064674
15, 29, 9, -0.027602
15, 29, 10, 0.082377
15, 29, 11, 0.377507
15, 29, 12, 0.840614
15, 29, 13, 1.452363
15, 29, 14, 2.384877
15, 29, 15, 100.000000
15, 29, 16, 100.000000
15, 29, 17, 100.000000
15, 29, 18, 100.000000
15, 29, 19, 100.000000
15, 29, 20, 100.000000
15, 29, 21, 100.000000
15, 29, 22, 100.000000
15, 29, 23, 100.000000
15, 29, 24, 100.000000
15, 29, 25, 100.000000
15, 29, 26, 100.000000
15, 29, 27, 100.000000
15, 29, 28, 100.000000
15, 29, 29, 100.000000
15, 29, 30, 100.000000
15, 29, 31, 100.000000
15, 29, 32, 100.000000
15, 29, 33, 100.000000
15, 29, 34, 100.000000
16, 0, 0, 0.701395
16, 0, 1, 0.465625
16, 0, 2, 0.420989
16, 0, 3, 0.433071
16, 0, 4, 0.441892
16, 0, 5, 0.423931
16, 0, 6, 0.415599
16, 0, 7, 0.427552
16, 0, 8, 0.449838
16, 0, 9, 0.456303
16, 0, 10, 0.516990
16, 0, 11, 0.764667
16, 0, 12, 1.233611
16, 0, 13, 1.730243
16, 0, 14, 100.000000
16, 0, 15, 100.000000
16, 0, 16, 100.000000
16, 0, 17, 100.000000
16, 0, 18, 100.000000
16, 0, 19, 100.000000
16, 0, 20, 100.000000
16, 0, 21, 100.000000
16, 0, 22, 100.000000
16, 0, 23, 100.000000
16, 0, 24, 100.000000
16, 0, 25, 100.000000
16, 0, 26, 100.000000
16, 0, 27, 100.000000
16, 0, 28, 100.000000
16, 0, 29, 100.000000
16, 0, 30, 100.000000
16, 0, 31, 100.000000
16, 0, 32, 100.000000
16, 0, 33, 100.000000
16, 0, 34, 100.000000
16, 1, 0, 0.468384
16, 1, 1, 0.033697
16, 1, 2, -0.089963
16, 1, 3, -0.103305
16, 1, 4, -0.113754
16, 1, 5, -0.123009
16, 1, 6, -0.129469
16, 1, 7, -0.108947
16, 1, 8, -0.071803
16, 1, 9, -0.035121
16, 1, 10, 0.095946
16, 1, 11, 0.455414
16, 1, 12, 0.979615
16, 1, 13, 1.561970
16, 1, 14, 2.440629
16, 1, 15, 100.000000
16, 1, 16, 100.000000
16, 1, 17, 100.000000
16, 1, 18, 100.000000
16, 1, 19, 100.000000
16, 1, 20, 100.000000
16, 1, 21, 100.000000
16, 1, 22, 100.000000
16, 1, 23, 100.000000
16, 1, 24, 100.000000
16, 1, 25, 100.000000
16, 1, 26, 100.000000
16, 1, 27, 100.000000
16, 1, 28, 100.000000
16, 1, 29, 100.000000
16, 1, 30, 100.000000
16, 1, 31, 100.000000
16, 1, 32, 100.000000
16, 1, 33, 100.000000
16, 1, 34, 100.000000
16, 2, 0, 0.406906
16, 2, 1, -0.128988
16, 2, 2, -0.366572
16, 2, 3, -0.387255
16, 2, 4, -0.435215
16, 2, 5, -0.459008
16, 2, 6, -0.444609
16, 2, 7, -0.424238
16, 2, 8, -0.362220
16, 2, 9, -0.260144
16, 2, 10, -0.031570
16, 2, 11, 0.355364
16, 2, 12, 0.843522
16, 2, 13, 1.438335
16, 2, 14, 2.332412
16, 2, 15, 100.000000
16, 2, 16, 100.000000
16, 2, 17, 100.000000
16, 2, 18, 100.000000
16, 2, 19, 100.000000
16, 2, 20, 100.000000
16, 2, 21, 100.000000
16, 2, 22, 100.000000
16, 2, 23, 100.000000
16, 2, 24, 100.000000
16, 2, 25, 100.000000
16, 2, 26, 100.000000
16, 2, 27, 100.000000
16, 2, 28, 100.000000
16, 2, 29, 100.000000
16, 2, 30, 100.000000
16, 2, 31, 100.000000
16, 2, 32, 100.000000
16, 2, 33, 100.000000
16, 2, 34, 100.000000
16, 3, 0, 0.426720
16, 3, 1, -0.126420
16, 3, 2, -0.470969
16, 3, 3, -0.407862
16, 3, 4, -0.428852
16, 3, 5, -0.472427
16, 3, 6, -0.460585
16, 3, 7, -0.459874
16, 3, 8, -0.408251
16, 3, 9, -0.291913
16, 3, 10, -0.047583
16, 3, 11, 0.335055
16, 3, 12, 0.795899
16, 3, 13, 1.393625
16, 3, 14, 2.180292
16, 3, 15, 100.000000
16, 3, 16, 100.000000
16, 3, 17, 100.000000
16, 3, 18, 100.000000
16, 3, 19, 100.000000
16, 3, 20, 100.000000
16, 3, 21, 100.000000
16, 3, 22, 100.000000
16, 3, 23, 100.000000
16, 3, 24, 100.000000
16, 3, 25, 100.000000
16, 3, 26, 100.000000
16, 3, 27, 100.000000
16, 3, 28, 100.000000
16, 3, 29, 100.000000
16, 3, 30, 100.000000
16, 3, 31, 100.000000
16, 3, 32, 100.000000
16, 3, 33, 100.000000
16, 3, 34, 100.000000
16, 4, 0, 0.432564
16, 4, 1, -0.133375
16, 4, 2, -0.433095
16, 4, 3, -0.391292
16, 4, 4, -0.438521
16, 4, 5, -0.461176
16, 4, 6, -0.473401
16, 4, 7, -0.473546
16, 4, 8, -0.429862
16, 4, 9, -0.319176
16, 4, 10, -0.056847
16, 4, 11, 0.356707
16, 4, 12, 0.846650
16, 4, 13, 1.449214
16, 4, 14, 2.347503
16, 4, 15, 100.000000
16, 4, 16, 100.000000
16, 4, 17, 100.000000
16, 4, 18, 100.000000
16, 4, 19, 100.000000
16, 4, 20, 100.000000
16, 4, 21, 100.000000
16, 4, 22, 100.000000
16, 4, 23, 100.000000
16, 4, 24, 100.000000
16, 4, 25, 100.000000
16, 4, 26, 100.000000
16, 4, 27, 100.000000
16, 4, 28, 100.000000
16, 4, 29, 100.000000
16, 4, 30, 100.000000
16, 4, 31, 100.000000
16, 4, 32, 100.000000
16, 4, 33, 100.000000
16, 4, 34, 100.000000
16, 5, 0, 0.408623
16, 5, 1, -0.180613
16, 5, 2, -0.438438
16, 5, 3, -0.415534
16, 5, 4, -0.493714
16, 5, 5, -0.459043
16, 5, 6, -0.471954
16, 5, 7, -0.468383
16, 5, 8, -0.453491
16, 5, 9, -0.343974
16, 5, 10, -0.068894
16, 5, 11, 0.374349
16, 5, 12, 0.887743
16, 5, 13, 1.510822
16, 5, 14, 100.000000
16, 5, 15, 100.000000
16, 5, 16, 100.000000
16, 5, 17, 100.000000
16, 5, 18, 100.000000
16, 5, 19, 100.000000
16, 5, 20, 100.000000
16, 5, 21, 100.000000
16, 5, 22, 100.000000
16, 5, 23, 100.000000
16, 5, 24, 100.000000
16, 5, 25, 100.000000
16, 5, 26, 100.000000
16, 5, 27, 100.000000
16, 5, 28, 100.000000
16, 5, 29, 100.000000
16, 5, 30, 100.000000
16, 5, 31, 100.000000
16, 5, 32, 100.000000
16, 5, 33, 100.000000
16, 5, 34, 100.000000
16, 6, 0, 0.393460
16, 6, 1, -0.192326
16, 6, 2, -0.460726
16, 6, 3, -0.452238
16, 6, 4, -0.465899
16, 6, 5, -0.472316
16, 6, 6, -0.481584
16, 6, 7, -0.459682
16, 6, 8, -0.444780
16, 6, 9, -0.353674
16, 6, 10, -0.087791
16, 6, 11, 0.345994
16, 6, 12, 0.896072
16, 6, 13, 1.494354
16, 6, 14, 2.411624
16, 6, 15, 100.000000
16, 6, 16, 100.000000
16, 6, 17, 100.000000
16, 6, 18, 100.000000
16, 6, 19, 100.000000
16, 6, 20, 100.000000
16, 6, 21, 100.000000
16, 6, 22, 100.000000
16, 6, 23, 100.000000
16, 6, 24, 100.000000
16, 6, 25, 100.000000
16, 6, 26, 100.000000
16, 6, 27, 100.000000
16, 6, 28, 100.000000
16, 6, 29, 100.000000
16, 6, 30, 100.000000
16, 6, 31, 100.000000
16, 6, 32, 100.000000
16, 6, 33, 100.000000
16, 6, 34, 100.000000
16, 7, 0, 0.400805
16, 7, 1, -0.180127
16, 7, 2, -0.444298
16, 7, 3, -0.443850
16, 7, 4, -0.468853
16, 7, 5, -0.449421
16, 7, 6, -0.471979
16, 7, 7, -0.457075
16, 7, 8, -0.461477
16, 7, 9, -0.359872
16, 7, 10, -0.097311
16, 7, 11, 0.337214
16, 7, 12, 0.899587
16, 7, 13, 1.470145
16, 7, 14, 2.408452
16, 7, 15, 100.000000
16, 7, 16, 100.000000
16, 7, 17, 100.000000
16, 7, 18, 100.000000
16, 7, 19, 100.000000
16, 7, 20, 100.000000
16, 7, 21, 100.000000
16, 7, 22, 100.000000
16, 7, 23, 100.000000
16, 7, 24, 100.000000
16, 7, 25, 100.000000
16, 7, 26, 100.000000
16, 7, 27, 100.000000
16, 7, 28, 100.000000
16, 7, 29, 100.000000
16, 7, 30, 100.000000
16, 7, 31, 100.000000
16, 7, 32, 100.000000
16, 7, 33, 100.000000
16, 7, 34, 100.000000
16, 8, 0, 0.404098
16, 8, 1, -0.187554
16, 8, 2, -0.435721
16, 8, 3, -0.418655
16, 8, 4, -0.457617
16, 8, 5, -0.458331
16, 8, 6, -0.474389
16, 8, 7, -0.459552
16, 8, 8, -0.483484
16, 8, 9, -0.356682
16, 8, 10, -0.068897
16, 8, 11, 0.364456
16, 8, 12, 0.937980
16, 8, 13, 1.561111
16, 8, 14, 100.000000
16, 8, 15, 100.000000
16, 8, 16, 100.000000
16, 8, 17, 100.000000
16, 8, 18, 100.000000
16, 8, 19, 100.000000
16, 8, 20, 100.000000
16, 8, 21, 100.000000
16, 8, 22, 100.000000
16, 8, 23, 100.000000
16, 8, 24, 100.000000
16, 8, 25, 100.000000
16, 8, 26, 100.000000
16, 8, 27, 100.000000
16, 8, 28, 100.000000
16, 8, 29, 100.000000
16, 8, 30, 100.000000
16, 8, 31, 100.000000
16, 8, 32, 100.000000
16, 8, 33, 100.000000
16, 8, 34, 100.000000
16, 9, 0, 0.404690
16, 9, 1, -0.184512
16, 9, 2, -0.436408
16, 9, 3, -0.413706
16, 9, 4, -0.445344
16, 9, 5, -0.441847
16, 9, 6, -0.444239
16, 9, 7, -0.463908
16, 9, 8, -0.467629
16, 9, 9, -0.360499
16, 9, 10, -0.065640
16, 9, 11, 0.383438
16, 9, 12, 0.964762
16, 9, 13, 1.581564
16, 9, 14, 100.000000
16, 9, 15, 100.000000
16, 9, 16, 100.000000
16, 9, 17, 100.000000
16, 9, 18, 100.000000
16, 9, 19, 100.000000
16, 9, 20, 100.000000
16, 9, 21, 100.000000
16, 9, 22, 100.000000
16, 9, 23, 100.000000
16, 9, 24, 100.000000
16, 9, 25, 100.000000
16, 9, 26, 100.000000
16, 9, 27, 100.000000
16, 9, 28, 100.000000
16, 9, 29, 100.000000
16, 9, 30, 100.000000
16, 9, 31, 100.000000
16, 9, 32, 100.000000
16, 9, 33, 100.000000
16, 9, 34, 100.000000
16, 10, 0, 0.409485
16, 10, 1, -0.154595
16, 10, 2, -0.462763
16, 10, 3, -0.432822
16, 10, 4, -0.439078
16, 10, 5, -0.435881
16, 10, 6, -0.462935
16, 10, 7, -0.471682
16, 10, 8, -0.471211
16, 10, 9, -0.377934
16, 10, 10, -0.083409
16, 10, 11, 0.342334
16, 10, 12, 0.889601
16, 10, 13, 1.416488
16, 10, 14, 2.031821
16, 10, 15, 100.000000
16, 10, 16, 100.000000
16, 10, 17, 100.000000
16, 10, 18, 100.000000
16, 10, 19, 100.000000
16, 10, 20, 100.000000
16, 10, 21, 100.000000
16, 10, 22, 100.000000
16, 10, 23, 100.000000
16, 10, 24, 100.000000
16, 10, 25, 100.000000
16, 10, 26, 100.000000
16, 10, 27, 100.000000
16, 10, 28, 100.000000
16, 10, 29, 100.000000
16, 10, 30, 100.000000
16, 10, 31, 100.000000
16, 10, 32, 100.000000
16, 10, 33, 100.000000
16, 10, 34, 100.000000
16, 11, 0, 0.416043
16, 11, 1, -0.138300
16, 11, 2, -0.451507
16, 11, 3, -0.450222
16, 11, 4, -0.456025
16, 11, 5, -0.453819
16, 11, 6, -0.455961
16, 11, 7, -0.478948
16, 11, 8, -0.479980
16, 11, 9, -0.381602
16, 11, 10, -0.117340
16, 11, 11, 0.282731
16, 11, 12, 0.778123
16, 11, 13, 1.347253
16, 11, 14, 1.887042
16, 11, 15, 100.000000
16, 11, 16, 100.000000
16, 11, 17, 100.000000
16, 11, 18, 100.000000
16, 11, 19, 100.000000
16, 11, 20, 100.000000
16, 11, 21, 100.000000
16, 11, 22, 100.000000
16, 11, 23, 100.000000
16, 11, 24, 100.000000
16, 11, 25, 100.000000
16, 11, 26, 100.000000
16, 11, 27, 100.000000
16, 11, 28, 100.000000
16, 11, 29, 100.000000
16, 11, 30, 100.000000
16, 11, 31, 100.000000
16, 11, 32, 100.000000
16, 11, 33, 100.000000
16, 11, 34, 100.000000
16, 12, 0, 0.419458
16, 12, 1, -0.143371
16, 12, 2, -0.459417
16, 12, 3, -0.471992
16, 12, 4, -0.463296
16, 12, 5, -0.470579
16, 12, 6, -0.462272
16, 12, 7, -0.483972
16, 12, 8, -0.474238
16, 12, 9, -0.394623
16, 12, 10, -0.133155
16, 12, 11, 0.251761
16, 12, 12, 0.760809
16, 12, 13, 1.449332
16, 12, 14, 2.133507
16, 12, 15, 100.000000
16, 12, 16, 100.000000
16, 12, 17, 100.000000
16, 12, 18, 100.000000
16, 12, 19, 100.000000
16, 12, 20, 100.000000
16, 12, 21, 100.000000
16, 12, 22, 100.000000
16, 12, 23, 100.000000
16, 12, 24, 100.000000
16, 12, 25, 100.000000
16, 12, 26, 100.000000
16, 12, 27, 100.000000
16, 12, 28, 100.000000
16, 12, 29, 100.000000
16, 12, 30, 100.000000
16, 12, 31, 100.000000
16, 12, 32, 100.000000
16, 12, 33, 100.000000
16, 12, 34, 100.000000
16, 13, 0, 0.406730
16, 13, 1, -0.171602
16, 13, 2, -0.477856
16, 13, 3, -0.475219
16, 13, 4, -0.465791
16, 13, 5, -0.453097
16, 13, 6, -0.479577
16, 13, 7, -0.479664
16, 13, 8, -0.470957
16, 13, 9, -0.406868
16, 13, 10, -0.134680
16, 13, 11, 0.269463
16, 13, 12, 0.806944
16, 13, 13, 1.591785
16, 13, 14, 100.000000
16, 13, 15, 100.000000
16, 13, 16, 100.000000
16, 13, 17, 100.000000
16, 13, 18, 100.000000
16, 13, 19, 100.000000
16, 13, 20, 100.000000
16, 13, 21, 100.000000
16, 13, 22, 100.000000
16, 13, 23, 100.000000
16, 13, 24, 100.000000
16, 13, 25, 100.000000
16, 13, 26, 100.000000
16, 13, 27, 100.000000
16, 13, 28, 100.000000
16, 13, 29, 100.000000
16, 13, 30, 100.000000
16, 13, 31, 100.000000
16, 13, 32, 100.000000
16, 13, 33, 100.000000
16, 13, 34, 100.000000
16, 14, 0, 0.388900
16, 14, 1, -0.187788
16, 14, 2, -0.476253
16, 14, 3, -0.481370
16, 14, 4, -0.462204
16, 14, 5, -0.437453
16, 14, 6, -0.465219
16, 14, 7, -0.472214
16, 14, 8, -0.463758
16, 14, 9, -0.399598
16, 14, 10, -0.156884
16, 14, 11, 0.273838
16, 14, 12, 0.808113
16, 14, 13, 1.495812
16, 14, 14, 2.263367
16, 14, 15, 100.000000
16, 14, 16, 100.000000
16, 14, 17, 100.000000
16, 14, 18, 100.000000
16, 14, 19, 100.000000
16, 14, 20, 100.000000
16, 14, 21, 100.000000
16, 14, 22, 100.000000
16, 14, 23, 100.000000
16, 14, 24, 100.000000
16, 14, 25, 100.000000
16, 14, 26, 100.000000
16, 14, 27, 100.000000
16, 14, 28, 100.000000
16, 14, 29, 100.000000
16, 14, 30, 100.000000
16, 14, 31, 100.000000
16, 14, 32, 100.000000
16, 14, 33, 100.000000
16, 14, 34, 100.000000
16, 15, 0, 0.400343
16, 15, 1, -0.179394
16, 15, 2, -0.465027
16, 15, 3, -0.466025
16, 15, 4, -0.458760
16, 15, 5, -0.439102
16, 15, 6, -0.462365
16, 15, 7, -0.463883
16, 15, 8, -0.448523
16, 15, 9, -0.387902
16, 15, 10, -0.190523
16, 15, 11, 0.229496
16, 15, 12, 0.769078
16, 15, 13, 1.329940
16, 15, 14, 1.977596
16, 15, 15, 100.000000
16, 15, 16, 100.000000
16, 15, 17, 100.000000
16, 15, 18, 100.000000
16, 15, 19, 100.000000
16, 15, 20, 100.000000
16, 15, 21, 100.000000
16, 15, 22, 100.000000
16, 15, 23, 100.000000
16, 15, 24, 100.000000
16, 15, 25, 100.000000
16, 15, 26, 100.000000
16, 15, 27, 100.000000
16, 15, 28, 100.000000
16, 15, 29, 100.000000
16, 15, 30, 100.000000
16, 15, 31, 100.000000
16, 15, 32, 100.000000
16, 15, 33, 100.000000
16, 15, 34, 100.000000
16, 16, 0, 0.420881
16, 16, 1, -0.174915
16, 16, 2, -0.453690
16, 16, 3, -0.468764
16, 16, 4, -0.479475
16, 16, 5, -0.462669
16, 16, 6, -0.463579
16, 16, 7, -0.469764
16, 16, 8, -0.440321
16, 16, 9, -0.380910
16, 16, 10, -0.211202
16, 16, 11, 0.191890
16, 16, 12, 0.734088
16, 16, 13, 1.309516
16, 16, 14, 2.055404
16, 16, 15, 100.000000
16, 16, 16, 100.000000
16, 16, 17, 100.000000
16, 16, 18, 100.000000
16, 16, 19, 100.000000
16, 16, 20, 100.000000
16, 16, 21, 100.000000
16, 16, 22, 100.000000
16, 16, 23, 100.000000
16, 16, 24, 100.000000
16, 16, 25, 100.000000
16, 16, 26, 100.000000
16, 16, 27, 100.000000
16, 16, 28, 100.000000
16, 16, 29, 100.000000
16, 16, 30, 100.000000
16, 16, 31, 100.000000
16, 16, 32, 100.000000
16, 16, 33, 100.000000
16, 16, 34, 100.000000
16, 17, 0, 0.418780
16, 17, 1, -0.168299
16, 17, 2, -0.459934
16, 17, 3, -0.460760
16, 17, 4, -0.483783
16, 17, 5, -0.473856
16, 17, 6, -0.462545
16, 17, 7, -0.452712
16, 17, 8, -0.455418
16, 17, 9, -0.384855
16, 17, 10, -0.203567
16, 17, 11, 0.164897
16, 17, 12, 0.699959
16, 17, 13, 1.274745
16, 17, 14, 2.078105
16, 17, 15, 100.000000
16, 17, 16, 100.000000
16, 17, 17, 100.000000
16, 17, 18, 100.000000
16, 17, 19, 100.000000
16, 17, 20, 100.000000
16, 17, 21, 100.000000
16, 17, 22, 100.000000
16, 17, 23, 100.000000
16, 17, 24, 100.000000
16, 17, 25, 100.000000
16, 17, 26, 100.000000
16, 17, 27, 100.000000
16, 17, 28, 100.000000
16, 17, 29, 100.000000
16, 17, 30, 100.000000
16, 17, 31, 100.000000
16, 17, 32, 100.000000
16, 17, 33, 100.000000
16, 17, 34, 100.000000
16, 18, 0, 0.397991
16, 18, 1, -0.155707
16, 18, 2, -0.470375
16, 18, 3, -0.431275
16, 18, 4, -0.452413
16, 18, 5, -0.454975
16, 18, 6, -0.454661
16, 18, 7, -0.466848
16, 18, 8, -0.484710
16, 18, 9, -0.417118
16, 18, 10, -0.218028
16, 18, 11, 0.151554
16, 18, 12, 0.656472
16, 18, 13, 1.215467
16, 18, 14, 1.834399
16, 18, 15, 100.000000
16, 18, 16, 100.000000
16, 18, 17, 100.000000
16, 18, 18, 100.000000
16, 18, 19, 100.000000
16, 18, 20, 100.000000
16, 18, 21, 100.000000
16, 18, 22, 100.000000
16, 18, 23, 100.000000
16, 18, 24, 100.000000
16, 18, 25, 100.000000
16, 18, 26, 100.000000
16, 18, 27, 100.000000
16, 18, 28, 100.000000
16, 18, 29, 100.000000
16, 18, 30, 100.000000
16, 18, 31, 100.000000
16, 18, 32, 100.000000
16, 18, 33, 100.000000
16, 18, 34, 100.000000
16, 19, 0, 0.388518
16, 19, 1, -0.160820
16, 19, 2, -0.451250
16, 19, 3, -0.395924
16, 19, 4, -0.469105
16, 19, 5, -0.473485
16, 19, 6, -0.489134
16, 19, 7, -0.475204
16, 19, 8, -0.489136
16, 19, 9, -0.442033
16, 19, 10, -0.245779
16, 19, 11, 0.140317
16, 19, 12, 0.667025
16, 19, 13, 1.249030
16, 19, 14, 1.855657
16, 19, 15, 100.000000
16, 19, 16, 100.000000
16, 19, 17, 100.000000
16, 19, 18, 100.000000
16, 19, 19, 100.000000
16, 19, 20, 100.000000
16, 19, 21, 100.000000
16, 19, 22, 100.000000
16, 19, 23, 100.000000
16, 19, 24, 100.000000
16, 19, 25, 100.000000
16, 19, 26, 100.000000
16, 19, 27, 100.000000
16, 19, 28, 100.000000
16, 19, 29, 100.000000
16, 19, 30, 100.000000
16, 19, 31, 100.000000
16, 19, 32, 100.000000
16, 19, 33, 100.000000
16, 19, 34, 100.000000
16, 20, 0, 0.397543
16, 20, 1, -0.160680
16, 20, 2, -0.450109
16, 20, 3, -0.374987
16, 20, 4, -0.456726
16, 20, 5, -0.470796
16, 20, 6, -0.461973
16, 20, 7, -0.467602
16, 20, 8, -0.469256
16, 20, 9, -0.453904
16, 20, 10, -0.267346
16, 20, 11, 0.143351
16, 20, 12, 0.677003
16, 20, 13, 1.264159
16, 20, 14, 1.993866
16, 20, 15, 100.000000
16, 20, 16, 100.000000
16, 20, 17, 100.000000
16, 20, 18, 100.000000
16, 20, 19, 100.000000
16, 20, 20, 100.000000
16, 20, 21, 100.000000
16, 20, 22, 100.000000
16, 20, 23, 100.000000
16, 20, 24, 100.000000
16, 20, 25, 100.000000
16, 20, 26, 100.000000
16, 20, 27, 100.000000
16, 20, 28, 100.000000
16, 20, 29, 100.000000
16, 20, 30, 100.000000
16, 20, 31, 100.000000
16, 20, 32, 100.000000
16, 20, 33, 100.000000
16, 20, 34, 100.000000
16, 21, 0, 0.411998
16, 21, 1, -0.165419
16, 21, 2, -0.450102
16, 21, 3, -0.378330
16, 21, 4, -0.468678
16, 21, 5, -0.461923
16, 21, 6, -0.471267
16, 21, 7, -0.476138
16, 21, 8, -0.445948
16, 21, 9, -0.418727
16, 21, 10, -0.245512
16, 21, 11, 0.133009
16, 21, 12, 0.614005
16, 21, 13, 1.169944
16, 21, 14, 1.812861
16, 21, 15, 100.000000
16, 21, 16, 100.000000
16, 21, 17, 100.000000
16, 21, 18, 100.000000
16, 21, 19, 100.000000
16, 21, 20, 100.000000
16, 21, 21, 100.000000
16, 21, 22, 100.000000
16, 21, 23, 100.000000
16, 21, 24, 100.000000
16, 21, 25, 100.000000
16, 21, 26, 100.000000
16, 21, 27, 100.000000
16, 21, 28, 100.000000
16, 21, 29, 100.000000
16, 21, 30, 100.000000
16, 21, 31, 100.000000
16, 21, 32, 100.000000
16, 21, 33, 100.000000
16, 21, 34, 100.000000
16, 22, 0, 0.411612
16, 22, 1, -0.172287
16, 22, 2, -0.441268
16, 22, 3, -0.403015
16, 22, 4, -0.475567
16, 22, 5, -0.490021
16, 22, 6, -0.462293
16, 22, 7, -0.475036
16, 22, 8, -0.436087
16, 22, 9, -0.389707
16, 22, 10, -0.177044
16, 22, 11, 0.142496
16, 22, 12, 0.556290
16, 22, 13, 1.091238
16, 22, 14, 1.739614
16, 22, 15, 100.000000
16, 22, 16, 100.000000
16, 22, 17, 100.000000
16, 22, 18, 100.000000
16, 22, 19, 100.000000
16, 22, 20, 100.000000
16, 22, 21, 100.000000
16, 22, 22, 100.000000
16, 22, 23, 100.000000
16, 22, 24, 100.000000
16, 22, 25, 100.000000
16, 22, 26, 100.000000
16, 22, 27, 100.000000
16, 22, 28, 100.000000
16, 22, 29, 100.000000
16, 22, 30, 100.000000
16, 22, 31, 100.000000
16, 22, 32, 100.000000
16, 22, 33, 100.000000
16, 22, 34, 100.000000
16, 23, 0, 0.399421
16, 23, 1, -0.157005
16, 23, 2, -0.455580
16, 23, 3, -0.430120
16, 23, 4, -0.462220
16, 23, 5, -0.476064
16, 23, 6, -0.475090
16, 23, 7, -0.433625
16, 23, 8, -0.440249
16, 23, 9, -0.396786
16, 23, 10, -0.137052
16, 23, 11, 0.168678
16, 23, 12, 0.580284
16, 23, 13, 1.165844
16, 23, 14, 1.782831
16, 23, 15, 100.000000
16, 23, 16, 100.000000
16, 23, 17, 100.000000
16, 23, 18, 100.000000
16, 23, 19, 100.000000
16, 23, 20, 100.000000
16, 23, 21, 100.000000
16, 23, 22, 100.000000
16, 23, 23, 100.000000
16, 23, 24, 100.000000
16, 23, 25, 100.000000
16, 23, 26, 100.000000
16, 23, 27, 100.000000
16, 23, 28, 100.000000
16, 23, 29, 100.000000
16, 23, 30, 100.000000
16, 23, 31, 100.000000
16, 23, 32, 100.000000
16, 23, 33, 100.000000
16, 23, 34, 100.000000
16, 24, 0, 0.395993
16, 24, 1, -0.147304
16, 24, 2, -0.458605
16, 24, 3, -0.453997
16, 24, 4, -0.456863
16, 24, 5, -0.447433
16, 24, 6, -0.450816
16, 24, 7, -0.429634
16, 24, 8, -0.437612
16, 24, 9, -0.418862
16, 24, 10, -0.155241
16, 24, 11, 0.178690
16, 24, 12, 0.608342
16, 24, 13, 1.246454
16, 24, 14, 1.948679
16, 24, 15, 100.000000
16, 24, 16, 100.000000
16, 24, 17, 100.000000
16, 24, 18, 100.000000
16, 24, 19, 100.000000
16, 24, 20, 100.000000
16, 24, 21, 100.000000
16, 24, 22, 100.000000
16, 24, 23, 100.000000
16, 24, 24, 100.000000
16, 24, 25, 100.000000
16, 24, 26, 100.000000
16, 24, 27, 100.000000
16, 24, 28, 100.000000
16, 24, 29, 100.000000
16, 24, 30, 100.000000
16, 24, 31, 100.000000
16, 24, 32, 100.000000
16, 24, 33, 100.000000
16, 24, 34, 100.000000
16, 25, 0, 0.397508
16, 25, 1, -0.162185
16, 25, 2, -0.462260
16, 25, 3, -0.455445
16, 25, 4, -0.486114
16, 25, 5, -0.450520
16, 25, 6, -0.456921
16, 25, 7, -0.432920
16, 25, 8, -0.423322
16, 25, 9, -0.420646
16, 25, 10, -0.181313
16, 25, 11, 0.180032
16, 25, 12, 0.631358
16, 25, 13, 1.248519
16, 25, 14, 2.059796
16, 25, 15, 100.000000
16, 25, 16, 100.000000
16, 25, 17, 100.000000
16, 25, 18, 100.000000
16, 25, 19, 100.000000
16, 25, 20, 100.000000
16, 25, 21, 100.000000
16, 25, 22, 100.000000
16, 25, 23, 100.000000
16, 25, 24, 100.000000
16, 25, 25, 100.000000
16, 25, 26, 100.000000
16, 25, 27, 100.000000
16, 25, 28, 100.000000
16, 25, 29, 100.000000
16, 25, 30, 100.000000
16, 25, 31, 100.000000
16, 25, 32, 100.000000
16, 25, 33, 100.000000
16, 25, 34, 100.000000
16, 26, 0, 0.372345
16, 26, 1, -0.188713
16, 26, 2, -0.459726
16, 26, 3, -0.427288
16, 26, 4, -0.463596
16, 26, 5, -0.460768
16, 26, 6, -0.469238
16, 26, 7, -0.449801
16, 26, 8, -0.436891
16, 26, 9, -0.434709
16, 26, 10, -0.192467
16, 26, 11, 0.177631
16, 26, 12, 0.641058
16, 26, 13, 1.221689
16, 26, 14, 1.957324
16, 26, 15, 100.000000
16, 26, 16, 100.000000
16, 26, 17, 100.000000
16, 26, 18, 100.000000
16, 26, 19, 100.000000
16, 26, 20, 100.000000
16, 26, 21, 100.000000
16, 26, 22, 100.000000
16, 26, 23, 100.000000
16, 26, 24, 100.000000
16, 26, 25, 100.000000
16, 26, 26, 100.000000
16, 26, 27, 100.000000
16, 26, 28, 100.000000
16, 26, 29, 100.000000
16, 26, 30, 100.000000
16, 26, 31, 100.000000
16, 26, 32, 100.000000
16, 26, 33, 100.000000
16, 26, 34, 100.000000
16, 27, 0, 0.368024
16, 27, 1, -0.165167
16, 27, 2, -0.463926
16, 27, 3, -0.424159
16, 27, 4, -0.450646
16, 27, 5, -0.456500
16, 27, 6, -0.466765
16, 27, 7, -0.466013
16, 27, 8, -0.458643
16, 27, 9, -0.372265
16, 27, 10, -0.157655
16, 27, 11, 0.185897
16, 27, 12, 0.645078
16, 27, 13, 1.193534
16, 27, 14, 1.793853
16, 27, 15, 100.000000
16, 27, 16, 100.000000
16, 27, 17, 100.000000
16, 27, 18, 100.000000
16, 27, 19, 100.000000
16, 27, 20, 100.000000
16, 27, 21, 100.000000
16, 27, 22, 100.000000
16, 27, 23, 100.000000
16, 27, 24, 100.000000
16, 27, 25, 100.000000
16, 27, 26, 100.000000
16, 27, 27, 100.000000
16, 27, 28, 100.000000
16, 27, 29, 100.000000
16, 27, 30, 100.000000
16, 27, 31, 100.000000
16, 27, 32, 100.000000
16, 27, 33, 100.000000
16, 27, 34, 100.000000
16, 28, 0, 0.404709
16, 28, 1, -0.083379
16, 28, 2, -0.342989
16, 28, 3, -0.419523
16, 28, 4, -0.456950
16, 28, 5, -0.455599
16, 28, 6, -0.457961
16, 28, 7, -0.437401
16, 28, 8, -0.377140
16, 28, 9, -0.271129
16, 28, 10, -0.083856
16, 28, 11, 0.229303
16, 28, 12, 0.698824
16, 28, 13, 1.293351
16, 28, 14, 1.910519
16, 28, 15, 100.000000
16, 28, 16, 100.000000
16, 28, 17, 100.000000
16, 28, 18, 100.000000
16, 28, 19, 100.000000
16, 28, 20, 100.000000
16, 28, 21, 100.000000
16, 28, 22, 100.000000
16, 28, 23, 100.000000
16, 28, 24, 100.000000
16, 28, 25, 100.000000
16, 28, 26, 100.000000
16, 28, 27, 100.000000
16, 28, 28, 100.000000
16, 28, 29, 100.000000
16, 28, 30, 100.000000
16, 28, 31, 100.000000
16, 28, 32, 100.000000
16, 28, 33, 100.000000
16, 28, 34, 100.000000
16, 29, 0, 0.474214
16, 29, 1, 0.087591
16, 29, 2, -0.047037
16, 29, 3, -0.083833
16, 29, 4, -0.124545
16, 29, 5, -0.129350
16, 29, 6, -0.104525
16, 29, 7, -0.075610
16, 29, 8, -0.049702
16, 29, 9, -0.005127
16, 29, 10, 0.108959
16, 29, 11, 0.398520
16, 29, 12, 0.880625
16, 29, 13, 1.475269
16, 29, 14, 2.306623
16, 29, 15, 100.000000
16, 29, 16, 100.000000
16, 29, 17, 100.000000
16, 29, 18, 100.000000
16, 29, 19, 100.000000
16, 29, 20, 100.000000
16, 29, 21, 100.000000
16, 29, 22, 100.000000
16, 29, 23, 100.000000
16, 29, 24, 100.000000
16, 29, 25, 100.000000
16, 29, 26, 100.000000
16, 29, 27, 100.000000
16, 29, 28, 100.000000
16, 29, 29, 100.000000
16, 29, 30, 100.000000
16, 29, 31, 100.000000
16, 29, 32, 100.000000
16, 29, 33, 100.000000
16, 29, 34, 100.000000
17, 0, 0, 0.794636
17, 0, 1, 0.531902
17, 0, 2, 0.426365
17, 0, 3, 0.416196
17, 0, 4, 0.417631
17, 0, 5, 0.409230
17, 0, 6, 0.418348
17, 0, 7, 0.443415
17, 0, 8, 0.457124
17, 0, 9, 0.455046
17, 0, 10, 0.501282
17, 0, 11, 0.734382
17, 0, 12, 1.187741
17, 0, 13, 1.822579
17, 0, 14, 100.000000
17, 0, 15, 100.000000
17, 0, 16, 100.000000
17, 0, 17, 100.000000
17, 0, 18, 100.000000
17, 0, 19, 100.000000
17, 0, 20, 100.000000
17, 0, 21, 100.000000
17, 0, 22, 100.000000
17, 0, 23, 100.000000
17, 0, 24, 100.000000
17, 0, 25, 100.000000
17, 0, 26, 100.000000
17, 0, 27, 100.000000
17, 0, 28, 100.000000
17, 0, 29, 100.000000
17, 0, 30, 100.000000
17, 0, 31, 100.000000
17, 0, 32, 100.000000
17, 0, 33, 100.000000
17, 0, 34, 100.000000
17, 1, 0, 0.509416
17, 1, 1, 0.085231
17, 1, 2, -0.091273
17, 1, 3, -0.125061
17, 1, 4, -0.144225
17, 1, 5, -0.132861
17, 1, 6, -0.120548
17, 1, 7, -0.103564
17, 1, 8, -0.070754
17, 1, 9, -0.039439
17, 1, 10, 0.081920
17, 1, 11, 0.427830
17, 1, 12, 0.927134
17, 1, 13, 1.570377
17, 1, 14, 2.497975
17, 1, 15, 100.000000
17, 1, 16, 100.000000
17, 1, 17, 100.000000
17, 1, 18, 100.000000
17, 1, 19, 100.000000
17, 1, 20, 100.000000
17, 1, 21, 100.000000
17, 1, 22, 100.000000
17, 1, 23, 100.000000
17, 1, 24, 100.000000
17, 1, 25, 100.000000
17, 1, 26, 100.000000
17, 1, 27, 100.000000
17, 1, 28, 100.000000
17, 1, 29, 100.000000
17, 1, 30, 100.000000
17, 1, 31, 100.000000
17, 1, 32, 100.000000
17, 1, 33, 100.000000
17, 1, 34, 100.000000
17, 2, 0, 0.415853
17, 2, 1, -0.109345
17, 2, 2, -0.391819
17, 2, 3, -0.391551
17, 2, 4, -0.447337
17, 2, 5, -0.455973
17, 2, 6, -0.432704
17, 2, 7, -0.429058
17, 2, 8, -0.353408
17, 2, 9, -0.226120
17, 2, 10, 0.004669
17, 2, 11, 0.383933
17, 2, 12, 0.855980
17, 2, 13, 1.424743
17, 2, 14, 2.399397
17, 2, 15, 100.000000
17, 2, 16, 100.000000
17, 2, 17, 100.000000
17, 2, 18, 100.000000
17, 2, 19, 100.000000
17, 2, 20, 100.000000
17, 2, 21, 100.000000
17, 2, 22, 100.000000
17, 2, 23, 100.000000
17, 2, 24, 100.000000
17, 2, 25, 100.000000
17, 2, 26, 100.000000
17, 2, 27, 100.000000
17, 2, 28, 100.000000
17, 2, 29, 100.000000
17, 2, 30, 100.000000
17, 2, 31, 100.000000
17, 2, 32, 100.000000
17, 2, 33, 100.000000
17, 2, 34, 100.000000
17, 3, 0, 0.420400
17, 3, 1, -0.123351
17, 3, 2, -0.442347
17, 3, 3, -0.383847
17, 3, 4, -0.436201
17, 3, 5, -0.463732
17, 3, 6, -0.466138
17, 3, 7, -0.468900
17, 3, 8, -0.392075
17, 3, 9, -0.244727
17, 3, 10, 0.021960
17, 3, 11, 0.390417
17, 3, 12, 0.835181
17, 3, 13, 1.408253
17, 3, 14, 2.209612
17, 3, 15, 100.000000
17, 3, 16, 100.000000
17, 3, 17, 100.000000
17, 3, 18, 100.000000
17, 3, 19, 100.000000
17, 3, 20, 100.000000
17, 3, 21, 100.000000
17, 3, 22, 100.000000
17, 3, 23, 100.000000
17, 3, 24, 100.000000
17, 3, 25, 100.000000
17, 3, 26, 100.000000
17, 3, 27, 100.000000
17, 3, 28, 100.000000
17, 3, 29, 100.000000
17, 3, 30, 100.000000
17, 3, 31, 100.000000
17, 3, 32, 100.000000
17, 3, 33, 100.000000
17, 3, 34, 100.000000
17, 4, 0, 0.430368
17, 4, 1, -0.137733
17, 4, 2, -0.455794
17, 4, 3, -0.400136
17, 4, 4, -0.455064
17, 4, 5, -0.461960
17, 4, 6, -0.466317
17, 4, 7, -0.464603
17, 4, 8, -0.421418
17, 4, 9, -0.282783
17, 4, 10, 0.007136
17, 4, 11, 0.400696
17, 4, 12, 0.855492
17, 4, 13, 1.457492
17, 4, 14, 2.367998
17, 4, 15, 100.000000
17, 4, 16, 100.000000
17, 4, 17, 100.000000
17, 4, 18, 100.000000
17, 4, 19, 100.000000
17, 4, 20, 100.000000
17, 4, 21, 100.000000
17, 4, 22, 100.000000
17, 4, 23, 100.000000
17, 4, 24, 100.000000
17, 4, 25, 100.000000
17, 4, 26, 100.000000
17, 4, 27, 100.000000
17, 4, 28, 100.000000
17, 4, 29, 100.000000
17, 4, 30, 100.000000
17, 4, 31, 100.000000
17, 4, 32, 100.000000
17, 4, 33, 100.000000
17, 4, 34, 100.000000
17, 5, 0, 0.413712
17, 5, 1, -0.176072
17, 5, 2, -0.455882
17, 5, 3, -0.431863
17, 5, 4, -0.450153
17, 5, 5, -0.445554
17, 5, 6, -0.491511
17, 5, 7, -0.452782
17, 5, 8, -0.437627
17, 5, 9, -0.326835
17, 5, 10, -0.037053
17, 5, 11, 0.374789
17, 5, 12, 0.838025
17, 5, 13, 1.482014
17, 5, 14, 100.000000
17, 5, 15, 100.000000
17, 5, 16, 100.000000
17, 5, 17, 100.000000
17, 5, 18, 100.000000
17, 5, 19, 100.000000
17, 5, 20, 100.000000
17, 5, 21, 100.000000
17, 5, 22, 100.000000
17, 5, 23, 100.000000
17, 5, 24, 100.000000
17, 5, 25, 100.000000
17, 5, 26, 100.000000
17, 5, 27, 100.000000
17, 5, 28, 100.000000
17, 5, 29, 100.000000
17, 5, 30, 100.000000
17, 5, 31, 100.000000
17, 5, 32, 100.000000
17, 5, 33, 100.000000
17, 5, 34, 100.000000
17, 6, 0, 0.396752
17, 6, 1, -0.193346
17, 6, 2, -0.465411
17, 6, 3, -0.455051
17, 6, 4, -0.414381
17, 6, 5, -0.417330
17, 6, 6, -0.430005
17, 6, 7, -0.453550
17, 6, 8, -0.421431
17, 6, 9, -0.341893
17, 6, 10, -0.071284
17, 6, 11, 0.350782
17, 6, 12, 0.833436
17, 6, 13, 1.452114
17, 6, 14, 2.295398
17, 6, 15, 100.000000
17, 6, 16, 100.000000
17, 6, 17, 100.000000
17, 6, 18, 100.000000
17, 6, 19, 100.000000
17, 6, 20, 100.000000
17, 6, 21, 100.000000
17, 6, 22, 100.000000
17, 6, 23, 100.000000
17, 6, 24, 100.000000
17, 6, 25, 100.000000
17, 6, 26, 100.000000
17, 6, 27, 100.000000
17, 6, 28, 100.000000
17, 6, 29, 100.000000
17, 6, 30, 100.000000
17, 6, 31, 100.000000
17, 6, 32, 100.000000
17, 6, 33, 100.000000
17, 6, 34, 100.000000
17, 7, 0, 0.403701
17, 7, 1, -0.184747
17, 7, 2, -0.435693
17, 7, 3, -0.442170
17, 7, 4, -0.398900
17, 7, 5, -0.405705
17, 7, 6, -0.415039
17, 7, 7, -0.469941
17, 7, 8, -0.426323
17, 7, 9, -0.341184
17, 7, 10, -0.090263
17, 7, 11, 0.337457
17, 7, 12, 0.859559
17, 7, 13, 1.505519
17, 7, 14, 2.301180
17, 7, 15, 100.000000
17, 7, 16, 100.000000
17, 7, 17, 100.000000
17, 7, 18, 100.000000
17, 7, 19, 100.000000
17, 7, 20, 100.000000
17, 7, 21, 100.000000
17, 7, 22, 100.000000
17, 7, 23, 100.000000
17, 7, 24, 100.000000
17, 7, 25, 100.000000
17, 7, 26, 100.000000
17, 7, 27, 100.000000
17, 7, 28, 100.000000
17, 7, 29, 100.000000
17, 7, 30, 100.000000
17, 7, 31, 100.000000
17, 7, 32, 100.000000
17, 7, 33, 100.000000
17, 7, 34, 100.000000
17, 8, 0, 0.414192
17, 8, 1, -0.191070
17, 8, 2, -0.443387
17, 8, 3, -0.424359
17, 8, 4, -0.397135
17, 8, 5, -0.407981
17, 8, 6, -0.452642
17, 8, 7, -0.453479
17, 8, 8, -0.437115
17, 8, 9, -0.336492
17, 8, 10, -0.063585
17, 8, 11, 0.362006
17, 8, 12, 0.915395
17, 8, 13, 1.596807
17, 8, 14, 100.000000
17, 8, 15, 100.000000
17, 8, 16, 100.000000
17, 8, 17, 100.000000
17, 8, 18, 100.000000
17, 8, 19, 100.000000
17, 8, 20, 100.000000
17, 8, 21, 100.000000
17, 8, 22, 100.000000
17, 8, 23, 100.000000
17, 8, 24, 100.000000
17, 8, 25, 100.000000
17, 8, 26, 100.000000
17, 8, 27, 100.000000
17, 8, 28, 100.000000
17, 8, 29, 100.000000
17, 8, 30, 100.000000
17, 8, 31, 100.000000
17, 8, 32, 100.000000
17, 8, 33, 100.000000
17, 8, 34, 100.000000
17, 9, 0, 0.415110
17, 9, 1, -0.192933
17, 9, 2, -0.449831
17, 9, 3, -0.434767
17, 9, 4, -0.422731
17, 9, 5, -0.441547
17, 9, 6, -0.469649
17, 9, 7, -0.473345
17, 9, 8, -0.466315
17, 9, 9, -0.325649
17, 9, 10, -0.034828
17, 9, 11, 0.394700
17, 9, 12, 0.953618
17, 9, 13, 1.635235
17, 9, 14, 100.000000
17, 9, 15, 100.000000
17, 9, 16, 100.000000
17, 9, 17, 100.000000
17, 9, 18, 100.000000
17, 9, 19, 100.000000
17, 9, 20, 100.000000
17, 9, 21, 100.000000
17, 9, 22, 100.000000
17, 9, 23, 100.000000
17, 9, 24, 100.000000
17, 9, 25, 100.000000
17, 9, 26, 100.000000
17, 9, 27, 100.000000
17, 9, 28, 100.000000
17, 9, 29, 100.000000
17, 9, 30, 100.000000
17, 9, 31, 100.000000
17, 9, 32, 100.000000
17, 9, 33, 100.000000
17, 9, 34, 100.000000
17, 10, 0, 0.414035
17, 10, 1, -0.164459
17, 10, 2, -0.464248
17, 10, 3, -0.451444
17, 10, 4, -0.459112
17, 10, 5, -0.467641
17, 10, 6, -0.477387
17, 10, 7, -0.472183
17, 10, 8, -0.453567
17, 10, 9, -0.335290
17, 10, 10, -0.051510
17, 10, 11, 0.343511
17, 10, 12, 0.866675
17, 10, 13, 1.517278
17, 10, 14, 2.490808
17, 10, 15, 100.000000
17, 10, 16, 100.000000
17, 10, 17, 100.000000
17, 10, 18, 100.000000
17, 10, 19, 100.000000
17, 10, 20, 100.000000
17, 10, 21, 100.000000
17, 10, 22, 100.000000
17, 10, 23, 100.000000
17, 10, 24, 100.000000
17, 10, 25, 100.000000
17, 10, 26, 100.000000
17, 10, 27, 100.000000
17, 10, 28, 100.000000
17, 10, 29, 100.000000
17, 10, 30, 100.000000
17, 10, 31, 100.000000
17, 10, 32, 100.000000
17, 10, 33, 100.000000
17, 10, 34, 100.000000
17, 11, 0, 0.424672
17, 11, 1, -0.134236
17, 11, 2, -0.442029
17, 11, 3, -0.458237
17, 11, 4, -0.466349
17, 11, 5, -0.470297
17, 11, 6, -0.478803
17, 11, 7, -0.488231
17, 11, 8, -0.466053
17, 11, 9, -0.355517
17, 11, 10, -0.101116
17, 11, 11, 0.266575
17, 11, 12, 0.760213
17, 11, 13, 1.409780
17, 11, 14, 2.042417
17, 11, 15, 100.000000
17, 11, 16, 100.000000
17, 11, 17, 100.000000
17, 11, 18, 100.000000
17, 11, 19, 100.000000
17, 11, 20, 100.000000
17, 11, 21, 100.000000
17, 11, 22, 100.000000
17, 11, 23, 100.000000
17, 11, 24, 100.000000
17, 11, 25, 100.000000
17, 11, 26, 100.000000
17, 11, 27, 100.000000
17, 11, 28, 100.000000
17, 11, 29, 100.000000
17, 11, 30, 100.000000
17, 11, 31, 100.000000
17, 11, 32, 100.000000
17, 11, 33, 100.000000
17, 11, 34, 100.000000
17, 12, 0, 0.425641
17, 12, 1, -0.134808
17, 12, 2, -0.440188
17, 12, 3, -0.464395
17, 12, 4, -0.472886
17, 12, 5, -0.467766
17, 12, 6, -0.462090
17, 12, 7, -0.461236
17, 12, 8, -0.464393
17, 12, 9, -0.384842
17, 12, 10, -0.135106
17, 12, 11, 0.227256
17, 12, 12, 0.734470
17, 12, 13, 1.444412
17, 12, 14, 2.274523
17, 12, 15, 100.000000
17, 12, 16, 100.000000
17, 12, 17, 100.000000
17, 12, 18, 100.000000
17, 12, 19, 100.000000
17, 12, 20, 100.000000
17, 12, 21, 100.000000
17, 12, 22, 100.000000
17, 12, 23, 100.000000
17, 12, 24, 100.000000
17, 12, 25, 100.000000
17, 12, 26, 100.000000
17, 12, 27, 100.000000
17, 12, 28, 100.000000
17, 12, 29, 100.000000
17, 12, 30, 100.000000
17, 12, 31, 100.000000
17, 12, 32, 100.000000
17, 12, 33, 100.000000
17, 12, 34, 100.000000
17, 13, 0, 0.401284
17, 13, 1, -0.159744
17, 13, 2, -0.449356
17, 13, 3, -0.472480
17, 13, 4, -0.488625
17, 13, 5, -0.483247
17, 13, 6, -0.476733
17, 13, 7, -0.459321
17, 13, 8, -0.453920
17, 13, 9, -0.404441
17, 13, 10, -0.132891
17, 13, 11, 0.260321
17, 13, 12, 0.818046
17, 13, 13, 1.594795
17, 13, 14, 100.000000
17, 13, 15, 100.000000
17, 13, 16, 100.000000
17, 13, 17, 100.000000
17, 13, 18, 100.000000
17, 13, 19, 100.000000
17, 13, 20, 100.000000
17, 13, 21, 100.000000
17, 13, 22, 100.000000
17, 13, 23, 100.000000
17, 13, 24, 100.000000
17, 13, 25, 100.000000
17, 13, 26, 100.000000
17, 13, 27, 100.000000
17, 13, 28, 100.000000
17, 13, 29, 100.000000
17, 13, 30, 100.000000
17, 13, 31, 100.000000
17, 13, 32, 100.000000
17, 13, 33, 100.000000
17, 13, 34, 100.000000
17, 14, 0, 0.381704
17, 14, 1, -0.186313
17, 14, 2, -0.463641
17, 14, 3, -0.469752
17, 14, 4, -0.470506
17, 14, 5, -0.482415
17, 14, 6, -0.471936
17, 14, 7, -0.489099
17, 14, 8, -0.465820
17, 14, 9, -0.400695
17, 14, 10, -0.155307
17, 14, 11, 0.268715
17, 14, 12, 0.821640
17, 14, 13, 1.553788
17, 14, 14, 100.000000
17, 14, 15, 100.000000
17, 14, 16, 100.000000
17, 14, 17, 100.000000
17, 14, 18, 100.000000
17, 14, 19, 100.000000
17, 14, 20, 100.000000
17, 14, 21, 100.000000
17, 14, 22, 100.000000
17, 14, 23, 100.000000
17, 14, 24, 100.000000
17, 14, 25, 100.000000
17, 14, 26, 100.000000
17, 14, 27, 100.000000
17, 14, 28, 100.000000
17, 14, 29, 100.000000
17, 14, 30, 100.000000
17, 14, 31, 100.000000
17, 14, 32, 100.000000
17, 14, 33, 100.000000
17, 14, 34, 100.000000
17, 15, 0, 0.387011
17, 15, 1, -0.189856
17, 15, 2, -0.455447
17, 15, 3, -0.459145
17, 15, 4, -0.454156
17, 15, 5, -0.453510
17, 15, 6, -0.457824
17, 15, 7, -0.475950
17, 15, 8, -0.458982
17, 15, 9, -0.407938
17, 15, 10, -0.209824
17, 15, 11, 0.207649
17, 15, 12, 0.744210
17, 15, 13, 1.405848
17, 15, 14, 2.352272
17, 15, 15, 100.000000
17, 15, 16, 100.000000
17, 15, 17, 100.000000
17, 15, 18, 100.000000
17, 15, 19, 100.000000
17, 15, 20, 100.000000
17, 15, 21, 100.000000
17, 15, 22, 100.000000
17, 15, 23, 100.000000
17, 15, 24, 100.000000
17, 15, 25, 100.000000
17, 15, 26, 100.000000
17, 15, 27, 100.000000
17, 15, 28, 100.000000
17, 15, 29, 100.000000
17, 15, 30, 100.000000
17, 15, 31, 100.000000
17, 15, 32, 100.000000
17, 15, 33, 100.000000
17, 15, 34, 100.000000
17, 16, 0, 0.402149
17, 16, 1, -0.194114
17, 16, 2, -0.438634
17, 16, 3, -0.470359
17, 16, 4, -0.473956
17, 16, 5, -0.451907
17, 16, 6, -0.457331
17, 16, 7, -0.464232
17, 16, 8, -0.437936
17, 16, 9, -0.402824
17, 16, 10, -0.241690
17, 16, 11, 0.169361
17, 16, 12, 0.695815
17, 16, 13, 1.355342
17, 16, 14, 2.165723
17, 16, 15, 100.000000
17, 16, 16, 100.000000
17, 16, 17, 100.000000
17, 16, 18, 100.000000
17, 16, 19, 100.000000
17, 16, 20, 100.000000
17, 16, 21, 100.000000
17, 16, 22, 100.000000
17, 16, 23, 100.000000
17, 16, 24, 100.000000
17, 16, 25, 100.000000
17, 16, 26, 100.000000
17, 16, 27, 100.000000
17, 16, 28, 100.000000
17, 16, 29, 100.000000
17, 16, 30, 100.000000
17, 16, 31, 100.000000
17, 16, 32, 100.000000
17, 16, 33, 100.000000
17, 16, 34, 100.000000
17, 17, 0, 0.405356
17, 17, 1, -0.181952
17, 17, 2, -0.459866
17, 17, 3, -0.451348
17, 17, 4, -0.483338
17, 17, 5, -0.470815
17, 17, 6, -0.476457
17, 17, 7, -0.481077
17, 17, 8, -0.470462
17, 17, 9, -0.415089
17, 17, 10, -0.241970
17, 17, 11, 0.156776
17, 17, 12, 0.698589
17, 17, 13, 1.268732
17, 17, 14, 1.919167
17, 17, 15, 100.000000
17, 17, 16, 100.000000
17, 17, 17, 100.000000
17, 17, 18, 100.000000
17, 17, 19, 100.000000
17, 17, 20, 100.000000
17, 17, 21, 100.000000
17, 17, 22, 100.000000
17, 17, 23, 100.000000
17, 17, 24, 100.000000
17, 17, 25, 100.000000
17, 17, 26, 100.000000
17, 17, 27, 100.000000
17, 17, 28, 100.000000
17, 17, 29, 100.000000
17, 17, 30, 100.000000
17, 17, 31, 100.000000
17, 17, 32, 100.000000
17, 17, 33, 100.000000
17, 17, 34, 100.000000
17, 18, 0, 0.398483
17, 18, 1, -0.153805
17, 18, 2, -0.478364
17, 18, 3, -0.430336
17, 18, 4, -0.464082
17, 18, 5, -0.476018
17, 18, 6, -0.471890
17, 18, 7, -0.464672
17, 18, 8, -0.487690
17, 18, 9, -0.443329
17, 18, 10, -0.261512
17, 18, 11, 0.130430
17, 18, 12, 0.674154
17, 18, 13, 1.187421
17, 18, 14, 1.827017
17, 18, 15, 100.000000
17, 18, 16, 100.000000
17, 18, 17, 100.000000
17, 18, 18, 100.000000
17, 18, 19, 100.000000
17, 18, 20, 100.000000
17, 18, 21, 100.000000
17, 18, 22, 100.000000
17, 18, 23, 100.000000
17, 18, 24, 100.000000
17, 18, 25, 100.000000
17, 18, 26, 100.000000
17, 18, 27, 100.000000
17, 18, 28, 100.000000
17, 18, 29, 100.000000
17, 18, 30, 100.000000
17, 18, 31, 100.000000
17, 18, 32, 100.000000
17, 18, 33, 100.000000
17, 18, 34, 100.000000
17, 19, 0, 0.388737
17, 19, 1, -0.153173
17, 19, 2, -0.472017
17, 19, 3, -0.404010
17, 19, 4, -0.440445
17, 19, 5, -0.468525
17, 19, 6, -0.486859
17, 19, 7, -0.478370
17, 19, 8, -0.489089
17, 19, 9, -0.448050
17, 19, 10, -0.280596
17, 19, 11, 0.098480
17, 19, 12, 0.642771
17, 19, 13, 1.239220
17, 19, 14, 1.719827
17, 19, 15, 100.000000
17, 19, 16, 100.000000
17, 19, 17, 100.000000
17, 19, 18, 100.000000
17, 19, 19, 100.000000
17, 19, 20, 100.000000
17, 19, 21, 100.000000
17, 19, 22, 100.000000
17, 19, 23, 100.000000
17, 19, 24, 100.000000
17, 19, 25, 100.000000
17, 19, 26, 100.000000
17, 19, 27, 100.000000
17, 19, 28, 100.000000
17, 19, 29, 100.000000
17, 19, 30, 100.000000
17, 19, 31, 100.000000
17, 19, 32, 100.000000
17, 19, 33, 100.000000
17, 19, 34, 100.000000
17, 20, 0, 0.389341
17, 20, 1, -0.145620
17, 20, 2, -0.465369
17, 20, 3, -0.383493
17, 20, 4, -0.428129
17, 20, 5, -0.480686
17, 20, 6, -0.465108
17, 20, 7, -0.477254
17, 20, 8, -0.480127
17, 20, 9, -0.439838
17, 20, 10, -0.278768
17, 20, 11, 0.075392
17, 20, 12, 0.614715
17, 20, 13, 1.203982
17, 20, 14, 1.841005
17, 20, 15, 100.000000
17, 20, 16, 100.000000
17, 20, 17, 100.000000
17, 20, 18, 100.000000
17, 20, 19, 100.000000
17, 20, 20, 100.000000
17, 20, 21, 100.000000
17, 20, 22, 100.000000
17, 20, 23, 100.000000
17, 20, 24, 100.000000
17, 20, 25, 100.000000
17, 20, 26, 100.000000
17, 20, 27, 100.000000
17, 20, 28, 100.000000
17, 20, 29, 100.000000
17, 20, 30, 100.000000
17, 20, 31, 100.000000
17, 20, 32, 100.000000
17, 20, 33, 100.000000
17, 20, 34, 100.000000
17, 21, 0, 0.412107
17, 21, 1, -0.148091
17, 21, 2, -0.474183
17, 21, 3, -0.374318
17, 21, 4, -0.447186
17, 21, 5, -0.454990
17, 21, 6, -0.463479
17, 21, 7, -0.468778
17, 21, 8, -0.453209
17, 21, 9, -0.414805
17, 21, 10, -0.249193
17, 21, 11, 0.069920
17, 21, 12, 0.564182
17, 21, 13, 1.125013
17, 21, 14, 1.755349
17, 21, 15, 100.000000
17, 21, 16, 100.000000
17, 21, 17, 100.000000
17, 21, 18, 100.000000
17, 21, 19, 100.000000
17, 21, 20, 100.000000
17, 21, 21, 100.000000
17, 21, 22, 100.000000
17, 21, 23, 100.000000
17, 21, 24, 100.000000
17, 21, 25, 100.000000
17, 21, 26, 100.000000
17, 21, 27, 100.000000
17, 21, 28, 100.000000
17, 21, 29, 100.000000
17, 21, 30, 100.000000
17, 21, 31, 100.000000
17, 21, 32, 100.000000
17, 21, 33, 100.000000
17, 21, 34, 100.000000
17, 22, 0, 0.423805
17, 22, 1, -0.160318
17, 22, 2, -0.444057
17, 22, 3, -0.378681
17, 22, 4, -0.470352
17, 22, 5, -0.462378
17, 22, 6, -0.460822
17, 22, 7, -0.477594
17, 22, 8, -0.447171
17, 22, 9, -0.395059
17, 22, 10, -0.203257
17, 22, 11, 0.082771
17, 22, 12, 0.529215
17, 22, 13, 1.114591
17, 22, 14, 1.759596
17, 22, 15, 100.000000
17, 22, 16, 100.000000
17, 22, 17, 100.000000
17, 22, 18, 100.000000
17, 22, 19, 100.000000
17, 22, 20, 100.000000
17, 22, 21, 100.000000
17, 22, 22, 100.000000
17, 22, 23, 100.000000
17, 22, 24, 100.000000
17, 22, 25, 100.000000
17, 22, 26, 100.000000
17, 22, 27, 100.000000
17, 22, 28, 100.000000
17, 22, 29, 100.000000
17, 22, 30, 100.000000
17, 22, 31, 100.000000
17, 22, 32, 100.000000
17, 22, 33, 100.000000
17, 22, 34, 100.000000
17, 23, 0, 0.417828
17, 23, 1, -0.158933
17, 23, 2, -0.439708
17, 23, 3, -0.409451
17, 23, 4, -0.474857
17, 23, 5, -0.465518
17, 23, 6, -0.443617
17, 23, 7, -0.437833
17, 23, 8, -0.453546
17, 23, 9, -0.398840
17, 23, 10, -0.177325
17, 23, 11, 0.094927
17, 23, 12, 0.540612
17, 23, 13, 1.178212
17, 23, 14, 1.772746
17, 23, 15, 100.000000
17, 23, 16, 100.000000
17, 23, 17, 100.000000
17, 23, 18, 100.000000
17, 23, 19, 100.000000
17, 23, 20, 100.000000
17, 23, 21, 100.000000
17, 23, 22, 100.000000
17, 23, 23, 100.000000
17, 23, 24, 100.000000
17, 23, 25, 100.000000
17, 23, 26, 100.000000
17, 23, 27, 100.000000
17, 23, 28, 100.000000
17, 23, 29, 100.000000
17, 23, 30, 100.000000
17, 23, 31, 100.000000
17, 23, 32, 100.000000
17, 23, 33, 100.000000
17, 23, 34, 100.000000
17, 24, 0, 0.411577
17, 24, 1, -0.147987
17, 24, 2, -0.468982
17, 24, 3, -0.443029
17, 24, 4, -0.466157
17, 24, 5, -0.448363
17, 24, 6, -0.428159
17, 24, 7, -0.419757
17, 24, 8, -0.454275
17, 24, 9, -0.413160
17, 24, 10, -0.176780
17, 24, 11, 0.120888
17, 24, 12, 0.577813
17, 24, 13, 1.213894
17, 24, 14, 1.886436
17, 24, 15, 100.000000
17, 24, 16, 100.000000
17, 24, 17, 100.000000
17, 24, 18, 100.000000
17, 24, 19, 100.000000
17, 24, 20, 100.000000
17, 24, 21, 100.000000
17, 24, 22, 100.000000
17, 24, 23, 100.000000
17, 24, 24, 100.000000
17, 24, 25, 100.000000
17, 24, 26, 100.000000
17, 24, 27, 100.000000
17, 24, 28, 100.000000
17, 24, 29, 100.000000
17, 24, 30, 100.000000
17, 24, 31, 100.000000
17, 24, 32, 100.000000
17, 24, 33, 100.000000
17, 24, 34, 100.000000
17, 25, 0, 0.413779
17, 25, 1, -0.145132
17, 25, 2, -0.458225
17, 25, 3, -0.444968
17, 25, 4, -0.463970
17, 25, 5, -0.445291
17, 25, 6, -0.441810
17, 25, 7, -0.439295
17, 25, 8, -0.459240
17, 25, 9, -0.417772
17, 25, 10, -0.185555
17, 25, 11, 0.157966
17, 25, 12, 0.624356
17, 25, 13, 1.248237
17, 25, 14, 2.038483
17, 25, 15, 100.000000
17, 25, 16, 100.000000
17, 25, 17, 100.000000
17, 25, 18, 100.000000
17, 25, 19, 100.000000
17, 25, 20, 100.000000
17, 25, 21, 100.000000
17, 25, 22, 100.000000
17, 25, 23, 100.000000
17, 25, 24, 100.000000
17, 25, 25, 100.000000
17, 25, 26, 100.000000
17, 25, 27, 100.000000
17, 25, 28, 100.000000
17, 25, 29, 100.000000
17, 25, 30, 100.000000
17, 25, 31, 100.000000
17, 25, 32, 100.000000
17, 25, 33, 100.000000
17, 25, 34, 100.000000
17, 26, 0, 0.391376
17, 26, 1, -0.150629
17, 26, 2, -0.454223
17, 26, 3, -0.444958
17, 26, 4, -0.483677
17, 26, 5, -0.466992
17, 26, 6, -0.484047
17, 26, 7, -0.466230
17, 26, 8, -0.456271
17, 26, 9, -0.420949
17, 26, 10, -0.185475
17, 26, 11, 0.168438
17, 26, 12, 0.651431
17, 26, 13, 1.246795
17, 26, 14, 1.966891
17, 26, 15, 100.000000
17, 26, 16, 100.000000
17, 26, 17, 100.000000
17, 26, 18, 100.000000
17, 26, 19, 100.000000
17, 26, 20, 100.000000
17, 26, 21, 100.000000
17, 26, 22, 100.000000
17, 26, 23, 100.000000
17, 26, 24, 100.000000
17, 26, 25, 100.000000
17, 26, 26, 100.000000
17, 26, 27, 100.000000
17, 26, 28, 100.000000
17, 26, 29, 100.000000
17, 26, 30, 100.000000
17, 26, 31, 100.000000
17, 26, 32, 100.000000
17, 26, 33, 100.000000
17, 26, 34, 100.000000
17, 27, 0, 0.376072
17, 27, 1, -0.138263
17, 27, 2, -0.432824
17, 27, 3, -0.444252
17, 27, 4, -0.456848
17, 27, 5, -0.457342
17, 27, 6, -0.472963
17, 27, 7, -0.473967
17, 27, 8, -0.455121
17, 27, 9, -0.362068
17, 27, 10, -0.163240
17, 27, 11, 0.175212
17, 27, 12, 0.652566
17, 27, 13, 1.218093
17, 27, 14, 1.878042
17, 27, 15, 100.000000
17, 27, 16, 100.000000
17, 27, 17, 100.000000
17, 27, 18, 100.000000
17, 27, 19, 100.000000
17, 27, 20, 100.000000
17, 27, 21, 100.000000
17, 27, 22, 100.000000
17, 27, 23, 100.000000
17, 27, 24, 100.000000
17, 27, 25, 100.000000
17, 27, 26, 100.000000
17, 27, 27, 100.000000
17, 27, 28, 100.000000
17, 27, 29, 100.000000
17, 27, 30, 100.000000
17, 27, 31, 100.000000
17, 27, 32, 100.000000
17, 27, 33, 100.000000
17, 27, 34, 100.000000
17, 28, 0, 0.408814
17, 28, 1, -0.106680
17, 28, 2, -0.370663
17, 28, 3, -0.423997
17, 28, 4, -0.467462
17, 28, 5, -0.475299
17, 28, 6, -0.472914
17, 28, 7, -0.428766
17, 28, 8, -0.340171
17, 28, 9, -0.247497
17, 28, 10, -0.082357
17, 28, 11, 0.226806
17, 28, 12, 0.714366
17, 28, 13, 1.328713
17, 28, 14, 2.011343
17, 28, 15, 100.000000
17, 28, 16, 100.000000
17, 28, 17, 100.000000
17, 28, 18, 100.000000
17, 28, 19, 100.000000
17, 28, 20, 100.000000
17, 28, 21, 100.000000
17, 28, 22, 100.000000
17, 28, 23, 100.000000
17, 28, 24, 100.000000
17, 28, 25, 100.000000
17, 28, 26, 100.000000
17, 28, 27, 100.000000
17, 28, 28, 100.000000
17, 28, 29, 100.000000
17, 28, 30, 100.000000
17, 28, 31, 100.000000
17, 28, 32, 100.000000
17, 28, 33, 100.000000
17, 28, 34, 100.000000
17, 29, 0, 0.499564
17, 29, 1, 0.047341
17, 29, 2, -0.071966
17, 29, 3, -0.088666
17, 29, 4, -0.130155
17, 29, 5, -0.154269
17, 29, 6, -0.135021
17, 29, 7, -0.076134
17, 29, 8, -0.019474
17, 29, 9, 0.013282
17, 29, 10, 0.110820
17, 29, 11, 0.413889
17, 29, 12, 0.922104
17, 29, 13, 1.541220
17, 29, 14, 2.309489
17, 29, 15, 100.000000
17, 29, 16, 100.000000
17, 29, 17, 100.000000
17, 29, 18, 100.000000
17, 29, 19, 100.000000
17, 29, 20, 100.000000
17, 29, 21, 100.000000
17, 29, 22, 100.000000
17, 29, 23, 100.000000
17, 29, 24, 100.000000
17, 29, 25, 100.000000
17, 29, 26, 100.000000
17, 29, 27, 100.000000
17, 29, 28, 100.000000
17, 29, 29, 100.000000
17, 29, 30, 100.000000
17, 29, 31, 100.000000
17, 29, 32, 100.000000
17, 29, 33, 100.000000
17, 29, 34, 100.000000
18, 0, 0, 0.896149
18, 0, 1, 0.596918
18, 0, 2, 0.445058
18, 0, 3, 0.385093
18, 0, 4, 0.367829
18, 0, 5, 0.387603
18, 0, 6, 0.412552
18, 0, 7, 0.442478
18, 0, 8, 0.447515
18, 0, 9, 0.455649
18, 0, 10, 0.521055
18, 0, 11, 0.754683
18, 0, 12, 1.254858
18, 0, 13, 2.027685
18, 0, 14, 100.000000
18, 0, 15, 100.000000
18, 0, 16, 100.000000
18, 0, 17, 100.000000
18, 0, 18, 100.000000
18, 0, 19, 100.000000
18, 0, 20, 100.000000
18, 0, 21, 100.000000
18, 0, 22, 100.000000
18, 0, 23, 100.000000
18, 0, 24, 100.000000
18, 0, 25, 100.000000
18, 0, 26, 100.000000
18, 0, 27, 100.000000
18, 0, 28, 100.000000
18, 0, 29, 100.000000
18, 0, 30, 100.000000
18, 0, 31, 100.000000
18, 0, 32, 100.000000
18, 0, 33, 100.000000
18, 0, 34, 100.000000
18, 1, 0, 0.550893
18, 1, 1, 0.137514
18, 1, 2, -0.078412
18, 1, 3, -0.183126
18, 1, 4, -0.203463
18, 1, 5, -0.172741
18, 1, 6, -0.137669
18, 1, 7, -0.107651
18, 1, 8, -0.079865
18, 1, 9, -0.048992
18, 1, 10, 0.092672
18, 1, 11, 0.454319
18, 1, 12, 1.003434
18, 1, 13, 1.710017
18, 1, 14, 100.000000
18, 1, 15, 100.000000
18, 1, 16, 100.000000
18, 1, 17, 100.000000
18, 1, 18, 100.000000
18, 1, 19, 100.000000
18, 1, 20, 100.000000
18, 1, 21, 100.000000
18, 1, 22, 100.000000
18, 1, 23, 100.000000
18, 1, 24, 100.000000
18, 1, 25, 100.000000
18, 1, 26, 100.000000
18, 1, 27, 100.000000
18, 1, 28, 100.000000
18, 1, 29, 100.000000
18, 1, 30, 100.000000
18, 1, 31, 100.000000
18, 1, 32, 100.000000
18, 1, 33, 100.000000
18, 1, 34, 100.000000
18, 2, 0, 0.423923
18, 2, 1, -0.089824
18, 2, 2, -0.381094
18, 2, 3, -0.449523
18, 2, 4, -0.469453
18, 2, 5, -0.481581
18, 2, 6, -0.457877
18, 2, 7, -0.427189
18, 2, 8, -0.361772
18, 2, 9, -0.250716
18, 2, 10, 0.010977
18, 2, 11, 0.429293
18, 2, 12, 0.969223
18, 2, 13, 1.594664
18, 2, 14, 100.000000
18, 2, 15, 100.000000
18, 2, 16, 100.000000
18, 2, 17, 100.000000
18, 2, 18, 100.000000
18, 2, 19, 100.000000
18, 2, 20, 100.000000
18, 2, 21, 100.000000
18, 2, 22, 100.000000
18, 2, 23, 100.000000
18, 2, 24, 100.000000
18, 2, 25, 100.000000
18, 2, 26, 100.000000
18, 2, 27, 100.000000
18, 2, 28, 100.000000
18, 2, 29, 100.000000
18, 2, 30, 100.000000
18, 2, 31, 100.000000
18, 2, 32, 100.000000
18, 2, 33, 100.000000
18, 2, 34, 100.000000
18, 3, 0, 0.414597
18, 3, 1, -0.138077
18, 3, 2, -0.452404
18, 3, 3, -0.419883
18, 3, 4, -0.482679
18, 3, 5, -0.478247
18, 3, 6, -0.464947
18, 3, 7, -0.457806
18, 3, 8, -0.391539
18, 3, 9, -0.261573
18, 3, 10, 0.044093
18, 3, 11, 0.439446
18, 3, 12, 0.896559
18, 3, 13, 1.411098
18, 3, 14, 100.000000
18, 3, 15, 100.000000
18, 3, 16, 100.000000
18, 3, 17, 100.000000
18, 3, 18, 100.000000
18, 3, 19, 100.000000
18, 3, 20, 100.000000
18, 3, 21, 100.000000
18, 3, 22, 100.000000
18, 3, 23, 100.000000
18, 3, 24, 100.000000
18, 3, 25, 100.000000
18, 3, 26, 100.000000
18, 3, 27, 100.000000
18, 3, 28, 100.000000
18, 3, 29, 100.000000
18, 3, 30, 100.000000
18, 3, 31, 100.000000
18, 3, 32, 100.000000
18, 3, 33, 100.000000
18, 3, 34, 100.000000
18, 4, 0, 0.422796
18, 4, 1, -0.151803
18, 4, 2, -0.476861
18, 4, 3, -0.428960
18, 4, 4, -0.466513
18, 4, 5, -0.482226
18, 4, 6, -0.473023
18, 4, 7, -0.472034
18, 4, 8, -0.422587
18, 4, 9, -0.282953
18, 4, 10, 0.053913
18, 4, 11, 0.458613
18, 4, 12, 0.888230
18, 4, 13, 1.485358
18, 4, 14, 100.000000
18, 4, 15, 100.000000
18, 4, 16, 100.000000
18, 4, 17, 100.000000
18, 4, 18, 100.000000
18, 4, 19, 100.000000
18, 4, 20, 100.000000
18, 4, 21, 100.000000
18, 4, 22, 100.000000
18, 4, 23, 100.000000
18, 4, 24, 100.000000
18, 4, 25, 100.000000
18, 4, 26, 100.000000
18, 4, 27, 100.000000
18, 4, 28, 100.000000
18, 4, 29, 100.000000
18, 4, 30, 100.000000
18, 4, 31, 100.000000
18, 4, 32, 100.000000
18, 4, 33, 100.000000
18, 4, 34, 100.000000
18, 5, 0, 0.413643
18, 5, 1, -0.173539
18, 5, 2, -0.467683
18, 5, 3, -0.454118
18, 5, 4, -0.466242
18, 5, 5, -0.445730
18, 5, 6, -0.481850
18, 5, 7, -0.446626
18, 5, 8, -0.444614
18, 5, 9, -0.319946
18, 5, 10, 0.011645
18, 5, 11, 0.437677
18, 5, 12, 0.893697
18, 5, 13, 1.492835
18, 5, 14, 2.388388
18, 5, 15, 100.000000
18, 5, 16, 100.000000
18, 5, 17, 100.000000
18, 5, 18, 100.000000
18, 5, 19, 100.000000
18, 5, 20, 100.000000
18, 5, 21, 100.000000
18, 5, 22, 100.000000
18, 5, 23, 100.000000
18, 5, 24, 100.000000
18, 5, 25, 100.000000
18, 5, 26, 100.000000
18, 5, 27, 100.000000
18, 5, 28, 100.000000
18, 5, 29, 100.000000
18, 5, 30, 100.000000
18, 5, 31, 100.000000
18, 5, 32, 100.000000
18, 5, 33, 100.000000
18, 5, 34, 100.000000
18, 6, 0, 0.407721
18, 6, 1, -0.176529
18, 6, 2, -0.480239
18, 6, 3, -0.477038
18, 6, 4, -0.426535
18, 6, 5, -0.421670
18, 6, 6, -0.415858
18, 6, 7, -0.423114
18, 6, 8, -0.465340
18, 6, 9, -0.357013
18, 6, 10, -0.036662
18, 6, 11, 0.417374
18, 6, 12, 0.892153
18, 6, 13, 1.546254
18, 6, 14, 2.368696
18, 6, 15, 100.000000
18, 6, 16, 100.000000
18, 6, 17, 100.000000
18, 6, 18, 100.000000
18, 6, 19, 100.000000
18, 6, 20, 100.000000
18, 6, 21, 100.000000
18, 6, 22, 100.000000
18, 6, 23, 100.000000
18, 6, 24, 100.000000
18, 6, 25, 100.000000
18, 6, 26, 100.000000
18, 6, 27, 100.000000
18, 6, 28, 100.000000
18, 6, 29, 100.000000
18, 6, 30, 100.000000
18, 6, 31, 100.000000
18, 6, 32, 100.000000
18, 6, 33, 100.000000
18, 6, 34, 100.000000
18, 7, 0, 0.414973
18, 7, 1, -0.162062
18, 7, 2, -0.457662
18, 7, 3, -0.446525
18, 7, 4, -0.435244
18, 7, 5, -0.479799
18, 7, 6, -0.419219
18, 7, 7, -0.425447
18, 7, 8, -0.442625
18, 7, 9, -0.357901
18, 7, 10, -0.069687
18, 7, 11, 0.380924
18, 7, 12, 0.888008
18, 7, 13, 1.504296
18, 7, 14, 2.485356
18, 7, 15, 100.000000
18, 7, 16, 100.000000
18, 7, 17, 100.000000
18, 7, 18, 100.000000
18, 7, 19, 100.000000
18, 7, 20, 100.000000
18, 7, 21, 100.000000
18, 7, 22, 100.000000
18, 7, 23, 100.000000
18, 7, 24, 100.000000
18, 7, 25, 100.000000
18, 7, 26, 100.000000
18, 7, 27, 100.000000
18, 7, 28, 100.000000
18, 7, 29, 100.000000
18, 7, 30, 100.000000
18, 7, 31, 100.000000
18, 7, 32, 100.000000
18, 7, 33, 100.000000
18, 7, 34, 100.000000
18, 8, 0, 0.420612
18, 8, 1, -0.161953
18, 8, 2, -0.483466
18, 8, 3, -0.453462
18, 8, 4, -0.456930
18, 8, 5, -0.435098
18, 8, 6, -0.444685
18, 8, 7, -0.465299
18, 8, 8, -0.431184
18, 8, 9, -0.348183
18, 8, 10, -0.076898
18, 8, 11, 0.358468
18, 8, 12, 0.914488
18, 8, 13, 1.545066
18, 8, 14, 2.421374
18, 8, 15, 100.000000
18, 8, 16, 100.000000
18, 8, 17, 100.000000
18, 8, 18, 100.000000
18, 8, 19, 100.000000
18, 8, 20, 100.000000
18, 8, 21, 100.000000
18, 8, 22, 100.000000
18, 8, 23, 100.000000
18, 8, 24, 100.000000
18, 8, 25, 100.000000
18, 8, 26, 100.000000
18, 8, 27, 100.000000
18, 8, 28, 100.000000
18, 8, 29, 100.000000
18, 8, 30, 100.000000
18, 8, 31, 100.000000
18, 8, 32, 100.000000
18, 8, 33, 100.000000
18, 8, 34, 100.000000
18, 9, 0, 0.419748
18, 9, 1, -0.175791
18, 9, 2, -0.470399
18, 9, 3, -0.450335
18, 9, 4, -0.442143
18, 9, 5, -0.445903
18, 9, 6, -0.474595
18, 9, 7, -0.463308
18, 9, 8, -0.459008
18, 9, 9, -0.344551
18, 9, 10, -0.064116
18, 9, 11, 0.374489
18, 9, 12, 0.925893
18, 9, 13, 1.548001
18, 9, 14, 2.411702
18, 9, 15, 100.000000
18, 9, 16, 100.000000
18, 9, 17, 100.000000
18, 9, 18, 100.000000
18, 9, 19, 100.000000
18, 9, 20, 100.000000
18, 9, 21, 100.000000
18, 9, 22, 100.000000
18, 9, 23, 100.000000
18, 9, 24, 100.000000
18, 9, 25, 100.000000
18, 9, 26, 100.000000
18, 9, 27, 100.000000
18, 9, 28, 100.000000
18, 9, 29, 100.000000
18, 9, 30, 100.000000
18, 9, 31, 100.000000
18, 9, 32, 100.000000
18, 9, 33, 100.000000
18, 9, 34, 100.000000
18, 10, 0, 0.425571
18, 10, 1, -0.166023
18, 10, 2, -0.474925
18, 10, 3, -0.459609
18, 10, 4, -0.463130
18, 10, 5, -0.462576
18, 10, 6, -0.470256
18, 10, 7, -0.459566
18, 10, 8, -0.459047
18, 10, 9, -0.346066
18, 10, 10, -0.068888
18, 10, 11, 0.332172
18, 10, 12, 0.827506
18, 10, 13, 1.420790
18, 10, 14, 2.200711
18, 10, 15, 100.000000
18, 10, 16, 100.000000
18, 10, 17, 100.000000
18, 10, 18, 100.000000
18, 10, 19, 100.000000
18, 10, 20, 100.000000
18, 10, 21, 100.000000
18, 10, 22, 100.000000
18, 10, 23, 100.000000
18, 10, 24, 100.000000
18, 10, 25, 100.000000
18, 10, 26, 100.000000
18, 10, 27, 100.000000
18, 10, 28, 100.000000
18, 10, 29, 100.000000
18, 10, 30, 100.000000
18, 10, 31, 100.000000
18, 10, 32, 100.000000
18, 10, 33, 100.000000
18, 10, 34, 100.000000
18, 11, 0, 0.443589
18, 11, 1, -0.136206
18, 11, 2, -0.465655
18, 11, 3, -0.442349
18, 11, 4, -0.478713
18, 11, 5, -0.471886
18, 11, 6, -0.478900
18, 11, 7, -0.464533
18, 11, 8, -0.458619
18, 11, 9, -0.355886
18, 11, 10, -0.103473
18, 11, 11, 0.266559
18, 11, 12, 0.744194
18, 11, 13, 1.278374
18, 11, 14, 1.987905
18, 11, 15, 100.000000
18, 11, 16, 100.000000
18, 11, 17, 100.000000
18, 11, 18, 100.000000
18, 11, 19, 100.000000
18, 11, 20, 100.000000
18, 11, 21, 100.000000
18, 11, 22, 100.000000
18, 11, 23, 100.000000
18, 11, 24, 100.000000
18, 11, 25, 100.000000
18, 11, 26, 100.000000
18, 11, 27, 100.000000
18, 11, 28, 100.000000
18, 11, 29, 100.000000
18, 11, 30, 100.000000
18, 11, 31, 100.000000
18, 11, 32, 100.000000
18, 11, 33, 100.000000
18, 11, 34, 100.000000
18, 12, 0, 0.431889
18, 12, 1, -0.133959
18, 12, 2, -0.449080
18, 12, 3, -0.438995
18, 12, 4, -0.461538
18, 12, 5, -0.463052
18, 12, 6, -0.484826
18, 12, 7, -0.471774
18, 12, 8, -0.468466
18, 12, 9, -0.388896
18, 12, 10, -0.139632
18, 12, 11, 0.237215
18, 12, 12, 0.740759
18, 12, 13, 1.346419
18, 12, 14, 1.999084
18, 12, 15, 100.000000
18, 12, 16, 100.000000
18, 12, 17, 100.000000
18, 12, 18, 100.000000
18, 12, 19, 100.000000
18, 12, 20, 100.000000
18, 12, 21, 100.000000
18, 12, 22, 100.000000
18, 12, 23, 100.000000
18, 12, 24, 100.000000
18, 12, 25, 100.000000
18, 12, 26, 100.000000
18, 12, 27, 100.000000
18, 12, 28, 100.000000
18, 12, 29, 100.000000
18, 12, 30, 100.000000
18, 12, 31, 100.000000
18, 12, 32, 100.000000
18, 12, 33, 100.000000
18, 12, 34, 100.000000
18, 13, 0, 0.394143
18, 13, 1, -0.158904
18, 13, 2, -0.441927
18, 13, 3, -0.439304
18, 13, 4, -0.459412
18, 13, 5, -0.456171
18, 13, 6, -0.465795
18, 13, 7, -0.462400
18, 13, 8, -0.461496
18, 13, 9, -0.431165
18, 13, 10, -0.152154
18, 13, 11, 0.258855
18, 13, 12, 0.801572
18, 13, 13, 1.492756
18, 13, 14, 2.365119
18, 13, 15, 100.000000
18, 13, 16, 100.000000
18, 13, 17, 100.000000
18, 13, 18, 100.000000
18, 13, 19, 100.000000
18, 13, 20, 100.000000
18, 13, 21, 100.000000
18, 13, 22, 100.000000
18, 13, 23, 100.000000
18, 13, 24, 100.000000
18, 13, 25, 100.000000
18, 13, 26, 100.000000
18, 13, 27, 100.000000
18, 13, 28, 100.000000
18, 13, 29, 100.000000
18, 13, 30, 100.000000
18, 13, 31, 100.000000
18, 13, 32, 100.000000
18, 13, 33, 100.000000
18, 13, 34, 100.000000
18, 14, 0, 0.373374
18, 14, 1, -0.185545
18, 14, 2, -0.449487
18, 14, 3, -0.453130
18, 14, 4, -0.448890
18, 14, 5, -0.475673
18, 14, 6, -0.463622
18, 14, 7, -0.487663
18, 14, 8, -0.454340
18, 14, 9, -0.403958
18, 14, 10, -0.159872
18, 14, 11, 0.252189
18, 14, 12, 0.793963
18, 14, 13, 1.486500
18, 14, 14, 2.299936
18, 14, 15, 100.000000
18, 14, 16, 100.000000
18, 14, 17, 100.000000
18, 14, 18, 100.000000
18, 14, 19, 100.000000
18, 14, 20, 100.000000
18, 14, 21, 100.000000
18, 14, 22, 100.000000
18, 14, 23, 100.000000
18, 14, 24, 100.000000
18, 14, 25, 100.000000
18, 14, 26, 100.000000
18, 14, 27, 100.000000
18, 14, 28, 100.000000
18, 14, 29, 100.000000
18, 14, 30, 100.000000
18, 14, 31, 100.000000
18, 14, 32, 100.000000
18, 14, 33, 100.000000
18, 14, 34, 100.000000
18, 15, 0, 0.374140
18, 15, 1, -0.202155
18, 15, 2, -0.453602
18, 15, 3, -0.459913
18, 15, 4, -0.438653
18, 15, 5, -0.447939
18, 15, 6, -0.471366
18, 15, 7, -0.483963
18, 15, 8, -0.465432
18, 15, 9, -0.418251
18, 15, 10, -0.209309
18, 15, 11, 0.170791
18, 15, 12, 0.699016
18, 15, 13, 1.344414
18, 15, 14, 2.053996
18, 15, 15, 100.000000
18, 15, 16, 100.000000
18, 15, 17, 100.000000
18, 15, 18, 100.000000
18, 15, 19, 100.000000
18, 15, 20, 100.000000
18, 15, 21, 100.000000
18, 15, 22, 100.000000
18, 15, 23, 100.000000
18, 15, 24, 100.000000
18, 15, 25, 100.000000
18, 15, 26, 100.000000
18, 15, 27, 100.000000
18, 15, 28, 100.000000
18, 15, 29, 100.000000
18, 15, 30, 100.000000
18, 15, 31, 100.000000
18, 15, 32, 100.000000
18, 15, 33, 100.000000
18, 15, 34, 100.000000
18, 16, 0, 0.384094
18, 16, 1, -0.223315
18, 16, 2, -0.435061
18, 16, 3, -0.468853
18, 16, 4, -0.458924
18, 16, 5, -0.452925
18, 16, 6, -0.481207
18, 16, 7, -0.479845
18, 16, 8, -0.452373
18, 16, 9, -0.415782
18, 16, 10, -0.245887
18, 16, 11, 0.120397
18, 16, 12, 0.631796
18, 16, 13, 1.246780
18, 16, 14, 1.934930
18, 16, 15, 100.000000
18, 16, 16, 100.000000
18, 16, 17, 100.000000
18, 16, 18, 100.000000
18, 16, 19, 100.000000
18, 16, 20, 100.000000
18, 16, 21, 100.000000
18, 16, 22, 100.000000
18, 16, 23, 100.000000
18, 16, 24, 100.000000
18, 16, 25, 100.000000
18, 16, 26, 100.000000
18, 16, 27, 100.000000
18, 16, 28, 100.000000
18, 16, 29, 100.000000
18, 16, 30, 100.000000
18, 16, 31, 100.000000
18, 16, 32, 100.000000
18, 16, 33, 100.000000
18, 16, 34, 100.000000
18, 17, 0, 0.390916
18, 17, 1, -0.209598
18, 17, 2, -0.447691
18, 17, 3, -0.447453
18, 17, 4, -0.466274
18, 17, 5, -0.472118
18, 17, 6, -0.482991
18, 17, 7, -0.483496
18, 17, 8, -0.472153
18, 17, 9, -0.425572
18, 17, 10, -0.259993
18, 17, 11, 0.102362
18, 17, 12, 0.617570
18, 17, 13, 1.198639
18, 17, 14, 1.834495
18, 17, 15, 100.000000
18, 17, 16, 100.000000
18, 17, 17, 100.000000
18, 17, 18, 100.000000
18, 17, 19, 100.000000
18, 17, 20, 100.000000
18, 17, 21, 100.000000
18, 17, 22, 100.000000
18, 17, 23, 100.000000
18, 17, 24, 100.000000
18, 17, 25, 100.000000
18, 17, 26, 100.000000
18, 17, 27, 100.000000
18, 17, 28, 100.000000
18, 17, 29, 100.000000
18, 17, 30, 100.000000
18, 17, 31, 100.000000
18, 17, 32, 100.000000
18, 17, 33, 100.000000
18, 17, 34, 100.000000
18, 18, 0, 0.413404
18, 18, 1, -0.158367
18, 18, 2, -0.484221
18, 18, 3, -0.440587
18, 18, 4, -0.450434
18, 18, 5, -0.473438
18, 18, 6, -0.485045
18, 18, 7, -0.475513
18, 18, 8, -0.476186
18, 18, 9, -0.436203
18, 18, 10, -0.275187
18, 18, 11, 0.079551
18, 18, 12, 0.600956
18, 18, 13, 1.155511
18, 18, 14, 1.790355
18, 18, 15, 100.000000
18, 18, 16, 100.000000
18, 18, 17, 100.000000
18, 18, 18, 100.000000
18, 18, 19, 100.000000
18, 18, 20, 100.000000
18, 18, 21, 100.000000
18, 18, 22, 100.000000
18, 18, 23, 100.000000
18, 18, 24, 100.000000
18, 18, 25, 100.000000
18, 18, 26, 100.000000
18, 18, 27, 100.000000
18, 18, 28, 100.000000
18, 18, 29, 100.000000
18, 18, 30, 100.000000
18, 18, 31, 100.000000
18, 18, 32, 100.000000
18, 18, 33, 100.000000
18, 18, 34, 100.000000
18, 19, 0, 0.414140
18, 19, 1, -0.131573
18, 19, 2, -0.475473
18, 19, 3, -0.438782
18, 19, 4, -0.441975
18, 19, 5, -0.464240
18, 19, 6, -0.473706
18, 19, 7, -0.478474
18, 19, 8, -0.491190
18, 19, 9, -0.445865
18, 19, 10, -0.296033
18, 19, 11, 0.050620
18, 19, 12, 0.556744
18, 19, 13, 1.112832
18, 19, 14, 1.671722
18, 19, 15, 100.000000
18, 19, 16, 100.000000
18, 19, 17, 100.000000
18, 19, 18, 100.000000
18, 19, 19, 100.000000
18, 19, 20, 100.000000
18, 19, 21, 100.000000
18, 19, 22, 100.000000
18, 19, 23, 100.000000
18, 19, 24, 100.000000
18, 19, 25, 100.000000
18, 19, 26, 100.000000
18, 19, 27, 100.000000
18, 19, 28, 100.000000
18, 19, 29, 100.000000
18, 19, 30, 100.000000
18, 19, 31, 100.000000
18, 19, 32, 100.000000
18, 19, 33, 100.000000
18, 19, 34, 100.000000
18, 20, 0, 0.410511
18, 20, 1, -0.120754
18, 20, 2, -0.451851
18, 20, 3, -0.417422
18, 20, 4, -0.426908
18, 20, 5, -0.468769
18, 20, 6, -0.474097
18, 20, 7, -0.470147
18, 20, 8, -0.482188
18, 20, 9, -0.440599
18, 20, 10, -0.284815
18, 20, 11, 0.025341
18, 20, 12, 0.519088
18, 20, 13, 1.021207
18, 20, 14, 1.579937
18, 20, 15, 100.000000
18, 20, 16, 100.000000
18, 20, 17, 100.000000
18, 20, 18, 100.000000
18, 20, 19, 100.000000
18, 20, 20, 100.000000
18, 20, 21, 100.000000
18, 20, 22, 100.000000
18, 20, 23, 100.000000
18, 20, 24, 100.000000
18, 20, 25, 100.000000
18, 20, 26, 100.000000
18, 20, 27, 100.000000
18, 20, 28, 100.000000
18, 20, 29, 100.000000
18, 20, 30, 100.000000
18, 20, 31, 100.000000
18, 20, 32, 100.000000
18, 20, 33, 100.000000
18, 20, 34, 100.000000
18, 21, 0, 0.418693
18, 21, 1, -0.117713
18, 21, 2, -0.469936
18, 21, 3, -0.390994
18, 21, 4, -0.427500
18, 21, 5, -0.482821
18, 21, 6, -0.436313
18, 21, 7, -0.443312
18, 21, 8, -0.453445
18, 21, 9, -0.434255
18, 21, 10, -0.262599
18, 21, 11, 0.030926
18, 21, 12, 0.486004
18, 21, 13, 0.973261
18, 21, 14, 1.573265
18, 21, 15, 100.000000
18, 21, 16, 100.000000
18, 21, 17, 100.000000
18, 21, 18, 100.000000
18, 21, 19, 100.000000
18, 21, 20, 100.000000
18, 21, 21, 100.000000
18, 21, 22, 100.000000
18, 21, 23, 100.000000
18, 21, 24, 100.000000
18, 21, 25, 100.000000
18, 21, 26, 100.000000
18, 21, 27, 100.000000
18, 21, 28, 100.000000
18, 21, 29, 100.000000
18, 21, 30, 100.000000
18, 21, 31, 100.000000
18, 21, 32, 100.000000
18, 21, 33, 100.000000
18, 21, 34, 100.000000
18, 22, 0, 0.425181
18, 22, 1, -0.134026
18, 22, 2, -0.475610
18, 22, 3, -0.375823
18, 22, 4, -0.465721
18, 22, 5, -0.476539
18, 22, 6, -0.445617
18, 22, 7, -0.437060
18, 22, 8, -0.444051
18, 22, 9, -0.419881
18, 22, 10, -0.236076
18, 22, 11, 0.050993
18, 22, 12, 0.474652
18, 22, 13, 1.050047
18, 22, 14, 1.716415
18, 22, 15, 100.000000
18, 22, 16, 100.000000
18, 22, 17, 100.000000
18, 22, 18, 100.000000
18, 22, 19, 100.000000
18, 22, 20, 100.000000
18, 22, 21, 100.000000
18, 22, 22, 100.000000
18, 22, 23, 100.000000
18, 22, 24, 100.000000
18, 22, 25, 100.000000
18, 22, 26, 100.000000
18, 22, 27, 100.000000
18, 22, 28, 100.000000
18, 22, 29, 100.000000
18, 22, 30, 100.000000
18, 22, 31, 100.000000
18, 22, 32, 100.000000
18, 22, 33, 100.000000
18, 22, 34, 100.000000
18, 23, 0, 0.426656
18, 23, 1, -0.151649
18, 23, 2, -0.441423
18, 23, 3, -0.408295
18, 23, 4, -0.483302
18, 23, 5, -0.480286
18, 23, 6, -0.467479
18, 23, 7, -0.443035
18, 23, 8, -0.446743
18, 23, 9, -0.410475
18, 23, 10, -0.222100
18, 23, 11, 0.067298
18, 23, 12, 0.520823
18, 23, 13, 1.146580
18, 23, 14, 1.807665
18, 23, 15, 100.000000
18, 23, 16, 100.000000
18, 23, 17, 100.000000
18, 23, 18, 100.000000
18, 23, 19, 100.000000
18, 23, 20, 100.000000
18, 23, 21, 100.000000
18, 23, 22, 100.000000
18, 23, 23, 100.000000
18, 23, 24, 100.000000
18, 23, 25, 100.000000
18, 23, 26, 100.000000
18, 23, 27, 100.000000
18, 23, 28, 100.000000
18, 23, 29, 100.000000
18, 23, 30, 100.000000
18, 23, 31, 100.000000
18, 23, 32, 100.000000
18, 23, 33, 100.000000
18, 23, 34, 100.000000
18, 24, 0, 0.427009
18, 24, 1, -0.150111
18, 24, 2, -0.467006
18, 24, 3, -0.448733
18, 24, 4, -0.473270
18, 24, 5, -0.465078
18, 24, 6, -0.456854
18, 24, 7, -0.441103
18, 24, 8, -0.457856
18, 24, 9, -0.411518
18, 24, 10, -0.212609
18, 24, 11, 0.101423
18, 24, 12, 0.595031
18, 24, 13, 1.202057
18, 24, 14, 1.892333
18, 24, 15, 100.000000
18, 24, 16, 100.000000
18, 24, 17, 100.000000
18, 24, 18, 100.000000
18, 24, 19, 100.000000
18, 24, 20, 100.000000
18, 24, 21, 100.000000
18, 24, 22, 100.000000
18, 24, 23, 100.000000
18, 24, 24, 100.000000
18, 24, 25, 100.000000
18, 24, 26, 100.000000
18, 24, 27, 100.000000
18, 24, 28, 100.000000
18, 24, 29, 100.000000
18, 24, 30, 100.000000
18, 24, 31, 100.000000
18, 24, 32, 100.000000
18, 24, 33, 100.000000
18, 24, 34, 100.000000
18, 25, 0, 0.422393
18, 25, 1, -0.135963
18, 25, 2, -0.451067
18, 25, 3, -0.468238
18, 25, 4, -0.480974
18, 25, 5, -0.477967
18, 25, 6, -0.463040
18, 25, 7, -0.451212
18, 25, 8, -0.479912
18, 25, 9, -0.407594
18, 25, 10, -0.195181
18, 25, 11, 0.142798
18, 25, 12, 0.630551
18, 25, 13, 1.230359
18, 25, 14, 2.005742
18, 25, 15, 100.000000
18, 25, 16, 100.000000
18, 25, 17, 100.000000
18, 25, 18, 100.000000
18, 25, 19, 100.000000
18, 25, 20, 100.000000
18, 25, 21, 100.000000
18, 25, 22, 100.000000
18, 25, 23, 100.000000
18, 25, 24, 100.000000
18, 25, 25, 100.000000
18, 25, 26, 100.000000
18, 25, 27, 100.000000
18, 25, 28, 100.000000
18, 25, 29, 100.000000
18, 25, 30, 100.000000
18, 25, 31, 100.000000
18, 25, 32, 100.000000
18, 25, 33, 100.000000
18, 25, 34, 100.000000
18, 26, 0, 0.399038
18, 26, 1, -0.134651
18, 26, 2, -0.422183
18, 26, 3, -0.466161
18, 26, 4, -0.482568
18, 26, 5, -0.465193
18, 26, 6, -0.458208
18, 26, 7, -0.450965
18, 26, 8, -0.464757
18, 26, 9, -0.405402
18, 26, 10, -0.183729
18, 26, 11, 0.161141
18, 26, 12, 0.647744
18, 26, 13, 1.263047
18, 26, 14, 2.089214
18, 26, 15, 100.000000
18, 26, 16, 100.000000
18, 26, 17, 100.000000
18, 26, 18, 100.000000
18, 26, 19, 100.000000
18, 26, 20, 100.000000
18, 26, 21, 100.000000
18, 26, 22, 100.000000
18, 26, 23, 100.000000
18, 26, 24, 100.000000
18, 26, 25, 100.000000
18, 26, 26, 100.000000
18, 26, 27, 100.000000
18, 26, 28, 100.000000
18, 26, 29, 100.000000
18, 26, 30, 100.000000
18, 26, 31, 100.000000
18, 26, 32, 100.000000
18, 26, 33, 100.000000
18, 26, 34, 100.000000
18, 27, 0, 0.386942
18, 27, 1, -0.134699
18, 27, 2, -0.406774
18, 27, 3, -0.449133
18, 27, 4, -0.449725
18, 27, 5, -0.452103
18, 27, 6, -0.458653
18, 27, 7, -0.476216
18, 27, 8, -0.451107
18, 27, 9, -0.358704
18, 27, 10, -0.164011
18, 27, 11, 0.174856
18, 27, 12, 0.669616
18, 27, 13, 1.295547
18, 27, 14, 2.014574
18, 27, 15, 100.000000
18, 27, 16, 100.000000
18, 27, 17, 100.000000
18, 27, 18, 100.000000
18, 27, 19, 100.000000
18, 27, 20, 100.000000
18, 27, 21, 100.000000
18, 27, 22, 100.000000
18, 27, 23, 100.000000
18, 27, 24, 100.000000
18, 27, 25, 100.000000
18, 27, 26, 100.000000
18, 27, 27, 100.000000
18, 27, 28, 100.000000
18, 27, 29, 100.000000
18, 27, 30, 100.000000
18, 27, 31, 100.000000
18, 27, 32, 100.000000
18, 27, 33, 100.000000
18, 27, 34, 100.000000
18, 28, 0, 0.407658
18, 28, 1, -0.127612
18, 28, 2, -0.397826
18, 28, 3, -0.438564
18, 28, 4, -0.474393
18, 28, 5, -0.467957
18, 28, 6, -0.485690
18, 28, 7, -0.420163
18, 28, 8, -0.320320
18, 28, 9, -0.235919
18, 28, 10, -0.080138
18, 28, 11, 0.230652
18, 28, 12, 0.750637
18, 28, 13, 1.456537
18, 28, 14, 2.171777
18, 28, 15, 100.000000
18, 28, 16, 100.000000
18, 28, 17, 100.000000
18, 28, 18, 100.000000
18, 28, 19, 100.000000
18, 28, 20, 100.000000
18, 28, 21, 100.000000
18, 28, 22, 100.000000
18, 28, 23, 100.000000
18, 28, 24, 100.000000
18, 28, 25, 100.000000
18, 28, 26, 100.000000
18, 28, 27, 100.000000
18, 28, 28, 100.000000
18, 28, 29, 100.000000
18, 28, 30, 100.000000
18, 28, 31, 100.000000
18, 28, 32, 100.000000
18, 28, 33, 100.000000
18, 28, 34, 100.000000
18, 29, 0, 0.469344
18, 29, 1, 0.014794
18, 29, 2, -0.094645
18, 29, 3, -0.098489
18, 29, 4, -0.141492
18, 29, 5, -0.177183
18, 29, 6, -0.156854
18, 29, 7, -0.084570
18, 29, 8, -0.012099
18, 29, 9, 0.026447
18, 29, 10, 0.122565
18, 29, 11, 0.413736
18, 29, 12, 0.951075
18, 29, 13, 1.641296
18, 29, 14, 100.000000
18, 29, 15, 100.000000
18, 29, 16, 100.000000
18, 29, 17, 100.000000
18, 29, 18, 100.000000
18, 29, 19, 100.000000
18, 29, 20, 100.000000
18, 29, 21, 100.000000
18, 29, 22, 100.000000
18, 29, 23, 100.000000
18, 29, 24, 100.000000
18, 29, 25, 100.000000
18, 29, 26, 100.000000
18, 29, 27, 100.000000
18, 29, 28, 100.000000
18, 29, 29, 100.000000
18, 29, 30, 100.000000
18, 29, 31, 100.000000
18, 29, 32, 100.000000
18, 29, 33, 100.000000
18, 29, 34, 100.000000
19, 0, 0, 0.861397
19, 0, 1, 0.567442
19, 0, 2, 0.450281
19, 0, 3, 0.395100
19, 0, 4, 0.369112
19, 0, 5, 0.386368
19, 0, 6, 0.404475
19, 0, 7, 0.422832
19, 0, 8, 0.435399
19, 0, 9, 0.481966
19, 0, 10, 0.603778
19, 0, 11, 0.856309
19, 0, 12, 1.314514
19, 0, 13, 1.976989
19, 0, 14, 100.000000
19, 0, 15, 100.000000
19, 0, 16, 100.000000
19, 0, 17, 100.000000
19, 0, 18, 100.000000
19, 0, 19, 100.000000
19, 0, 20, 100.000000
19, 0, 21, 100.000000
19, 0, 22, 100.000000
19, 0, 23, 100.000000
19, 0, 24, 100.000000
19, 0, 25, 100.000000
19, 0, 26, 100.000000
19, 0, 27, 100.000000
19, 0, 28, 100.000000
19, 0, 29, 100.000000
19, 0, 30, 100.000000
19, 0, 31, 100.000000
19, 0, 32, 100.000000
19, 0, 33, 100.000000
19, 0, 34, 100.000000
19, 1, 0, 0.519672
19, 1, 1, 0.115778
19, 1, 2, -0.077558
19, 1, 3, -0.176874
19, 1, 4, -0.214421
19, 1, 5, -0.188666
19, 1, 6, -0.147987
19, 1, 7, -0.115768
19, 1, 8, -0.085363
19, 1, 9, -0.028292
19, 1, 10, 0.162836
19, 1, 11, 0.583022
19, 1, 12, 1.118013
19, 1, 13, 1.706343
19, 1, 14, 100.000000
19, 1, 15, 100.000000
19, 1, 16, 100.000000
19, 1, 17, 100.000000
19, 1, 18, 100.000000
19, 1, 19, 100.000000
19, 1, 20, 100.000000
19, 1, 21, 100.000000
19, 1, 22, 100.000000
19, 1, 23, 100.000000
19, 1, 24, 100.000000
19, 1, 25, 100.000000
19, 1, 26, 100.000000
19, 1, 27, 100.000000
19, 1, 28, 100.000000
19, 1, 29, 100.000000
19, 1, 30, 100.000000
19, 1, 31, 100.000000
19, 1, 32, 100.000000
19, 1, 33, 100.000000
19, 1, 34, 100.000000
19, 2, 0, 0.423451
19, 2, 1, -0.094085
19, 2, 2, -0.379132
19, 2, 3, -0.462268
19, 2, 4, -0.475959
19, 2, 5, -0.464564
19, 2, 6, -0.456425
19, 2, 7, -0.427191
19, 2, 8, -0.375372
19, 2, 9, -0.263326
19, 2, 10, 0.018192
19, 2, 11, 0.505388
19, 2, 12, 1.104620
19, 2, 13, 1.461505
19, 2, 14, 2.480939
19, 2, 15, 100.000000
19, 2, 16, 100.000000
19, 2, 17, 100.000000
19, 2, 18, 100.000000
19, 2, 19, 100.000000
19, 2, 20, 100.000000
19, 2, 21, 100.000000
19, 2, 22, 100.000000
19, 2, 23, 100.000000
19, 2, 24, 100.000000
19, 2, 25, 100.000000
19, 2, 26, 100.000000
19, 2, 27, 100.000000
19, 2, 28, 100.000000
19, 2, 29, 100.000000
19, 2, 30, 100.000000
19, 2, 31, 100.000000
19, 2, 32, 100.000000
19, 2, 33, 100.000000
19, 2, 34, 100.000000
19, 3, 0, 0.429848
19, 3, 1, -0.137329
19, 3, 2, -0.440390
19, 3, 3, -0.434190
19, 3, 4, -0.443605
19, 3, 5, -0.464529
19, 3, 6, -0.483659
19, 3, 7, -0.473508
19, 3, 8, -0.414772
19, 3, 9, -0.287186
19, 3, 10, 0.026704
19, 3, 11, 0.505256
19, 3, 12, 1.035995
19, 3, 13, 1.359076
19, 3, 14, 2.195880
19, 3, 15, 100.000000
19, 3, 16, 100.000000
19, 3, 17, 100.000000
19, 3, 18, 100.000000
19, 3, 19, 100.000000
19, 3, 20, 100.000000
19, 3, 21, 100.000000
19, 3, 22, 100.000000
19, 3, 23, 100.000000
19, 3, 24, 100.000000
19, 3, 25, 100.000000
19, 3, 26, 100.000000
19, 3, 27, 100.000000
19, 3, 28, 100.000000
19, 3, 29, 100.000000
19, 3, 30, 100.000000
19, 3, 31, 100.000000
19, 3, 32, 100.000000
19, 3, 33, 100.000000
19, 3, 34, 100.000000
19, 4, 0, 0.431369
19, 4, 1, -0.153017
19, 4, 2, -0.448138
19, 4, 3, -0.429007
19, 4, 4, -0.459487
19, 4, 5, -0.481568
19, 4, 6, -0.479728
19, 4, 7, -0.485633
19, 4, 8, -0.444264
19, 4, 9, -0.303906
19, 4, 10, 0.038361
19, 4, 11, 0.495910
19, 4, 12, 0.955162
19, 4, 13, 1.380756
19, 4, 14, 2.265779
19, 4, 15, 100.000000
19, 4, 16, 100.000000
19, 4, 17, 100.000000
19, 4, 18, 100.000000
19, 4, 19, 100.000000
19, 4, 20, 100.000000
19, 4, 21, 100.000000
19, 4, 22, 100.000000
19, 4, 23, 100.000000
19, 4, 24, 100.000000
19, 4, 25, 100.000000
19, 4, 26, 100.000000
19, 4, 27, 100.000000
19, 4, 28, 100.000000
19, 4, 29, 100.000000
19, 4, 30, 100.000000
19, 4, 31, 100.000000
19, 4, 32, 100.000000
19, 4, 33, 100.000000
19, 4, 34, 100.000000
19, 5, 0, 0.423080
19, 5, 1, -0.156439
19, 5, 2, -0.448233
19, 5, 3, -0.424319
19, 5, 4, -0.477348
19, 5, 5, -0.469737
19, 5, 6, -0.486745
19, 5, 7, -0.462293
19, 5, 8, -0.455397
19, 5, 9, -0.329037
19, 5, 10, 0.047651
19, 5, 11, 0.521340
19, 5, 12, 0.994751
19, 5, 13, 1.579024
19, 5, 14, 100.000000
19, 5, 15, 100.000000
19, 5, 16, 100.000000
19, 5, 17, 100.000000
19, 5, 18, 100.000000
19, 5, 19, 100.000000
19, 5, 20, 100.000000
19, 5, 21, 100.000000
19, 5, 22, 100.000000
19, 5, 23, 100.000000
19, 5, 24, 100.000000
19, 5, 25, 100.000000
19, 5, 26, 100.000000
19, 5, 27, 100.000000
19, 5, 28, 100.000000
19, 5, 29, 100.000000
19, 5, 30, 100.000000
19, 5, 31, 100.000000
19, 5, 32, 100.000000
19, 5, 33, 100.000000
19, 5, 34, 100.000000
19, 6, 0, 0.427740
19, 6, 1, -0.142062
19, 6, 2, -0.441016
19, 6, 3, -0.419846
19, 6, 4, -0.435705
19, 6, 5, -0.427647
19, 6, 6, -0.446240
19, 6, 7, -0.439436
19, 6, 8, -0.457951
19, 6, 9, -0.335786
19, 6, 10, 0.019955
19, 6, 11, 0.509088
19, 6, 12, 0.999950
19, 6, 13, 1.639278
19, 6, 14, 100.000000
19, 6, 15, 100.000000
19, 6, 16, 100.000000
19, 6, 17, 100.000000
19, 6, 18, 100.000000
19, 6, 19, 100.000000
19, 6, 20, 100.000000
19, 6, 21, 100.000000
19, 6, 22, 100.000000
19, 6, 23, 100.000000
19, 6, 24, 100.000000
19, 6, 25, 100.000000
19, 6, 26, 100.000000
19, 6, 27, 100.000000
19, 6, 28, 100.000000
19, 6, 29, 100.000000
19, 6, 30, 100.000000
19, 6, 31, 100.000000
19, 6, 32, 100.000000
19, 6, 33, 100.000000
19, 6, 34, 100.000000
19, 7, 0, 0.421141
19, 7, 1, -0.129904
19, 7, 2, -0.446757
19, 7, 3, -0.427918
19, 7, 4, -0.453822
19, 7, 5, -0.452370
19, 7, 6, -0.458981
19, 7, 7, -0.449031
19, 7, 8, -0.430582
19, 7, 9, -0.338458
19, 7, 10, -0.019338
19, 7, 11, 0.465014
19, 7, 12, 0.983245
19, 7, 13, 1.563112
19, 7, 14, 2.416546
19, 7, 15, 100.000000
19, 7, 16, 100.000000
19, 7, 17, 100.000000
19, 7, 18, 100.000000
19, 7, 19, 100.000000
19, 7, 20, 100.000000
19, 7, 21, 100.000000
19, 7, 22, 100.000000
19, 7, 23, 100.000000
19, 7, 24, 100.000000
19, 7, 25, 100.000000
19, 7, 26, 100.000000
19, 7, 27, 100.000000
19, 7, 28, 100.000000
19, 7, 29, 100.000000
19, 7, 30, 100.000000
19, 7, 31, 100.000000
19, 7, 32, 100.000000
19, 7, 33, 100.000000
19, 7, 34, 100.000000
19, 8, 0, 0.414188
19, 8, 1, -0.134395
19, 8, 2, -0.460156
19, 8, 3, -0.461658
19, 8, 4, -0.469039
19, 8, 5, -0.445615
19, 8, 6, -0.462074
19, 8, 7, -0.482809
19, 8, 8, -0.452784
19, 8, 9, -0.353007
19, 8, 10, -0.059194
19, 8, 11, 0.407674
19, 8, 12, 0.956561
19, 8, 13, 1.496356
19, 8, 14, 2.269352
19, 8, 15, 100.000000
19, 8, 16, 100.000000
19, 8, 17, 100.000000
19, 8, 18, 100.000000
19, 8, 19, 100.000000
19, 8, 20, 100.000000
19, 8, 21, 100.000000
19, 8, 22, 100.000000
19, 8, 23, 100.000000
19, 8, 24, 100.000000
19, 8, 25, 100.000000
19, 8, 26, 100.000000
19, 8, 27, 100.000000
19, 8, 28, 100.000000
19, 8, 29, 100.000000
19, 8, 30, 100.000000
19, 8, 31, 100.000000
19, 8, 32, 100.000000
19, 8, 33, 100.000000
19, 8, 34, 100.000000
19, 9, 0, 0.419641
19, 9, 1, -0.150050
19, 9, 2, -0.481520
19, 9, 3, -0.442474
19, 9, 4, -0.446319
19, 9, 5, -0.427193
19, 9, 6, -0.449515
19, 9, 7, -0.468937
19, 9, 8, -0.449774
19, 9, 9, -0.369590
19, 9, 10, -0.088075
19, 9, 11, 0.372795
19, 9, 12, 0.919791
19, 9, 13, 1.505213
19, 9, 14, 2.471933
19, 9, 15, 100.000000
19, 9, 16, 100.000000
19, 9, 17, 100.000000
19, 9, 18, 100.000000
19, 9, 19, 100.000000
19, 9, 20, 100.000000
19, 9, 21, 100.000000
19, 9, 22, 100.000000
19, 9, 23, 100.000000
19, 9, 24, 100.000000
19, 9, 25, 100.000000
19, 9, 26, 100.000000
19, 9, 27, 100.000000
19, 9, 28, 100.000000
19, 9, 29, 100.000000
19, 9, 30, 100.000000
19, 9, 31, 100.000000
19, 9, 32, 100.000000
19, 9, 33, 100.000000
19, 9, 34, 100.000000
19, 10, 0, 0.442370
19, 10, 1, -0.146377
19, 10, 2, -0.478032
19, 10, 3, -0.454106
19, 10, 4, -0.435327
19, 10, 5, -0.425630
19, 10, 6, -0.441508
19, 10, 7, -0.485029
19, 10, 8, -0.467963
19, 10, 9, -0.380207
19, 10, 10, -0.088987
19, 10, 11, 0.350186
19, 10, 12, 0.850073
19, 10, 13, 1.412996
19, 10, 14, 2.299234
19, 10, 15, 100.000000
19, 10, 16, 100.000000
19, 10, 17, 100.000000
19, 10, 18, 100.000000
19, 10, 19, 100.000000
19, 10, 20, 100.000000
19, 10, 21, 100.000000
19, 10, 22, 100.000000
19, 10, 23, 100.000000
19, 10, 24, 100.000000
19, 10, 25, 100.000000
19, 10, 26, 100.000000
19, 10, 27, 100.000000
19, 10, 28, 100.000000
19, 10, 29, 100.000000
19, 10, 30, 100.000000
19, 10, 31, 100.000000
19, 10, 32, 100.000000
19, 10, 33, 100.000000
19, 10, 34, 100.000000
19, 11, 0, 0.447553
19, 11, 1, -0.128400
19, 11, 2, -0.488964
19, 11, 3, -0.442577
19, 11, 4, -0.431489
19, 11, 5, -0.435153
19, 11, 6, -0.445919
19, 11, 7, -0.471067
19, 11, 8, -0.457154
19, 11, 9, -0.384488
19, 11, 10, -0.111553
19, 11, 11, 0.319019
19, 11, 12, 0.799550
19, 11, 13, 1.275692
19, 11, 14, 1.993319
19, 11, 15, 100.000000
19, 11, 16, 100.000000
19, 11, 17, 100.000000
19, 11, 18, 100.000000
19, 11, 19, 100.000000
19, 11, 20, 100.000000
19, 11, 21, 100.000000
19, 11, 22, 100.000000
19, 11, 23, 100.000000
19, 11, 24, 100.000000
19, 11, 25, 100.000000
19, 11, 26, 100.000000
19, 11, 27, 100.000000
19, 11, 28, 100.000000
19, 11, 29, 100.000000
19, 11, 30, 100.000000
19, 11, 31, 100.000000
19, 11, 32, 100.000000
19, 11, 33, 100.000000
19, 11, 34, 100.000000
19, 12, 0, 0.432067
19, 12, 1, -0.123266
19, 12, 2, -0.461682
19, 12, 3, -0.440655
19, 12, 4, -0.432240
19, 12, 5, -0.444647
19, 12, 6, -0.467347
19, 12, 7, -0.463748
19, 12, 8, -0.455493
19, 12, 9, -0.405647
19, 12, 10, -0.135811
19, 12, 11, 0.290389
19, 12, 12, 0.785668
19, 12, 13, 1.341038
19, 12, 14, 2.002340
19, 12, 15, 100.000000
19, 12, 16, 100.000000
19, 12, 17, 100.000000
19, 12, 18, 100.000000
19, 12, 19, 100.000000
19, 12, 20, 100.000000
19, 12, 21, 100.000000
19, 12, 22, 100.000000
19, 12, 23, 100.000000
19, 12, 24, 100.000000
19, 12, 25, 100.000000
19, 12, 26, 100.000000
19, 12, 27, 100.000000
19, 12, 28, 100.000000
19, 12, 29, 100.000000
19, 12, 30, 100.000000
19, 12, 31, 100.000000
19, 12, 32, 100.000000
19, 12, 33, 100.000000
19, 12, 34, 100.000000
19, 13, 0, 0.397189
19, 13, 1, -0.148635
19, 13, 2, -0.455763
19, 13, 3, -0.437320
19, 13, 4, -0.432323
19, 13, 5, -0.428531
19, 13, 6, -0.461377
19, 13, 7, -0.459777
19, 13, 8, -0.447201
19, 13, 9, -0.416391
19, 13, 10, -0.132236
19, 13, 11, 0.290874
19, 13, 12, 0.805097
19, 13, 13, 1.400744
19, 13, 14, 2.157513
19, 13, 15, 100.000000
19, 13, 16, 100.000000
19, 13, 17, 100.000000
19, 13, 18, 100.000000
19, 13, 19, 100.000000
19, 13, 20, 100.000000
19, 13, 21, 100.000000
19, 13, 22, 100.000000
19, 13, 23, 100.000000
19, 13, 24, 100.000000
19, 13, 25, 100.000000
19, 13, 26, 100.000000
19, 13, 27, 100.000000
19, 13, 28, 100.000000
19, 13, 29, 100.000000
19, 13, 30, 100.000000
19, 13, 31, 100.000000
19, 13, 32, 100.000000
19, 13, 33, 100.000000
19, 13, 34, 100.000000
19, 14, 0, 0.367048
19, 14, 1, -0.186048
19, 14, 2, -0.454467
19, 14, 3, -0.454958
19, 14, 4, -0.446921
19, 14, 5, -0.462374
19, 14, 6, -0.466764
19, 14, 7, -0.472318
19, 14, 8, -0.477176
19, 14, 9, -0.405856
19, 14, 10, -0.149683
19, 14, 11, 0.268058
19, 14, 12, 0.774393
19, 14, 13, 1.350126
19, 14, 14, 2.172823
19, 14, 15, 100.000000
19, 14, 16, 100.000000
19, 14, 17, 100.000000
19, 14, 18, 100.000000
19, 14, 19, 100.000000
19, 14, 20, 100.000000
19, 14, 21, 100.000000
19, 14, 22, 100.000000
19, 14, 23, 100.000000
19, 14, 24, 100.000000
19, 14, 25, 100.000000
19, 14, 26, 100.000000
19, 14, 27, 100.000000
19, 14, 28, 100.000000
19, 14, 29, 100.000000
19, 14, 30, 100.000000
19, 14, 31, 100.000000
19, 14, 32, 100.000000
19, 14, 33, 100.000000
19, 14, 34, 100.000000
19, 15, 0, 0.365431
19, 15, 1, -0.211559
19, 15, 2, -0.478764
19, 15, 3, -0.471670
19, 15, 4, -0.444890
19, 15, 5, -0.449439
19, 15, 6, -0.459011
19, 15, 7, -0.468605
19, 15, 8, -0.457057
19, 15, 9, -0.432288
19, 15, 10, -0.194573
19, 15, 11, 0.203143
19, 15, 12, 0.698637
19, 15, 13, 1.263062
19, 15, 14, 1.914478
19, 15, 15, 100.000000
19, 15, 16, 100.000000
19, 15, 17, 100.000000
19, 15, 18, 100.000000
19, 15, 19, 100.000000
19, 15, 20, 100.000000
19, 15, 21, 100.000000
19, 15, 22, 100.000000
19, 15, 23, 100.000000
19, 15, 24, 100.000000
19, 15, 25, 100.000000
19, 15, 26, 100.000000
19, 15, 27, 100.000000
19, 15, 28, 100.000000
19, 15, 29, 100.000000
19, 15, 30, 100.000000
19, 15, 31, 100.000000
19, 15, 32, 100.000000
19, 15, 33, 100.000000
19, 15, 34, 100.000000
19, 16, 0, 0.385378
19, 16, 1, -0.229431
19, 16, 2, -0.448431
19, 16, 3, -0.475842
19, 16, 4, -0.461928
19, 16, 5, -0.453093
19, 16, 6, -0.477406
19, 16, 7, -0.462779
19, 16, 8, -0.441724
19, 16, 9, -0.410905
19, 16, 10, -0.220923
19, 16, 11, 0.128821
19, 16, 12, 0.618674
19, 16, 13, 1.177226
19, 16, 14, 1.824415
19, 16, 15, 100.000000
19, 16, 16, 100.000000
19, 16, 17, 100.000000
19, 16, 18, 100.000000
19, 16, 19, 100.000000
19, 16, 20, 100.000000
19, 16, 21, 100.000000
19, 16, 22, 100.000000
19, 16, 23, 100.000000
19, 16, 24, 100.000000
19, 16, 25, 100.000000
19, 16, 26, 100.000000
19, 16, 27, 100.000000
19, 16, 28, 100.000000
19, 16, 29, 100.000000
19, 16, 30, 100.000000
19, 16, 31, 100.000000
19, 16, 32, 100.000000
19, 16, 33, 100.000000
19, 16, 34, 100.000000
19, 17, 0, 0.405926
19, 17, 1, -0.206759
19, 17, 2, -0.443278
19, 17, 3, -0.468324
19, 17, 4, -0.472501
19, 17, 5, -0.459932
19, 17, 6, -0.482678
19, 17, 7, -0.481202
19, 17, 8, -0.473249
19, 17, 9, -0.397655
19, 17, 10, -0.234613
19, 17, 11, 0.073546
19, 17, 12, 0.553723
19, 17, 13, 1.166926
19, 17, 14, 1.819610
19, 17, 15, 100.000000
19, 17, 16, 100.000000
19, 17, 17, 100.000000
19, 17, 18, 100.000000
19, 17, 19, 100.000000
19, 17, 20, 100.000000
19, 17, 21, 100.000000
19, 17, 22, 100.000000
19, 17, 23, 100.000000
19, 17, 24, 100.000000
19, 17, 25, 100.000000
19, 17, 26, 100.000000
19, 17, 27, 100.000000
19, 17, 28, 100.000000
19, 17, 29, 100.000000
19, 17, 30, 100.000000
19, 17, 31, 100.000000
19, 17, 32, 100.000000
19, 17, 33, 100.000000
19, 17, 34, 100.000000
19, 18, 0, 0.434475
19, 18, 1, -0.153914
19, 18, 2, -0.459857
19, 18, 3, -0.465610
19, 18, 4, -0.466352
19, 18, 5, -0.461299
19, 18, 6, -0.483893
19, 18, 7, -0.473993
19, 18, 8, -0.470953
19, 18, 9, -0.401128
19, 18, 10, -0.243491
19, 18, 11, 0.051010
19, 18, 12, 0.527401
19, 18, 13, 1.146547
19, 18, 14, 1.798266
19, 18, 15, 100.000000
19, 18, 16, 100.000000
19, 18, 17, 100.000000
19, 18, 18, 100.000000
19, 18, 19, 100.000000
19, 18, 20, 100.000000
19, 18, 21, 100.000000
19, 18, 22, 100.000000
19, 18, 23, 100.000000
19, 18, 24, 100.000000
19, 18, 25, 100.000000
19, 18, 26, 100.000000
19, 18, 27, 100.000000
19, 18, 28, 100.000000
19, 18, 29, 100.000000
19, 18, 30, 100.000000
19, 18, 31, 100.000000
19, 18, 32, 100.000000
19, 18, 33, 100.000000
19, 18, 34, 100.000000
19, 19, 0, 0.436793
19, 19, 1, -0.120721
19, 19, 2, -0.458544
19, 19, 3, -0.455682
19, 19, 4, -0.457162
19, 19, 5, -0.457184
19, 19, 6, -0.463952
19, 19, 7, -0.466202
19, 19, 8, -0.479272
19, 19, 9, -0.425209
19, 19, 10, -0.252324
19, 19, 11, 0.061672
19, 19, 12, 0.511315
19, 19, 13, 1.048893
19, 19, 14, 1.613646
19, 19, 15, 100.000000
19, 19, 16, 100.000000
19, 19, 17, 100.000000
19, 19, 18, 100.000000
19, 19, 19, 100.000000
19, 19, 20, 100.000000
19, 19, 21, 100.000000
19, 19, 22, 100.000000
19, 19, 23, 100.000000
19, 19, 24, 100.000000
19, 19, 25, 100.000000
19, 19, 26, 100.000000
19, 19, 27, 100.000000
19, 19, 28, 100.000000
19, 19, 29, 100.000000
19, 19, 30, 100.000000
19, 19, 31, 100.000000
19, 19, 32, 100.000000
19, 19, 33, 100.000000
19, 19, 34, 100.000000
19, 20, 0, 0.425418
19, 20, 1, -0.114074
19, 20, 2, -0.433678
19, 20, 3, -0.434305
19, 20, 4, -0.447065
19, 20, 5, -0.446272
19, 20, 6, -0.471751
19, 20, 7, -0.477864
19, 20, 8, -0.455263
19, 20, 9, -0.448256
19, 20, 10, -0.263373
19, 20, 11, 0.059923
19, 20, 12, 0.500759
19, 20, 13, 0.926934
19, 20, 14, 1.420809
19, 20, 15, 2.248867
19, 20, 16, 100.000000
19, 20, 17, 100.000000
19, 20, 18, 100.000000
19, 20, 19, 100.000000
19, 20, 20, 100.000000
19, 20, 21, 100.000000
19, 20, 22, 100.000000
19, 20, 23, 100.000000
19, 20, 24, 100.000000
19, 20, 25, 100.000000
19, 20, 26, 100.000000
19, 20, 27, 100.000000
19, 20, 28, 100.000000
19, 20, 29, 100.000000
19, 20, 30, 100.000000
19, 20, 31, 100.000000
19, 20, 32, 100.000000
19, 20, 33, 100.000000
19, 20, 34, 100.000000
19, 21, 0, 0.418588
19, 21, 1, -0.100119
19, 21, 2, -0.439428
19, 21, 3, -0.421560
19, 21, 4, -0.418073
19, 21, 5, -0.447115
19, 21, 6, -0.463893
19, 21, 7, -0.467417
19, 21, 8, -0.447751
19, 21, 9, -0.468577
19, 21, 10, -0.260679
19, 21, 11, 0.070649
19, 21, 12, 0.486793
19, 21, 13, 0.939314
19, 21, 14, 1.406553
19, 21, 15, 2.214842
19, 21, 16, 100.000000
19, 21, 17, 100.000000
19, 21, 18, 100.000000
19, 21, 19, 100.000000
19, 21, 20, 100.000000
19, 21, 21, 100.000000
19, 21, 22, 100.000000
19, 21, 23, 100.000000
19, 21, 24, 100.000000
19, 21, 25, 100.000000
19, 21, 26, 100.000000
19, 21, 27, 100.000000
19, 21, 28, 100.000000
19, 21, 29, 100.000000
19, 21, 30, 100.000000
19, 21, 31, 100.000000
19, 21, 32, 100.000000
19, 21, 33, 100.000000
19, 21, 34, 100.000000
19, 22, 0, 0.417506
19, 22, 1, -0.110178
19, 22, 2, -0.456222
19, 22, 3, -0.400475
19, 22, 4, -0.434333
19, 22, 5, -0.454132
19, 22, 6, -0.436513
19, 22, 7, -0.432292
19, 22, 8, -0.430571
19, 22, 9, -0.447773
19, 22, 10, -0.256217
19, 22, 11, 0.083192
19, 22, 12, 0.498027
19, 22, 13, 1.044665
19, 22, 14, 1.666682
19, 22, 15, 100.000000
19, 22, 16, 100.000000
19, 22, 17, 100.000000
19, 22, 18, 100.000000
19, 22, 19, 100.000000
19, 22, 20, 100.000000
19, 22, 21, 100.000000
19, 22, 22, 100.000000
19, 22, 23, 100.000000
19, 22, 24, 100.000000
19, 22, 25, 100.000000
19, 22, 26, 100.000000
19, 22, 27, 100.000000
19, 22, 28, 100.000000
19, 22, 29, 100.000000
19, 22, 30, 100.000000
19, 22, 31, 100.000000
19, 22, 32, 100.000000
19, 22, 33, 100.000000
19, 22, 34, 100.000000
19, 23, 0, 0.428699
19, 23, 1, -0.124968
19, 23, 2, -0.476767
19, 23, 3, -0.413490
19, 23, 4, -0.469023
19, 23, 5, -0.457144
19, 23, 6, -0.433236
19, 23, 7, -0.415719
19, 23, 8, -0.426577
19, 23, 9, -0.436815
19, 23, 10, -0.250201
19, 23, 11, 0.097475
19, 23, 12, 0.563062
19, 23, 13, 1.146593
19, 23, 14, 1.927751
19, 23, 15, 100.000000
19, 23, 16, 100.000000
19, 23, 17, 100.000000
19, 23, 18, 100.000000
19, 23, 19, 100.000000
19, 23, 20, 100.000000
19, 23, 21, 100.000000
19, 23, 22, 100.000000
19, 23, 23, 100.000000
19, 23, 24, 100.000000
19, 23, 25, 100.000000
19, 23, 26, 100.000000
19, 23, 27, 100.000000
19, 23, 28, 100.000000
19, 23, 29, 100.000000
19, 23, 30, 100.000000
19, 23, 31, 100.000000
19, 23, 32, 100.000000
19, 23, 33, 100.000000
19, 23, 34, 100.000000
19, 24, 0, 0.434616
19, 24, 1, -0.126685
19, 24, 2, -0.458637
19, 24, 3, -0.436934
19, 24, 4, -0.471032
19, 24, 5, -0.456604
19, 24, 6, -0.439400
19, 24, 7, -0.417326
19, 24, 8, -0.438917
19, 24, 9, -0.444330
19, 24, 10, -0.253644
19, 24, 11, 0.111399
19, 24, 12, 0.617157
19, 24, 13, 1.204826
19, 24, 14, 1.885133
19, 24, 15, 100.000000
19, 24, 16, 100.000000
19, 24, 17, 100.000000
19, 24, 18, 100.000000
19, 24, 19, 100.000000
19, 24, 20, 100.000000
19, 24, 21, 100.000000
19, 24, 22, 100.000000
19, 24, 23, 100.000000
19, 24, 24, 100.000000
19, 24, 25, 100.000000
19, 24, 26, 100.000000
19, 24, 27, 100.000000
19, 24, 28, 100.000000
19, 24, 29, 100.000000
19, 24, 30, 100.000000
19, 24, 31, 100.000000
19, 24, 32, 100.000000
19, 24, 33, 100.000000
19, 24, 34, 100.000000
19, 25, 0, 0.417598
19, 25, 1, -0.121901
19, 25, 2, -0.431661
19, 25, 3, -0.477704
19, 25, 4, -0.477399
19, 25, 5, -0.464308
19, 25, 6, -0.438951
19, 25, 7, -0.416303
19, 25, 8, -0.463163
19, 25, 9, -0.435402
19, 25, 10, -0.227584
19, 25, 11, 0.142103
19, 25, 12, 0.644089
19, 25, 13, 1.247777
19, 25, 14, 1.882259
19, 25, 15, 100.000000
19, 25, 16, 100.000000
19, 25, 17, 100.000000
19, 25, 18, 100.000000
19, 25, 19, 100.000000
19, 25, 20, 100.000000
19, 25, 21, 100.000000
19, 25, 22, 100.000000
19, 25, 23, 100.000000
19, 25, 24, 100.000000
19, 25, 25, 100.000000
19, 25, 26, 100.000000
19, 25, 27, 100.000000
19, 25, 28, 100.000000
19, 25, 29, 100.000000
19, 25, 30, 100.000000
19, 25, 31, 100.000000
19, 25, 32, 100.000000
19, 25, 33, 100.000000
19, 25, 34, 100.000000
19, 26, 0, 0.391299
19, 26, 1, -0.135824
19, 26, 2, -0.413831
19, 26, 3, -0.488929
19, 26, 4, -0.475245
19, 26, 5, -0.483632
19, 26, 6, -0.453029
19, 26, 7, -0.433503
19, 26, 8, -0.469857
19, 26, 9, -0.408198
19, 26, 10, -0.205813
19, 26, 11, 0.159047
19, 26, 12, 0.648600
19, 26, 13, 1.274516
19, 26, 14, 2.000787
19, 26, 15, 100.000000
19, 26, 16, 100.000000
19, 26, 17, 100.000000
19, 26, 18, 100.000000
19, 26, 19, 100.000000
19, 26, 20, 100.000000
19, 26, 21, 100.000000
19, 26, 22, 100.000000
19, 26, 23, 100.000000
19, 26, 24, 100.000000
19, 26, 25, 100.000000
19, 26, 26, 100.000000
19, 26, 27, 100.000000
19, 26, 28, 100.000000
19, 26, 29, 100.000000
19, 26, 30, 100.000000
19, 26, 31, 100.000000
19, 26, 32, 100.000000
19, 26, 33, 100.000000
19, 26, 34, 100.000000
19, 27, 0, 0.390959
19, 27, 1, -0.132353
19, 27, 2, -0.401976
19, 27, 3, -0.462369
19, 27, 4, -0.458144
19, 27, 5, -0.457192
19, 27, 6, -0.431743
19, 27, 7, -0.465885
19, 27, 8, -0.454663
19, 27, 9, -0.376882
19, 27, 10, -0.190382
19, 27, 11, 0.176695
19, 27, 12, 0.692575
19, 27, 13, 1.343821
19, 27, 14, 2.067973
19, 27, 15, 100.000000
19, 27, 16, 100.000000
19, 27, 17, 100.000000
19, 27, 18, 100.000000
19, 27, 19, 100.000000
19, 27, 20, 100.000000
19, 27, 21, 100.000000
19, 27, 22, 100.000000
19, 27, 23, 100.000000
19, 27, 24, 100.000000
19, 27, 25, 100.000000
19, 27, 26, 100.000000
19, 27, 27, 100.000000
19, 27, 28, 100.000000
19, 27, 29, 100.000000
19, 27, 30, 100.000000
19, 27, 31, 100.000000
19, 27, 32, 100.000000
19, 27, 33, 100.000000
19, 27, 34, 100.000000
19, 28, 0, 0.409007
19, 28, 1, -0.124922
19, 28, 2, -0.404950
19, 28, 3, -0.447466
19, 28, 4, -0.477059
19, 28, 5, -0.475395
19, 28, 6, -0.459274
19, 28, 7, -0.418251
19, 28, 8, -0.336660
19, 28, 9, -0.268159
19, 28, 10, -0.108647
19, 28, 11, 0.235619
19, 28, 12, 0.775819
19, 28, 13, 1.490995
19, 28, 14, 2.341548
19, 28, 15, 100.000000
19, 28, 16, 100.000000
19, 28, 17, 100.000000
19, 28, 18, 100.000000
19, 28, 19, 100.000000
19, 28, 20, 100.000000
19, 28, 21, 100.000000
19, 28, 22, 100.000000
19, 28, 23, 100.000000
19, 28, 24, 100.000000
19, 28, 25, 100.000000
19, 28, 26, 100.000000
19, 28, 27, 100.000000
19, 28, 28, 100.000000
19, 28, 29, 100.000000
19, 28, 30, 100.000000
19, 28, 31, 100.000000
19, 28, 32, 100.000000
19, 28, 33, 100.000000
19, 28, 34, 100.000000
19, 29, 0, 0.456530
19, 29, 1, 0.006563
19, 29, 2, -0.103313
19, 29, 3, -0.107794
19, 29, 4, -0.143989
19, 29, 5, -0.170507
19, 29, 6, -0.153828
19, 29, 7, -0.100312
19, 29, 8, -0.028043
19, 29, 9, 0.024230
19, 29, 10, 0.133004
19, 29, 11, 0.426446
19, 29, 12, 0.932235
19, 29, 13, 1.614574
19, 29, 14, 100.000000
19, 29, 15, 100.000000
19, 29, 16, 100.000000
19, 29, 17, 100.000000
19, 29, 18, 100.000000
19, 29, 19, 100.000000
19, 29, 20, 100.000000
19, 29, 21, 100.000000
19, 29, 22, 100.000000
19, 29, 23, 100.000000
19, 29, 24, 100.000000
19, 29, 25, 100.000000
19, 29, 26, 100.000000
19, 29, 27, 100.000000
19, 29, 28, 100.000000
19, 29, 29, 100.000000
19, 29, 30, 100.000000
19, 29, 31, 100.000000
19, 29, 32, 100.000000
19, 29, 33, 100.000000
19, 29, 34, 100.000000
20, 0, 0, 0.777496
20, 0, 1, 0.508014
20, 0, 2, 0.433265
20, 0, 3, 0.417990
20, 0, 4, 0.419754
20, 0, 5, 0.414387
20, 0, 6, 0.404163
20, 0, 7, 0.409561
20, 0, 8, 0.435780
20, 0, 9, 0.509611
20, 0, 10, 0.657438
20, 0, 11, 0.926693
20, 0, 12, 1.355467
20, 0, 13, 1.829273
20, 0, 14, 100.000000
20, 0, 15, 100.000000
20, 0, 16, 100.000000
20, 0, 17, 100.000000
20, 0, 18, 100.000000
20, 0, 19, 100.000000
20, 0, 20, 100.000000
20, 0, 21, 100.000000
20, 0, 22, 100.000000
20, 0, 23, 100.000000
20, 0, 24, 100.000000
20, 0, 25, 100.000000
20, 0, 26, 100.000000
20, 0, 27, 100.000000
20, 0, 28, 100.000000
20, 0, 29, 100.000000
20, 0, 30, 100.000000
20, 0, 31, 100.000000
20, 0, 32, 100.000000
20, 0, 33, 100.000000
20, 0, 34, 100.000000
20, 1, 0, 0.491770
20, 1, 1, 0.089119
20, 1, 2, -0.070075
20, 1, 3, -0.131004
20, 1, 4, -0.153186
20, 1, 5, -0.149783
20, 1, 6, -0.131011
20, 1, 7, -0.105371
20, 1, 8, -0.077400
20, 1, 9, -0.002839
20, 1, 10, 0.207972
20, 1, 11, 0.639993
20, 1, 12, 1.177796
20, 1, 13, 1.531642
20, 1, 14, 2.469822
20, 1, 15, 100.000000
20, 1, 16, 100.000000
20, 1, 17, 100.000000
20, 1, 18, 100.000000
20, 1, 19, 100.000000
20, 1, 20, 100.000000
20, 1, 21, 100.000000
20, 1, 22, 100.000000
20, 1, 23, 100.000000
20, 1, 24, 100.000000
20, 1, 25, 100.000000
20, 1, 26, 100.000000
20, 1, 27, 100.000000
20, 1, 28, 100.000000
20, 1, 29, 100.000000
20, 1, 30, 100.000000
20, 1, 31, 100.000000
20, 1, 32, 100.000000
20, 1, 33, 100.000000
20, 1, 34, 100.000000
20, 2, 0, 0.435067
20, 2, 1, -0.092636
20, 2, 2, -0.338875
20, 2, 3, -0.396795
20, 2, 4, -0.439785
20, 2, 5, -0.444354
20, 2, 6, -0.426391
20, 2, 7, -0.399913
20, 2, 8, -0.381907
20, 2, 9, -0.309432
20, 2, 10, -0.021820
20, 2, 11, 0.504158
20, 2, 12, 1.112364
20, 2, 13, 1.434614
20, 2, 14, 2.456642
20, 2, 15, 100.000000
20, 2, 16, 100.000000
20, 2, 17, 100.000000
20, 2, 18, 100.000000
20, 2, 19, 100.000000
20, 2, 20, 100.000000
20, 2, 21, 100.000000
20, 2, 22, 100.000000
20, 2, 23, 100.000000
20, 2, 24, 100.000000
20, 2, 25, 100.000000
20, 2, 26, 100.000000
20, 2, 27, 100.000000
20, 2, 28, 100.000000
20, 2, 29, 100.000000
20, 2, 30, 100.000000
20, 2, 31, 100.000000
20, 2, 32, 100.000000
20, 2, 33, 100.000000
20, 2, 34, 100.000000
20, 3, 0, 0.449603
20, 3, 1, -0.129668
20, 3, 2, -0.420884
20, 3, 3, -0.413314
20, 3, 4, -0.447224
20, 3, 5, -0.442530
20, 3, 6, -0.460241
20, 3, 7, -0.459346
20, 3, 8, -0.451233
20, 3, 9, -0.349051
20, 3, 10, -0.030128
20, 3, 11, 0.490867
20, 3, 12, 1.036215
20, 3, 13, 1.327097
20, 3, 14, 2.168989
20, 3, 15, 100.000000
20, 3, 16, 100.000000
20, 3, 17, 100.000000
20, 3, 18, 100.000000
20, 3, 19, 100.000000
20, 3, 20, 100.000000
20, 3, 21, 100.000000
20, 3, 22, 100.000000
20, 3, 23, 100.000000
20, 3, 24, 100.000000
20, 3, 25, 100.000000
20, 3, 26, 100.000000
20, 3, 27, 100.000000
20, 3, 28, 100.000000
20, 3, 29, 100.000000
20, 3, 30, 100.000000
20, 3, 31, 100.000000
20, 3, 32, 100.000000
20, 3, 33, 100.000000
20, 3, 34, 100.000000
20, 4, 0, 0.442587
20, 4, 1, -0.135995
20, 4, 2, -0.443377
20, 4, 3, -0.402579
20, 4, 4, -0.416140
20, 4, 5, -0.431307
20, 4, 6, -0.469437
20, 4, 7, -0.478950
20, 4, 8, -0.472286
20, 4, 9, -0.329748
20, 4, 10, 0.012826
20, 4, 11, 0.496361
20, 4, 12, 0.983602
20, 4, 13, 1.434835
20, 4, 14, 2.239575
20, 4, 15, 100.000000
20, 4, 16, 100.000000
20, 4, 17, 100.000000
20, 4, 18, 100.000000
20, 4, 19, 100.000000
20, 4, 20, 100.000000
20, 4, 21, 100.000000
20, 4, 22, 100.000000
20, 4, 23, 100.000000
20, 4, 24, 100.000000
20, 4, 25, 100.000000
20, 4, 26, 100.000000
20, 4, 27, 100.000000
20, 4, 28, 100.000000
20, 4, 29, 100.000000
20, 4, 30, 100.000000
20, 4, 31, 100.000000
20, 4, 32, 100.000000
20, 4, 33, 100.000000
20, 4, 34, 100.000000
20, 5, 0, 0.443607
20, 5, 1, -0.119059
20, 5, 2, -0.449405
20, 5, 3, -0.387521
20, 5, 4, -0.409607
20, 5, 5, -0.447495
20, 5, 6, -0.468612
20, 5, 7, -0.466969
20, 5, 8, -0.464725
20, 5, 9, -0.329097
20, 5, 10, 0.050054
20, 5, 11, 0.525141
20, 5, 12, 1.021373
20, 5, 13, 1.683688
20, 5, 14, 100.000000
20, 5, 15, 100.000000
20, 5, 16, 100.000000
20, 5, 17, 100.000000
20, 5, 18, 100.000000
20, 5, 19, 100.000000
20, 5, 20, 100.000000
20, 5, 21, 100.000000
20, 5, 22, 100.000000
20, 5, 23, 100.000000
20, 5, 24, 100.000000
20, 5, 25, 100.000000
20, 5, 26, 100.000000
20, 5, 27, 100.000000
20, 5, 28, 100.000000
20, 5, 29, 100.000000
20, 5, 30, 100.000000
20, 5, 31, 100.000000
20, 5, 32, 100.000000
20, 5, 33, 100.000000
20, 5, 34, 100.000000
20, 6, 0, 0.446603
20, 6, 1, -0.091057
20, 6, 2, -0.438873
20, 6, 3, -0.399097
20, 6, 4, -0.412065
20, 6, 5, -0.452664
20, 6, 6, -0.477518
20, 6, 7, -0.457987
20, 6, 8, -0.458324
20, 6, 9, -0.333247
20, 6, 10, 0.023025
20, 6, 11, 0.518822
20, 6, 12, 1.070014
20, 6, 13, 1.825122
20, 6, 14, 100.000000
20, 6, 15, 100.000000
20, 6, 16, 100.000000
20, 6, 17, 100.000000
20, 6, 18, 100.000000
20, 6, 19, 100.000000
20, 6, 20, 100.000000
20, 6, 21, 100.000000
20, 6, 22, 100.000000
20, 6, 23, 100.000000
20, 6, 24, 100.000000
20, 6, 25, 100.000000
20, 6, 26, 100.000000
20, 6, 27, 100.000000
20, 6, 28, 100.000000
20, 6, 29, 100.000000
20, 6, 30, 100.000000
20, 6, 31, 100.000000
20, 6, 32, 100.000000
20, 6, 33, 100.000000
20, 6, 34, 100.000000
20, 7, 0, 0.426756
20, 7, 1, -0.090096
20, 7, 2, -0.423483
20, 7, 3, -0.437975
20, 7, 4, -0.431475
20, 7, 5, -0.436316
20, 7, 6, -0.475960
20, 7, 7, -0.463160
20, 7, 8, -0.433508
20, 7, 9, -0.344087
20, 7, 10, -0.024209
20, 7, 11, 0.470628
20, 7, 12, 0.996514
20, 7, 13, 1.618614
20, 7, 14, 100.000000
20, 7, 15, 100.000000
20, 7, 16, 100.000000
20, 7, 17, 100.000000
20, 7, 18, 100.000000
20, 7, 19, 100.000000
20, 7, 20, 100.000000
20, 7, 21, 100.000000
20, 7, 22, 100.000000
20, 7, 23, 100.000000
20, 7, 24, 100.000000
20, 7, 25, 100.000000
20, 7, 26, 100.000000
20, 7, 27, 100.000000
20, 7, 28, 100.000000
20, 7, 29, 100.000000
20, 7, 30, 100.000000
20, 7, 31, 100.000000
20, 7, 32, 100.000000
20, 7, 33, 100.000000
20, 7, 34, 100.000000
20, 8, 0, 0.415406
20, 8, 1, -0.116453
20, 8, 2, -0.427624
20, 8, 3, -0.457187
20, 8, 4, -0.446661
20, 8, 5, -0.410733
20, 8, 6, -0.455795
20, 8, 7, -0.463156
20, 8, 8, -0.432632
20, 8, 9, -0.360538
20, 8, 10, -0.063924
20, 8, 11, 0.409265
20, 8, 12, 0.924968
20, 8, 13, 1.468630
20, 8, 14, 2.370392
20, 8, 15, 100.000000
20, 8, 16, 100.000000
20, 8, 17, 100.000000
20, 8, 18, 100.000000
20, 8, 19, 100.000000
20, 8, 20, 100.000000
20, 8, 21, 100.000000
20, 8, 22, 100.000000
20, 8, 23, 100.000000
20, 8, 24, 100.000000
20, 8, 25, 100.000000
20, 8, 26, 100.000000
20, 8, 27, 100.000000
20, 8, 28, 100.000000
20, 8, 29, 100.000000
20, 8, 30, 100.000000
20, 8, 31, 100.000000
20, 8, 32, 100.000000
20, 8, 33, 100.000000
20, 8, 34, 100.000000
20, 9, 0, 0.425108
20, 9, 1, -0.134350
20, 9, 2, -0.455223
20, 9, 3, -0.433935
20, 9, 4, -0.436117
20, 9, 5, -0.401696
20, 9, 6, -0.403365
20, 9, 7, -0.450940
20, 9, 8, -0.445429
20, 9, 9, -0.384839
20, 9, 10, -0.110110
20, 9, 11, 0.353670
20, 9, 12, 0.886688
20, 9, 13, 1.404140
20, 9, 14, 2.184264
20, 9, 15, 100.000000
20, 9, 16, 100.000000
20, 9, 17, 100.000000
20, 9, 18, 100.000000
20, 9, 19, 100.000000
20, 9, 20, 100.000000
20, 9, 21, 100.000000
20, 9, 22, 100.000000
20, 9, 23, 100.000000
20, 9, 24, 100.000000
20, 9, 25, 100.000000
20, 9, 26, 100.000000
20, 9, 27, 100.000000
20, 9, 28, 100.000000
20, 9, 29, 100.000000
20, 9, 30, 100.000000
20, 9, 31, 100.000000
20, 9, 32, 100.000000
20, 9, 33, 100.000000
20, 9, 34, 100.000000
20, 10, 0, 0.441954
20, 10, 1, -0.137090
20, 10, 2, -0.469351
20, 10, 3, -0.444751
20, 10, 4, -0.411845
20, 10, 5, -0.406660
20, 10, 6, -0.392567
20, 10, 7, -0.451332
20, 10, 8, -0.467988
20, 10, 9, -0.391521
20, 10, 10, -0.118345
20, 10, 11, 0.340321
20, 10, 12, 0.880083
20, 10, 13, 1.433893
20, 10, 14, 2.311107
20, 10, 15, 100.000000
20, 10, 16, 100.000000
20, 10, 17, 100.000000
20, 10, 18, 100.000000
20, 10, 19, 100.000000
20, 10, 20, 100.000000
20, 10, 21, 100.000000
20, 10, 22, 100.000000
20, 10, 23, 100.000000
20, 10, 24, 100.000000
20, 10, 25, 100.000000
20, 10, 26, 100.000000
20, 10, 27, 100.000000
20, 10, 28, 100.000000
20, 10, 29, 100.000000
20, 10, 30, 100.000000
20, 10, 31, 100.000000
20, 10, 32, 100.000000
20, 10, 33, 100.000000
20, 10, 34, 100.000000
20, 11, 0, 0.436928
20, 11, 1, -0.130824
20, 11, 2, -0.463859
20, 11, 3, -0.456104
20, 11, 4, -0.429521
20, 11, 5, -0.424778
20, 11, 6, -0.412278
20, 11, 7, -0.466801
20, 11, 8, -0.464521
20, 11, 9, -0.395390
20, 11, 10, -0.121817
20, 11, 11, 0.331821
20, 11, 12, 0.878649
20, 11, 13, 1.449492
20, 11, 14, 2.333432
20, 11, 15, 100.000000
20, 11, 16, 100.000000
20, 11, 17, 100.000000
20, 11, 18, 100.000000
20, 11, 19, 100.000000
20, 11, 20, 100.000000
20, 11, 21, 100.000000
20, 11, 22, 100.000000
20, 11, 23, 100.000000
20, 11, 24, 100.000000
20, 11, 25, 100.000000
20, 11, 26, 100.000000
20, 11, 27, 100.000000
20, 11, 28, 100.000000
20, 11, 29, 100.000000
20, 11, 30, 100.000000
20, 11, 31, 100.000000
20, 11, 32, 100.000000
20, 11, 33, 100.000000
20, 11, 34, 100.000000
20, 12, 0, 0.424540
20, 12, 1, -0.114605
20, 12, 2, -0.420946
20, 12, 3, -0.447170
20, 12, 4, -0.439610
20, 12, 5, -0.412104
20, 12, 6, -0.419034
20, 12, 7, -0.481556
20, 12, 8, -0.470884
20, 12, 9, -0.397358
20, 12, 10, -0.119950
20, 12, 11, 0.323794
20, 12, 12, 0.871165
20, 12, 13, 1.439413
20, 12, 14, 2.135134
20, 12, 15, 100.000000
20, 12, 16, 100.000000
20, 12, 17, 100.000000
20, 12, 18, 100.000000
20, 12, 19, 100.000000
20, 12, 20, 100.000000
20, 12, 21, 100.000000
20, 12, 22, 100.000000
20, 12, 23, 100.000000
20, 12, 24, 100.000000
20, 12, 25, 100.000000
20, 12, 26, 100.000000
20, 12, 27, 100.000000
20, 12, 28, 100.000000
20, 12, 29, 100.000000
20, 12, 30, 100.000000
20, 12, 31, 100.000000
20, 12, 32, 100.000000
20, 12, 33, 100.000000
20, 12, 34, 100.000000
20, 13, 0, 0.414579
20, 13, 1, -0.126704
20, 13, 2, -0.442555
20, 13, 3, -0.428636
20, 13, 4, -0.400766
20, 13, 5, -0.384835
20, 13, 6, -0.431612
20, 13, 7, -0.467842
20, 13, 8, -0.473710
20, 13, 9, -0.390456
20, 13, 10, -0.098048
20, 13, 11, 0.330944
20, 13, 12, 0.881281
20, 13, 13, 1.351524
20, 13, 14, 2.020789
20, 13, 15, 100.000000
20, 13, 16, 100.000000
20, 13, 17, 100.000000
20, 13, 18, 100.000000
20, 13, 19, 100.000000
20, 13, 20, 100.000000
20, 13, 21, 100.000000
20, 13, 22, 100.000000
20, 13, 23, 100.000000
20, 13, 24, 100.000000
20, 13, 25, 100.000000
20, 13, 26, 100.000000
20, 13, 27, 100.000000
20, 13, 28, 100.000000
20, 13, 29, 100.000000
20, 13, 30, 100.000000
20, 13, 31, 100.000000
20, 13, 32, 100.000000
20, 13, 33, 100.000000
20, 13, 34, 100.000000
20, 14, 0, 0.390418
20, 14, 1, -0.172079
20, 14, 2, -0.439716
20, 14, 3, -0.413968
20, 14, 4, -0.423011
20, 14, 5, -0.428099
20, 14, 6, -0.445908
20, 14, 7, -0.449389
20, 14, 8, -0.475640
20, 14, 9, -0.387318
20, 14, 10, -0.122335
20, 14, 11, 0.315153
20, 14, 12, 0.818393
20, 14, 13, 1.283627
20, 14, 14, 2.094497
20, 14, 15, 100.000000
20, 14, 16, 100.000000
20, 14, 17, 100.000000
20, 14, 18, 100.000000
20, 14, 19, 100.000000
20, 14, 20, 100.000000
20, 14, 21, 100.000000
20, 14, 22, 100.000000
20, 14, 23, 100.000000
20, 14, 24, 100.000000
20, 14, 25, 100.000000
20, 14, 26, 100.000000
20, 14, 27, 100.000000
20, 14, 28, 100.000000
20, 14, 29, 100.000000
20, 14, 30, 100.000000
20, 14, 31, 100.000000
20, 14, 32, 100.000000
20, 14, 33, 100.000000
20, 14, 34, 100.000000
20, 15, 0, 0.374470
20, 15, 1, -0.201352
20, 15, 2, -0.463628
20, 15, 3, -0.456794
20, 15, 4, -0.466515
20, 15, 5, -0.484122
20, 15, 6, -0.440311
20, 15, 7, -0.459941
20, 15, 8, -0.438424
20, 15, 9, -0.391275
20, 15, 10, -0.155769
20, 15, 11, 0.261545
20, 15, 12, 0.739495
20, 15, 13, 1.227206
20, 15, 14, 1.911621
20, 15, 15, 100.000000
20, 15, 16, 100.000000
20, 15, 17, 100.000000
20, 15, 18, 100.000000
20, 15, 19, 100.000000
20, 15, 20, 100.000000
20, 15, 21, 100.000000
20, 15, 22, 100.000000
20, 15, 23, 100.000000
20, 15, 24, 100.000000
20, 15, 25, 100.000000
20, 15, 26, 100.000000
20, 15, 27, 100.000000
20, 15, 28, 100.000000
20, 15, 29, 100.000000
20, 15, 30, 100.000000
20, 15, 31, 100.000000
20, 15, 32, 100.000000
20, 15, 33, 100.000000
20, 15, 34, 100.000000
20, 16, 0, 0.387396
20, 16, 1, -0.203095
20, 16, 2, -0.458189
20, 16, 3, -0.467766
20, 16, 4, -0.456015
20, 16, 5, -0.457976
20, 16, 6, -0.454301
20, 16, 7, -0.473392
20, 16, 8, -0.478138
20, 16, 9, -0.417181
20, 16, 10, -0.194194
20, 16, 11, 0.160754
20, 16, 12, 0.633142
20, 16, 13, 1.178255
20, 16, 14, 1.797433
20, 16, 15, 100.000000
20, 16, 16, 100.000000
20, 16, 17, 100.000000
20, 16, 18, 100.000000
20, 16, 19, 100.000000
20, 16, 20, 100.000000
20, 16, 21, 100.000000
20, 16, 22, 100.000000
20, 16, 23, 100.000000
20, 16, 24, 100.000000
20, 16, 25, 100.000000
20, 16, 26, 100.000000
20, 16, 27, 100.000000
20, 16, 28, 100.000000
20, 16, 29, 100.000000
20, 16, 30, 100.000000
20, 16, 31, 100.000000
20, 16, 32, 100.000000
20, 16, 33, 100.000000
20, 16, 34, 100.000000
20, 17, 0, 0.411202
20, 17, 1, -0.182270
20, 17, 2, -0.455565
20, 17, 3, -0.464140
20, 17, 4, -0.465945
20, 17, 5, -0.453712
20, 17, 6, -0.477368
20, 17, 7, -0.474427
20, 17, 8, -0.477356
20, 17, 9, -0.406291
20, 17, 10, -0.223257
20, 17, 11, 0.077805
20, 17, 12, 0.553060
20, 17, 13, 1.165013
20, 17, 14, 1.883423
20, 17, 15, 100.000000
20, 17, 16, 100.000000
20, 17, 17, 100.000000
20, 17, 18, 100.000000
20, 17, 19, 100.000000
20, 17, 20, 100.000000
20, 17, 21, 100.000000
20, 17, 22, 100.000000
20, 17, 23, 100.000000
20, 17, 24, 100.000000
20, 17, 25, 100.000000
20, 17, 26, 100.000000
20, 17, 27, 100.000000
20, 17, 28, 100.000000
20, 17, 29, 100.000000
20, 17, 30, 100.000000
20, 17, 31, 100.000000
20, 17, 32, 100.000000
20, 17, 33, 100.000000
20, 17, 34, 100.000000
20, 18, 0, 0.433272
20, 18, 1, -0.154219
20, 18, 2, -0.471425
20, 18, 3, -0.465037
20, 18, 4, -0.453772
20, 18, 5, -0.458481
20, 18, 6, -0.480251
20, 18, 7, -0.479430
20, 18, 8, -0.473052
20, 18, 9, -0.398794
20, 18, 10, -0.235121
20, 18, 11, 0.044901
20, 18, 12, 0.534741
20, 18, 13, 1.177471
20, 18, 14, 1.903115
20, 18, 15, 100.000000
20, 18, 16, 100.000000
20, 18, 17, 100.000000
20, 18, 18, 100.000000
20, 18, 19, 100.000000
20, 18, 20, 100.000000
20, 18, 21, 100.000000
20, 18, 22, 100.000000
20, 18, 23, 100.000000
20, 18, 24, 100.000000
20, 18, 25, 100.000000
20, 18, 26, 100.000000
20, 18, 27, 100.000000
20, 18, 28, 100.000000
20, 18, 29, 100.000000
20, 18, 30, 100.000000
20, 18, 31, 100.000000
20, 18, 32, 100.000000
20, 18, 33, 100.000000
20, 18, 34, 100.000000
20, 19, 0, 0.443953
20, 19, 1, -0.124578
20, 19, 2, -0.487148
20, 19, 3, -0.454526
20, 19, 4, -0.462063
20, 19, 5, -0.476740
20, 19, 6, -0.478688
20, 19, 7, -0.478238
20, 19, 8, -0.487255
20, 19, 9, -0.411744
20, 19, 10, -0.214483
20, 19, 11, 0.079033
20, 19, 12, 0.535470
20, 19, 13, 1.120379
20, 19, 14, 1.760941
20, 19, 15, 100.000000
20, 19, 16, 100.000000
20, 19, 17, 100.000000
20, 19, 18, 100.000000
20, 19, 19, 100.000000
20, 19, 20, 100.000000
20, 19, 21, 100.000000
20, 19, 22, 100.000000
20, 19, 23, 100.000000
20, 19, 24, 100.000000
20, 19, 25, 100.000000
20, 19, 26, 100.000000
20, 19, 27, 100.000000
20, 19, 28, 100.000000
20, 19, 29, 100.000000
20, 19, 30, 100.000000
20, 19, 31, 100.000000
20, 19, 32, 100.000000
20, 19, 33, 100.000000
20, 19, 34, 100.000000
20, 20, 0, 0.434469
20, 20, 1, -0.113607
20, 20, 2, -0.446420
20, 20, 3, -0.431481
20, 20, 4, -0.450195
20, 20, 5, -0.457387
20, 20, 6, -0.468217
20, 20, 7, -0.468596
20, 20, 8, -0.465250
20, 20, 9, -0.438517
20, 20, 10, -0.228660
20, 20, 11, 0.107531
20, 20, 12, 0.525002
20, 20, 13, 0.983495
20, 20, 14, 1.489085
20, 20, 15, 2.291143
20, 20, 16, 100.000000
20, 20, 17, 100.000000
20, 20, 18, 100.000000
20, 20, 19, 100.000000
20, 20, 20, 100.000000
20, 20, 21, 100.000000
20, 20, 22, 100.000000
20, 20, 23, 100.000000
20, 20, 24, 100.000000
20, 20, 25, 100.000000
20, 20, 26, 100.000000
20, 20, 27, 100.000000
20, 20, 28, 100.000000
20, 20, 29, 100.000000
20, 20, 30, 100.000000
20, 20, 31, 100.000000
20, 20, 32, 100.000000
20, 20, 33, 100.000000
20, 20, 34, 100.000000
20, 21, 0, 0.424091
20, 21, 1, -0.099910
20, 21, 2, -0.452355
20, 21, 3, -0.428137
20, 21, 4, -0.425337
20, 21, 5, -0.438765
20, 21, 6, -0.474168
20, 21, 7, -0.466172
20, 21, 8, -0.455051
20, 21, 9, -0.436603
20, 21, 10, -0.248839
20, 21, 11, 0.101296
20, 21, 12, 0.521421
20, 21, 13, 0.983519
20, 21, 14, 1.406185
20, 21, 15, 2.257640
20, 21, 16, 100.000000
20, 21, 17, 100.000000
20, 21, 18, 100.000000
20, 21, 19, 100.000000
20, 21, 20, 100.000000
20, 21, 21, 100.000000
20, 21, 22, 100.000000
20, 21, 23, 100.000000
20, 21, 24, 100.000000
20, 21, 25, 100.000000
20, 21, 26, 100.000000
20, 21, 27, 100.000000
20, 21, 28, 100.000000
20, 21, 29, 100.000000
20, 21, 30, 100.000000
20, 21, 31, 100.000000
20, 21, 32, 100.000000
20, 21, 33, 100.000000
20, 21, 34, 100.000000
20, 22, 0, 0.409293
20, 22, 1, -0.107026
20, 22, 2, -0.455500
20, 22, 3, -0.428203
20, 22, 4, -0.420960
20, 22, 5, -0.441627
20, 22, 6, -0.468858
20, 22, 7, -0.467535
20, 22, 8, -0.441613
20, 22, 9, -0.429798
20, 22, 10, -0.260837
20, 22, 11, 0.104008
20, 22, 12, 0.557137
20, 22, 13, 1.071277
20, 22, 14, 1.629362
20, 22, 15, 100.000000
20, 22, 16, 100.000000
20, 22, 17, 100.000000
20, 22, 18, 100.000000
20, 22, 19, 100.000000
20, 22, 20, 100.000000
20, 22, 21, 100.000000
20, 22, 22, 100.000000
20, 22, 23, 100.000000
20, 22, 24, 100.000000
20, 22, 25, 100.000000
20, 22, 26, 100.000000
20, 22, 27, 100.000000
20, 22, 28, 100.000000
20, 22, 29, 100.000000
20, 22, 30, 100.000000
20, 22, 31, 100.000000
20, 22, 32, 100.000000
20, 22, 33, 100.000000
20, 22, 34, 100.000000
20, 23, 0, 0.421916
20, 23, 1, -0.113146
20, 23, 2, -0.462454
20, 23, 3, -0.421902
20, 23, 4, -0.437040
20, 23, 5, -0.458265
20, 23, 6, -0.461627
20, 23, 7, -0.436953
20, 23, 8, -0.414355
20, 23, 9, -0.420776
20, 23, 10, -0.263297
20, 23, 11, 0.120770
20, 23, 12, 0.614909
20, 23, 13, 1.172095
20, 23, 14, 1.908953
20, 23, 15, 100.000000
20, 23, 16, 100.000000
20, 23, 17, 100.000000
20, 23, 18, 100.000000
20, 23, 19, 100.000000
20, 23, 20, 100.000000
20, 23, 21, 100.000000
20, 23, 22, 100.000000
20, 23, 23, 100.000000
20, 23, 24, 100.000000
20, 23, 25, 100.000000
20, 23, 26, 100.000000
20, 23, 27, 100.000000
20, 23, 28, 100.000000
20, 23, 29, 100.000000
20, 23, 30, 100.000000
20, 23, 31, 100.000000
20, 23, 32, 100.000000
20, 23, 33, 100.000000
20, 23, 34, 100.000000
20, 24, 0, 0.432743
20, 24, 1, -0.112255
20, 24, 2, -0.441641
20, 24, 3, -0.433437
20, 24, 4, -0.441135
20, 24, 5, -0.468030
20, 24, 6, -0.471236
20, 24, 7, -0.423861
20, 24, 8, -0.425820
20, 24, 9, -0.435148
20, 24, 10, -0.254581
20, 24, 11, 0.139784
20, 24, 12, 0.661870
20, 24, 13, 1.228761
20, 24, 14, 1.901349
20, 24, 15, 100.000000
20, 24, 16, 100.000000
20, 24, 17, 100.000000
20, 24, 18, 100.000000
20, 24, 19, 100.000000
20, 24, 20, 100.000000
20, 24, 21, 100.000000
20, 24, 22, 100.000000
20, 24, 23, 100.000000
20, 24, 24, 100.000000
20, 24, 25, 100.000000
20, 24, 26, 100.000000
20, 24, 27, 100.000000
20, 24, 28, 100.000000
20, 24, 29, 100.000000
20, 24, 30, 100.000000
20, 24, 31, 100.000000
20, 24, 32, 100.000000
20, 24, 33, 100.000000
20, 24, 34, 100.000000
20, 25, 0, 0.409656
20, 25, 1, -0.110031
20, 25, 2, -0.403258
20, 25, 3, -0.477541
20, 25, 4, -0.455810
20, 25, 5, -0.453098
20, 25, 6, -0.462274
20, 25, 7, -0.412483
20, 25, 8, -0.454224
20, 25, 9, -0.416428
20, 25, 10, -0.212951
20, 25, 11, 0.183270
20, 25, 12, 0.705245
20, 25, 13, 1.273444
20, 25, 14, 1.844000
20, 25, 15, 100.000000
20, 25, 16, 100.000000
20, 25, 17, 100.000000
20, 25, 18, 100.000000
20, 25, 19, 100.000000
20, 25, 20, 100.000000
20, 25, 21, 100.000000
20, 25, 22, 100.000000
20, 25, 23, 100.000000
20, 25, 24, 100.000000
20, 25, 25, 100.000000
20, 25, 26, 100.000000
20, 25, 27, 100.000000
20, 25, 28, 100.000000
20, 25, 29, 100.000000
20, 25, 30, 100.000000
20, 25, 31, 100.000000
20, 25, 32, 100.000000
20, 25, 33, 100.000000
20, 25, 34, 100.000000
20, 26, 0, 0.382438
20, 26, 1, -0.125170
20, 26, 2, -0.398923
20, 26, 3, -0.482312
20, 26, 4, -0.459472
20, 26, 5, -0.465263
20, 26, 6, -0.433053
20, 26, 7, -0.425750
20, 26, 8, -0.469198
20, 26, 9, -0.381369
20, 26, 10, -0.170983
20, 26, 11, 0.218538
20, 26, 12, 0.731423
20, 26, 13, 1.301764
20, 26, 14, 1.974869
20, 26, 15, 100.000000
20, 26, 16, 100.000000
20, 26, 17, 100.000000
20, 26, 18, 100.000000
20, 26, 19, 100.000000
20, 26, 20, 100.000000
20, 26, 21, 100.000000
20, 26, 22, 100.000000
20, 26, 23, 100.000000
20, 26, 24, 100.000000
20, 26, 25, 100.000000
20, 26, 26, 100.000000
20, 26, 27, 100.000000
20, 26, 28, 100.000000
20, 26, 29, 100.000000
20, 26, 30, 100.000000
20, 26, 31, 100.000000
20, 26, 32, 100.000000
20, 26, 33, 100.000000
20, 26, 34, 100.000000
20, 27, 0, 0.403376
20, 27, 1, -0.103373
20, 27, 2, -0.389782
20, 27, 3, -0.467741
20, 27, 4, -0.458089
20, 27, 5, -0.444475
20, 27, 6, -0.413470
20, 27, 7, -0.456926
20, 27, 8, -0.448316
20, 27, 9, -0.377587
20, 27, 10, -0.162729
20, 27, 11, 0.228823
20, 27, 12, 0.764514
20, 27, 13, 1.370272
20, 27, 14, 2.133381
20, 27, 15, 100.000000
20, 27, 16, 100.000000
20, 27, 17, 100.000000
20, 27, 18, 100.000000
20, 27, 19, 100.000000
20, 27, 20, 100.000000
20, 27, 21, 100.000000
20, 27, 22, 100.000000
20, 27, 23, 100.000000
20, 27, 24, 100.000000
20, 27, 25, 100.000000
20, 27, 26, 100.000000
20, 27, 27, 100.000000
20, 27, 28, 100.000000
20, 27, 29, 100.000000
20, 27, 30, 100.000000
20, 27, 31, 100.000000
20, 27, 32, 100.000000
20, 27, 33, 100.000000
20, 27, 34, 100.000000
20, 28, 0, 0.432310
20, 28, 1, -0.098366
20, 28, 2, -0.392721
20, 28, 3, -0.422959
20, 28, 4, -0.457713
20, 28, 5, -0.453227
20, 28, 6, -0.449088
20, 28, 7, -0.432513
20, 28, 8, -0.366459
20, 28, 9, -0.324434
20, 28, 10, -0.130802
20, 28, 11, 0.264099
20, 28, 12, 0.791886
20, 28, 13, 1.412488
20, 28, 14, 2.262726
20, 28, 15, 100.000000
20, 28, 16, 100.000000
20, 28, 17, 100.000000
20, 28, 18, 100.000000
20, 28, 19, 100.000000
20, 28, 20, 100.000000
20, 28, 21, 100.000000
20, 28, 22, 100.000000
20, 28, 23, 100.000000
20, 28, 24, 100.000000
20, 28, 25, 100.000000
20, 28, 26, 100.000000
20, 28, 27, 100.000000
20, 28, 28, 100.000000
20, 28, 29, 100.000000
20, 28, 30, 100.000000
20, 28, 31, 100.000000
20, 28, 32, 100.000000
20, 28, 33, 100.000000
20, 28, 34, 100.000000
20, 29, 0, 0.493026
20, 29, 1, 0.030619
20, 29, 2, -0.097795
20, 29, 3, -0.100653
20, 29, 4, -0.129299
20, 29, 5, -0.145073
20, 29, 6, -0.131865
20, 29, 7, -0.110551
20, 29, 8, -0.058407
20, 29, 9, 0.006877
20, 29, 10, 0.140744
20, 29, 11, 0.447306
20, 29, 12, 0.879883
20, 29, 13, 1.455639
20, 29, 14, 2.221907
20, 29, 15, 100.000000
20, 29, 16, 100.000000
20, 29, 17, 100.000000
20, 29, 18, 100.000000
20, 29, 19, 100.000000
20, 29, 20, 100.000000
20, 29, 21, 100.000000
20, 29, 22, 100.000000
20, 29, 23, 100.000000
20, 29, 24, 100.000000
20, 29, 25, 100.000000
20, 29, 26, 100.000000
20, 29, 27, 100.000000
20, 29, 28, 100.000000
20, 29, 29, 100.000000
20, 29, 30, 100.000000
20, 29, 31, 100.000000
20, 29, 32, 100.000000
20, 29, 33, 100.000000
20, 29, 34, 100.000000
21, 0, 0, 0.704506
21, 0, 1, 0.449433
21, 0, 2, 0.428439
21, 0, 3, 0.440389
21, 0, 4, 0.444336
21, 0, 5, 0.439279
21, 0, 6, 0.417526
21, 0, 7, 0.401397
21, 0, 8, 0.435457
21, 0, 9, 0.506581
21, 0, 10, 0.645604
21, 0, 11, 0.926896
21, 0, 12, 1.391073
21, 0, 13, 1.800874
21, 0, 14, 100.000000
21, 0, 15, 100.000000
21, 0, 16, 100.000000
21, 0, 17, 100.000000
21, 0, 18, 100.000000
21, 0, 19, 100.000000
21, 0, 20, 100.000000
21, 0, 21, 100.000000
21, 0, 22, 100.000000
21, 0, 23, 100.000000
21, 0, 24, 100.000000
21, 0, 25, 100.000000
21, 0, 26, 100.000000
21, 0, 27, 100.000000
21, 0, 28, 100.000000
21, 0, 29, 100.000000
21, 0, 30, 100.000000
21, 0, 31, 100.000000
21, 0, 32, 100.000000
21, 0, 33, 100.000000
21, 0, 34, 100.000000
21, 1, 0, 0.465260
21, 1, 1, 0.059147
21, 1, 2, -0.056979
21, 1, 3, -0.086870
21, 1, 4, -0.110292
21, 1, 5, -0.111634
21, 1, 6, -0.111663
21, 1, 7, -0.103881
21, 1, 8, -0.071923
21, 1, 9, 0.017650
21, 1, 10, 0.221682
21, 1, 11, 0.611777
21, 1, 12, 1.097308
21, 1, 13, 1.513729
21, 1, 14, 2.490516
21, 1, 15, 100.000000
21, 1, 16, 100.000000
21, 1, 17, 100.000000
21, 1, 18, 100.000000
21, 1, 19, 100.000000
21, 1, 20, 100.000000
21, 1, 21, 100.000000
21, 1, 22, 100.000000
21, 1, 23, 100.000000
21, 1, 24, 100.000000
21, 1, 25, 100.000000
21, 1, 26, 100.000000
21, 1, 27, 100.000000
21, 1, 28, 100.000000
21, 1, 29, 100.000000
21, 1, 30, 100.000000
21, 1, 31, 100.000000
21, 1, 32, 100.000000
21, 1, 33, 100.000000
21, 1, 34, 100.000000
21, 2, 0, 0.428710
21, 2, 1, -0.104057
21, 2, 2, -0.343746
21, 2, 3, -0.356421
21, 2, 4, -0.390320
21, 2, 5, -0.419337
21, 2, 6, -0.421085
21, 2, 7, -0.390230
21, 2, 8, -0.359716
21, 2, 9, -0.279273
21, 2, 10, -0.004725
21, 2, 11, 0.489665
21, 2, 12, 1.020914
21, 2, 13, 1.473196
21, 2, 14, 2.467337
21, 2, 15, 100.000000
21, 2, 16, 100.000000
21, 2, 17, 100.000000
21, 2, 18, 100.000000
21, 2, 19, 100.000000
21, 2, 20, 100.000000
21, 2, 21, 100.000000
21, 2, 22, 100.000000
21, 2, 23, 100.000000
21, 2, 24, 100.000000
21, 2, 25, 100.000000
21, 2, 26, 100.000000
21, 2, 27, 100.000000
21, 2, 28, 100.000000
21, 2, 29, 100.000000
21, 2, 30, 100.000000
21, 2, 31, 100.000000
21, 2, 32, 100.000000
21, 2, 33, 100.000000
21, 2, 34, 100.000000
21, 3, 0, 0.437136
21, 3, 1, -0.130104
21, 3, 2, -0.461687
21, 3, 3, -0.420173
21, 3, 4, -0.438210
21, 3, 5, -0.458961
21, 3, 6, -0.491691
21, 3, 7, -0.485396
21, 3, 8, -0.491333
21, 3, 9, -0.372128
21, 3, 10, -0.045592
21, 3, 11, 0.469720
21, 3, 12, 1.000808
21, 3, 13, 1.405532
21, 3, 14, 2.305872
21, 3, 15, 100.000000
21, 3, 16, 100.000000
21, 3, 17, 100.000000
21, 3, 18, 100.000000
21, 3, 19, 100.000000
21, 3, 20, 100.000000
21, 3, 21, 100.000000
21, 3, 22, 100.000000
21, 3, 23, 100.000000
21, 3, 24, 100.000000
21, 3, 25, 100.000000
21, 3, 26, 100.000000
21, 3, 27, 100.000000
21, 3, 28, 100.000000
21, 3, 29, 100.000000
21, 3, 30, 100.000000
21, 3, 31, 100.000000
21, 3, 32, 100.000000
21, 3, 33, 100.000000
21, 3, 34, 100.000000
21, 4, 0, 0.439695
21, 4, 1, -0.118119
21, 4, 2, -0.468514
21, 4, 3, -0.443230
21, 4, 4, -0.433923
21, 4, 5, -0.432907
21, 4, 6, -0.477737
21, 4, 7, -0.483669
21, 4, 8, -0.465137
21, 4, 9, -0.331609
21, 4, 10, 0.009915
21, 4, 11, 0.494662
21, 4, 12, 1.002185
21, 4, 13, 1.512625
21, 4, 14, 2.490113
21, 4, 15, 100.000000
21, 4, 16, 100.000000
21, 4, 17, 100.000000
21, 4, 18, 100.000000
21, 4, 19, 100.000000
21, 4, 20, 100.000000
21, 4, 21, 100.000000
21, 4, 22, 100.000000
21, 4, 23, 100.000000
21, 4, 24, 100.000000
21, 4, 25, 100.000000
21, 4, 26, 100.000000
21, 4, 27, 100.000000
21, 4, 28, 100.000000
21, 4, 29, 100.000000
21, 4, 30, 100.000000
21, 4, 31, 100.000000
21, 4, 32, 100.000000
21, 4, 33, 100.000000
21, 4, 34, 100.000000
21, 5, 0, 0.444531
21, 5, 1, -0.094099
21, 5, 2, -0.452150
21, 5, 3, -0.440517
21, 5, 4, -0.418292
21, 5, 5, -0.446307
21, 5, 6, -0.469752
21, 5, 7, -0.469174
21, 5, 8, -0.458948
21, 5, 9, -0.311906
21, 5, 10, 0.031481
21, 5, 11, 0.510020
21, 5, 12, 1.046418
21, 5, 13, 1.724861
21, 5, 14, 100.000000
21, 5, 15, 100.000000
21, 5, 16, 100.000000
21, 5, 17, 100.000000
21, 5, 18, 100.000000
21, 5, 19, 100.000000
21, 5, 20, 100.000000
21, 5, 21, 100.000000
21, 5, 22, 100.000000
21, 5, 23, 100.000000
21, 5, 24, 100.000000
21, 5, 25, 100.000000
21, 5, 26, 100.000000
21, 5, 27, 100.000000
21, 5, 28, 100.000000
21, 5, 29, 100.000000
21, 5, 30, 100.000000
21, 5, 31, 100.000000
21, 5, 32, 100.000000
21, 5, 33, 100.000000
21, 5, 34, 100.000000
21, 6, 0, 0.446825
21, 6, 1, -0.077337
21, 6, 2, -0.426881
21, 6, 3, -0.447619
21, 6, 4, -0.423611
21, 6, 5, -0.456158
21, 6, 6, -0.448432
21, 6, 7, -0.437970
21, 6, 8, -0.426242
21, 6, 9, -0.319634
21, 6, 10, -0.008026
21, 6, 11, 0.490134
21, 6, 12, 1.067570
21, 6, 13, 1.700119
21, 6, 14, 100.000000
21, 6, 15, 100.000000
21, 6, 16, 100.000000
21, 6, 17, 100.000000
21, 6, 18, 100.000000
21, 6, 19, 100.000000
21, 6, 20, 100.000000
21, 6, 21, 100.000000
21, 6, 22, 100.000000
21, 6, 23, 100.000000
21, 6, 24, 100.000000
21, 6, 25, 100.000000
21, 6, 26, 100.000000
21, 6, 27, 100.000000
21, 6, 28, 100.000000
21, 6, 29, 100.000000
21, 6, 30, 100.000000
21, 6, 31, 100.000000
21, 6, 32, 100.000000
21, 6, 33, 100.000000
21, 6, 34, 100.000000
21, 7, 0, 0.436231
21, 7, 1, -0.083256
21, 7, 2, -0.409548
21, 7, 3, -0.462739
21, 7, 4, -0.419250
21, 7, 5, -0.423460
21, 7, 6, -0.431592
21, 7, 7, -0.434496
21, 7, 8, -0.422152
21, 7, 9, -0.344459
21, 7, 10, -0.046326
21, 7, 11, 0.439875
21, 7, 12, 1.008366
21, 7, 13, 1.616191
21, 7, 14, 2.469472
21, 7, 15, 100.000000
21, 7, 16, 100.000000
21, 7, 17, 100.000000
21, 7, 18, 100.000000
21, 7, 19, 100.000000
21, 7, 20, 100.000000
21, 7, 21, 100.000000
21, 7, 22, 100.000000
21, 7, 23, 100.000000
21, 7, 24, 100.000000
21, 7, 25, 100.000000
21, 7, 26, 100.000000
21, 7, 27, 100.000000
21, 7, 28, 100.000000
21, 7, 29, 100.000000
21, 7, 30, 100.000000
21, 7, 31, 100.000000
21, 7, 32, 100.000000
21, 7, 33, 100.000000
21, 7, 34, 100.000000
21, 8, 0, 0.424808
21, 8, 1, -0.107965
21, 8, 2, -0.407785
21, 8, 3, -0.453149
21, 8, 4, -0.434139
21, 8, 5, -0.402401
21, 8, 6, -0.408462
21, 8, 7, -0.431801
21, 8, 8, -0.453432
21, 8, 9, -0.373792
21, 8, 10, -0.078531
21, 8, 11, 0.393250
21, 8, 12, 0.912868
21, 8, 13, 1.474769
21, 8, 14, 2.304699
21, 8, 15, 100.000000
21, 8, 16, 100.000000
21, 8, 17, 100.000000
21, 8, 18, 100.000000
21, 8, 19, 100.000000
21, 8, 20, 100.000000
21, 8, 21, 100.000000
21, 8, 22, 100.000000
21, 8, 23, 100.000000
21, 8, 24, 100.000000
21, 8, 25, 100.000000
21, 8, 26, 100.000000
21, 8, 27, 100.000000
21, 8, 28, 100.000000
21, 8, 29, 100.000000
21, 8, 30, 100.000000
21, 8, 31, 100.000000
21, 8, 32, 100.000000
21, 8, 33, 100.000000
21, 8, 34, 100.000000
21, 9, 0, 0.431722
21, 9, 1, -0.123272
21, 9, 2, -0.419510
21, 9, 3, -0.433598
21, 9, 4, -0.445357
21, 9, 5, -0.426157
21, 9, 6, -0.384367
21, 9, 7, -0.414318
21, 9, 8, -0.477471
21, 9, 9, -0.389501
21, 9, 10, -0.113009
21, 9, 11, 0.344921
21, 9, 12, 0.853525
21, 9, 13, 1.374595
21, 9, 14, 2.065425
21, 9, 15, 100.000000
21, 9, 16, 100.000000
21, 9, 17, 100.000000
21, 9, 18, 100.000000
21, 9, 19, 100.000000
21, 9, 20, 100.000000
21, 9, 21, 100.000000
21, 9, 22, 100.000000
21, 9, 23, 100.000000
21, 9, 24, 100.000000
21, 9, 25, 100.000000
21, 9, 26, 100.000000
21, 9, 27, 100.000000
21, 9, 28, 100.000000
21, 9, 29, 100.000000
21, 9, 30, 100.000000
21, 9, 31, 100.000000
21, 9, 32, 100.000000
21, 9, 33, 100.000000
21, 9, 34, 100.000000
21, 10, 0, 0.429356
21, 10, 1, -0.134160
21, 10, 2, -0.433055
21, 10, 3, -0.433790
21, 10, 4, -0.430511
21, 10, 5, -0.437191
21, 10, 6, -0.382673
21, 10, 7, -0.433051
21, 10, 8, -0.471641
21, 10, 9, -0.401167
21, 10, 10, -0.127379
21, 10, 11, 0.324444
21, 10, 12, 0.853853
21, 10, 13, 1.472100
21, 10, 14, 2.194848
21, 10, 15, 100.000000
21, 10, 16, 100.000000
21, 10, 17, 100.000000
21, 10, 18, 100.000000
21, 10, 19, 100.000000
21, 10, 20, 100.000000
21, 10, 21, 100.000000
21, 10, 22, 100.000000
21, 10, 23, 100.000000
21, 10, 24, 100.000000
21, 10, 25, 100.000000
21, 10, 26, 100.000000
21, 10, 27, 100.000000
21, 10, 28, 100.000000
21, 10, 29, 100.000000
21, 10, 30, 100.000000
21, 10, 31, 100.000000
21, 10, 32, 100.000000
21, 10, 33, 100.000000
21, 10, 34, 100.000000
21, 11, 0, 0.415701
21, 11, 1, -0.134081
21, 11, 2, -0.433960
21, 11, 3, -0.445985
21, 11, 4, -0.455305
21, 11, 5, -0.444028
21, 11, 6, -0.409347
21, 11, 7, -0.451791
21, 11, 8, -0.463774
21, 11, 9, -0.392682
21, 11, 10, -0.132827
21, 11, 11, 0.321020
21, 11, 12, 0.921852
21, 11, 13, 1.660254
21, 11, 14, 100.000000
21, 11, 15, 100.000000
21, 11, 16, 100.000000
21, 11, 17, 100.000000
21, 11, 18, 100.000000
21, 11, 19, 100.000000
21, 11, 20, 100.000000
21, 11, 21, 100.000000
21, 11, 22, 100.000000
21, 11, 23, 100.000000
21, 11, 24, 100.000000
21, 11, 25, 100.000000
21, 11, 26, 100.000000
21, 11, 27, 100.000000
21, 11, 28, 100.000000
21, 11, 29, 100.000000
21, 11, 30, 100.000000
21, 11, 31, 100.000000
21, 11, 32, 100.000000
21, 11, 33, 100.000000
21, 11, 34, 100.000000
21, 12, 0, 0.420333
21, 12, 1, -0.123292
21, 12, 2, -0.408315
21, 12, 3, -0.436100
21, 12, 4, -0.467234
21, 12, 5, -0.431570
21, 12, 6, -0.423800
21, 12, 7, -0.458393
21, 12, 8, -0.456386
21, 12, 9, -0.378768
21, 12, 10, -0.122393
21, 12, 11, 0.324071
21, 12, 12, 0.951600
21, 12, 13, 1.640020
21, 12, 14, 2.397273
21, 12, 15, 100.000000
21, 12, 16, 100.000000
21, 12, 17, 100.000000
21, 12, 18, 100.000000
21, 12, 19, 100.000000
21, 12, 20, 100.000000
21, 12, 21, 100.000000
21, 12, 22, 100.000000
21, 12, 23, 100.000000
21, 12, 24, 100.000000
21, 12, 25, 100.000000
21, 12, 26, 100.000000
21, 12, 27, 100.000000
21, 12, 28, 100.000000
21, 12, 29, 100.000000
21, 12, 30, 100.000000
21, 12, 31, 100.000000
21, 12, 32, 100.000000
21, 12, 33, 100.000000
21, 12, 34, 100.000000
21, 13, 0, 0.425622
21, 13, 1, -0.126842
21, 13, 2, -0.434625
21, 13, 3, -0.457856
21, 13, 4, -0.424352
21, 13, 5, -0.405289
21, 13, 6, -0.420785
21, 13, 7, -0.461470
21, 13, 8, -0.460513
21, 13, 9, -0.378762
21, 13, 10, -0.113596
21, 13, 11, 0.338175
21, 13, 12, 0.914212
21, 13, 13, 1.376686
21, 13, 14, 2.191707
21, 13, 15, 100.000000
21, 13, 16, 100.000000
21, 13, 17, 100.000000
21, 13, 18, 100.000000
21, 13, 19, 100.000000
21, 13, 20, 100.000000
21, 13, 21, 100.000000
21, 13, 22, 100.000000
21, 13, 23, 100.000000
21, 13, 24, 100.000000
21, 13, 25, 100.000000
21, 13, 26, 100.000000
21, 13, 27, 100.000000
21, 13, 28, 100.000000
21, 13, 29, 100.000000
21, 13, 30, 100.000000
21, 13, 31, 100.000000
21, 13, 32, 100.000000
21, 13, 33, 100.000000
21, 13, 34, 100.000000
21, 14, 0, 0.402731
21, 14, 1, -0.163177
21, 14, 2, -0.456012
21, 14, 3, -0.407820
21, 14, 4, -0.398350
21, 14, 5, -0.408812
21, 14, 6, -0.461671
21, 14, 7, -0.461366
21, 14, 8, -0.443292
21, 14, 9, -0.377372
21, 14, 10, -0.119630
21, 14, 11, 0.316509
21, 14, 12, 0.825646
21, 14, 13, 1.251536
21, 14, 14, 2.137219
21, 14, 15, 100.000000
21, 14, 16, 100.000000
21, 14, 17, 100.000000
21, 14, 18, 100.000000
21, 14, 19, 100.000000
21, 14, 20, 100.000000
21, 14, 21, 100.000000
21, 14, 22, 100.000000
21, 14, 23, 100.000000
21, 14, 24, 100.000000
21, 14, 25, 100.000000
21, 14, 26, 100.000000
21, 14, 27, 100.000000
21, 14, 28, 100.000000
21, 14, 29, 100.000000
21, 14, 30, 100.000000
21, 14, 31, 100.000000
21, 14, 32, 100.000000
21, 14, 33, 100.000000
21, 14, 34, 100.000000
21, 15, 0, 0.377571
21, 15, 1, -0.182173
21, 15, 2, -0.433956
21, 15, 3, -0.426609
21, 15, 4, -0.438190
21, 15, 5, -0.450375
21, 15, 6, -0.450622
21, 15, 7, -0.484709
21, 15, 8, -0.423466
21, 15, 9, -0.371771
21, 15, 10, -0.149742
21, 15, 11, 0.251757
21, 15, 12, 0.723913
21, 15, 13, 1.167430
21, 15, 14, 1.909459
21, 15, 15, 100.000000
21, 15, 16, 100.000000
21, 15, 17, 100.000000
21, 15, 18, 100.000000
21, 15, 19, 100.000000
21, 15, 20, 100.000000
21, 15, 21, 100.000000
21, 15, 22, 100.000000
21, 15, 23, 100.000000
21, 15, 24, 100.000000
21, 15, 25, 100.000000
21, 15, 26, 100.000000
21, 15, 27, 100.000000
21, 15, 28, 100.000000
21, 15, 29, 100.000000
21, 15, 30, 100.000000
21, 15, 31, 100.000000
21, 15, 32, 100.000000
21, 15, 33, 100.000000
21, 15, 34, 100.000000
21, 16, 0, 0.387900
21, 16, 1, -0.174604
21, 16, 2, -0.464500
21, 16, 3, -0.475053
21, 16, 4, -0.454583
21, 16, 5, -0.477367
21, 16, 6, -0.442167
21, 16, 7, -0.470716
21, 16, 8, -0.463426
21, 16, 9, -0.394749
21, 16, 10, -0.191380
21, 16, 11, 0.172268
21, 16, 12, 0.637831
21, 16, 13, 1.157087
21, 16, 14, 1.752235
21, 16, 15, 100.000000
21, 16, 16, 100.000000
21, 16, 17, 100.000000
21, 16, 18, 100.000000
21, 16, 19, 100.000000
21, 16, 20, 100.000000
21, 16, 21, 100.000000
21, 16, 22, 100.000000
21, 16, 23, 100.000000
21, 16, 24, 100.000000
21, 16, 25, 100.000000
21, 16, 26, 100.000000
21, 16, 27, 100.000000
21, 16, 28, 100.000000
21, 16, 29, 100.000000
21, 16, 30, 100.000000
21, 16, 31, 100.000000
21, 16, 32, 100.000000
21, 16, 33, 100.000000
21, 16, 34, 100.000000
21, 17, 0, 0.410136
21, 17, 1, -0.158944
21, 17, 2, -0.463039
21, 17, 3, -0.470972
21, 17, 4, -0.453698
21, 17, 5, -0.453572
21, 17, 6, -0.471447
21, 17, 7, -0.477728
21, 17, 8, -0.485939
21, 17, 9, -0.419803
21, 17, 10, -0.235893
21, 17, 11, 0.100044
21, 17, 12, 0.581925
21, 17, 13, 1.170398
21, 17, 14, 1.893348
21, 17, 15, 100.000000
21, 17, 16, 100.000000
21, 17, 17, 100.000000
21, 17, 18, 100.000000
21, 17, 19, 100.000000
21, 17, 20, 100.000000
21, 17, 21, 100.000000
21, 17, 22, 100.000000
21, 17, 23, 100.000000
21, 17, 24, 100.000000
21, 17, 25, 100.000000
21, 17, 26, 100.000000
21, 17, 27, 100.000000
21, 17, 28, 100.000000
21, 17, 29, 100.000000
21, 17, 30, 100.000000
21, 17, 31, 100.000000
21, 17, 32, 100.000000
21, 17, 33, 100.000000
21, 17, 34, 100.000000
21, 18, 0, 0.434129
21, 18, 1, -0.150412
21, 18, 2, -0.466701
21, 18, 3, -0.479311
21, 18, 4, -0.473065
21, 18, 5, -0.463351
21, 18, 6, -0.484430
21, 18, 7, -0.481759
21, 18, 8, -0.473991
21, 18, 9, -0.403234
21, 18, 10, -0.241239
21, 18, 11, 0.070445
21, 18, 12, 0.566982
21, 18, 13, 1.184450
21, 18, 14, 2.069837
21, 18, 15, 100.000000
21, 18, 16, 100.000000
21, 18, 17, 100.000000
21, 18, 18, 100.000000
21, 18, 19, 100.000000
21, 18, 20, 100.000000
21, 18, 21, 100.000000
21, 18, 22, 100.000000
21, 18, 23, 100.000000
21, 18, 24, 100.000000
21, 18, 25, 100.000000
21, 18, 26, 100.000000
21, 18, 27, 100.000000
21, 18, 28, 100.000000
21, 18, 29, 100.000000
21, 18, 30, 100.000000
21, 18, 31, 100.000000
21, 18, 32, 100.000000
21, 18, 33, 100.000000
21, 18, 34, 100.000000
21, 19, 0, 0.446791
21, 19, 1, -0.130296
21, 19, 2, -0.479147
21, 19, 3, -0.455653
21, 19, 4, -0.462293
21, 19, 5, -0.454120
21, 19, 6, -0.476399
21, 19, 7, -0.479411
21, 19, 8, -0.480218
21, 19, 9, -0.416679
21, 19, 10, -0.232406
21, 19, 11, 0.059821
21, 19, 12, 0.541651
21, 19, 13, 1.165632
21, 19, 14, 1.978846
21, 19, 15, 100.000000
21, 19, 16, 100.000000
21, 19, 17, 100.000000
21, 19, 18, 100.000000
21, 19, 19, 100.000000
21, 19, 20, 100.000000
21, 19, 21, 100.000000
21, 19, 22, 100.000000
21, 19, 23, 100.000000
21, 19, 24, 100.000000
21, 19, 25, 100.000000
21, 19, 26, 100.000000
21, 19, 27, 100.000000
21, 19, 28, 100.000000
21, 19, 29, 100.000000
21, 19, 30, 100.000000
21, 19, 31, 100.000000
21, 19, 32, 100.000000
21, 19, 33, 100.000000
21, 19, 34, 100.000000
21, 20, 0, 0.448978
21, 20, 1, -0.113624
21, 20, 2, -0.459765
21, 20, 3, -0.442528
21, 20, 4, -0.459010
21, 20, 5, -0.440686
21, 20, 6, -0.455213
21, 20, 7, -0.476950
21, 20, 8, -0.473081
21, 20, 9, -0.430563
21, 20, 10, -0.244649
21, 20, 11, 0.074367
21, 20, 12, 0.526047
21, 20, 13, 1.072116
21, 20, 14, 1.692084
21, 20, 15, 100.000000
21, 20, 16, 100.000000
21, 20, 17, 100.000000
21, 20, 18, 100.000000
21, 20, 19, 100.000000
21, 20, 20, 100.000000
21, 20, 21, 100.000000
21, 20, 22, 100.000000
21, 20, 23, 100.000000
21, 20, 24, 100.000000
21, 20, 25, 100.000000
21, 20, 26, 100.000000
21, 20, 27, 100.000000
21, 20, 28, 100.000000
21, 20, 29, 100.000000
21, 20, 30, 100.000000
21, 20, 31, 100.000000
21, 20, 32, 100.000000
21, 20, 33, 100.000000
21, 20, 34, 100.000000
21, 21, 0, 0.438828
21, 21, 1, -0.110611
21, 21, 2, -0.468832
21, 21, 3, -0.434002
21, 21, 4, -0.461799
21, 21, 5, -0.433630
21, 21, 6, -0.448550
21, 21, 7, -0.482027
21, 21, 8, -0.486055
21, 21, 9, -0.443214
21, 21, 10, -0.258064
21, 21, 11, 0.078606
21, 21, 12, 0.547627
21, 21, 13, 1.042117
21, 21, 14, 1.628102
21, 21, 15, 100.000000
21, 21, 16, 100.000000
21, 21, 17, 100.000000
21, 21, 18, 100.000000
21, 21, 19, 100.000000
21, 21, 20, 100.000000
21, 21, 21, 100.000000
21, 21, 22, 100.000000
21, 21, 23, 100.000000
21, 21, 24, 100.000000
21, 21, 25, 100.000000
21, 21, 26, 100.000000
21, 21, 27, 100.000000
21, 21, 28, 100.000000
21, 21, 29, 100.000000
21, 21, 30, 100.000000
21, 21, 31, 100.000000
21, 21, 32, 100.000000
21, 21, 33, 100.000000
21, 21, 34, 100.000000
21, 22, 0, 0.420573
21, 22, 1, -0.124528
21, 22, 2, -0.471124
21, 22, 3, -0.442360
21, 22, 4, -0.455589
21, 22, 5, -0.428518
21, 22, 6, -0.435542
21, 22, 7, -0.467018
21, 22, 8, -0.477935
21, 22, 9, -0.442684
21, 22, 10, -0.266845
21, 22, 11, 0.094117
21, 22, 12, 0.591340
21, 22, 13, 1.138628
21, 22, 14, 1.794749
21, 22, 15, 100.000000
21, 22, 16, 100.000000
21, 22, 17, 100.000000
21, 22, 18, 100.000000
21, 22, 19, 100.000000
21, 22, 20, 100.000000
21, 22, 21, 100.000000
21, 22, 22, 100.000000
21, 22, 23, 100.000000
21, 22, 24, 100.000000
21, 22, 25, 100.000000
21, 22, 26, 100.000000
21, 22, 27, 100.000000
21, 22, 28, 100.000000
21, 22, 29, 100.000000
21, 22, 30, 100.000000
21, 22, 31, 100.000000
21, 22, 32, 100.000000
21, 22, 33, 100.000000
21, 22, 34, 100.000000
21, 23, 0, 0.420267
21, 23, 1, -0.121623
21, 23, 2, -0.459421
21, 23, 3, -0.439485
21, 23, 4, -0.444936
21, 23, 5, -0.449114
21, 23, 6, -0.452327
21, 23, 7, -0.452763
21, 23, 8, -0.437553
21, 23, 9, -0.423708
21, 23, 10, -0.253376
21, 23, 11, 0.117270
21, 23, 12, 0.636424
21, 23, 13, 1.198531
21, 23, 14, 1.857634
21, 23, 15, 100.000000
21, 23, 16, 100.000000
21, 23, 17, 100.000000
21, 23, 18, 100.000000
21, 23, 19, 100.000000
21, 23, 20, 100.000000
21, 23, 21, 100.000000
21, 23, 22, 100.000000
21, 23, 23, 100.000000
21, 23, 24, 100.000000
21, 23, 25, 100.000000
21, 23, 26, 100.000000
21, 23, 27, 100.000000
21, 23, 28, 100.000000
21, 23, 29, 100.000000
21, 23, 30, 100.000000
21, 23, 31, 100.000000
21, 23, 32, 100.000000
21, 23, 33, 100.000000
21, 23, 34, 100.000000
21, 24, 0, 0.423988
21, 24, 1, -0.113403
21, 24, 2, -0.420031
21, 24, 3, -0.456057
21, 24, 4, -0.449444
21, 24, 5, -0.450598
21, 24, 6, -0.451764
21, 24, 7, -0.428138
21, 24, 8, -0.429417
21, 24, 9, -0.408704
21, 24, 10, -0.210493
21, 24, 11, 0.178480
21, 24, 12, 0.700526
21, 24, 13, 1.248017
21, 24, 14, 1.982783
21, 24, 15, 100.000000
21, 24, 16, 100.000000
21, 24, 17, 100.000000
21, 24, 18, 100.000000
21, 24, 19, 100.000000
21, 24, 20, 100.000000
21, 24, 21, 100.000000
21, 24, 22, 100.000000
21, 24, 23, 100.000000
21, 24, 24, 100.000000
21, 24, 25, 100.000000
21, 24, 26, 100.000000
21, 24, 27, 100.000000
21, 24, 28, 100.000000
21, 24, 29, 100.000000
21, 24, 30, 100.000000
21, 24, 31, 100.000000
21, 24, 32, 100.000000
21, 24, 33, 100.000000
21, 24, 34, 100.000000
21, 25, 0, 0.404995
21, 25, 1, -0.118827
21, 25, 2, -0.398087
21, 25, 3, -0.454954
21, 25, 4, -0.470931
21, 25, 5, -0.451271
21, 25, 6, -0.444221
21, 25, 7, -0.430241
21, 25, 8, -0.466174
21, 25, 9, -0.370264
21, 25, 10, -0.150993
21, 25, 11, 0.247106
21, 25, 12, 0.768475
21, 25, 13, 1.287881
21, 25, 14, 2.122998
21, 25, 15, 100.000000
21, 25, 16, 100.000000
21, 25, 17, 100.000000
21, 25, 18, 100.000000
21, 25, 19, 100.000000
21, 25, 20, 100.000000
21, 25, 21, 100.000000
21, 25, 22, 100.000000
21, 25, 23, 100.000000
21, 25, 24, 100.000000
21, 25, 25, 100.000000
21, 25, 26, 100.000000
21, 25, 27, 100.000000
21, 25, 28, 100.000000
21, 25, 29, 100.000000
21, 25, 30, 100.000000
21, 25, 31, 100.000000
21, 25, 32, 100.000000
21, 25, 33, 100.000000
21, 25, 34, 100.000000
21, 26, 0, 0.381637
21, 26, 1, -0.134607
21, 26, 2, -0.416611
21, 26, 3, -0.453461
21, 26, 4, -0.478940
21, 26, 5, -0.461171
21, 26, 6, -0.433134
21, 26, 7, -0.444759
21, 26, 8, -0.462914
21, 26, 9, -0.345842
21, 26, 10, -0.115871
21, 26, 11, 0.277785
21, 26, 12, 0.792861
21, 26, 13, 1.365316
21, 26, 14, 2.323242
21, 26, 15, 100.000000
21, 26, 16, 100.000000
21, 26, 17, 100.000000
21, 26, 18, 100.000000
21, 26, 19, 100.000000
21, 26, 20, 100.000000
21, 26, 21, 100.000000
21, 26, 22, 100.000000
21, 26, 23, 100.000000
21, 26, 24, 100.000000
21, 26, 25, 100.000000
21, 26, 26, 100.000000
21, 26, 27, 100.000000
21, 26, 28, 100.000000
21, 26, 29, 100.000000
21, 26, 30, 100.000000
21, 26, 31, 100.000000
21, 26, 32, 100.000000
21, 26, 33, 100.000000
21, 26, 34, 100.000000
21, 27, 0, 0.390846
21, 27, 1, -0.114041
21, 27, 2, -0.394916
21, 27, 3, -0.445686
21, 27, 4, -0.459406
21, 27, 5, -0.428856
21, 27, 6, -0.411505
21, 27, 7, -0.454919
21, 27, 8, -0.439119
21, 27, 9, -0.361342
21, 27, 10, -0.117660
21, 27, 11, 0.274307
21, 27, 12, 0.791047
21, 27, 13, 1.391535
21, 27, 14, 2.332395
21, 27, 15, 100.000000
21, 27, 16, 100.000000
21, 27, 17, 100.000000
21, 27, 18, 100.000000
21, 27, 19, 100.000000
21, 27, 20, 100.000000
21, 27, 21, 100.000000
21, 27, 22, 100.000000
21, 27, 23, 100.000000
21, 27, 24, 100.000000
21, 27, 25, 100.000000
21, 27, 26, 100.000000
21, 27, 27, 100.000000
21, 27, 28, 100.000000
21, 27, 29, 100.000000
21, 27, 30, 100.000000
21, 27, 31, 100.000000
21, 27, 32, 100.000000
21, 27, 33, 100.000000
21, 27, 34, 100.000000
21, 28, 0, 0.432352
21, 28, 1, -0.092793
21, 28, 2, -0.413443
21, 28, 3, -0.446180
21, 28, 4, -0.446003
21, 28, 5, -0.451579
21, 28, 6, -0.455022
21, 28, 7, -0.443355
21, 28, 8, -0.388307
21, 28, 9, -0.333370
21, 28, 10, -0.102733
21, 28, 11, 0.319819
21, 28, 12, 0.800998
21, 28, 13, 1.336030
21, 28, 14, 2.172216
21, 28, 15, 100.000000
21, 28, 16, 100.000000
21, 28, 17, 100.000000
21, 28, 18, 100.000000
21, 28, 19, 100.000000
21, 28, 20, 100.000000
21, 28, 21, 100.000000
21, 28, 22, 100.000000
21, 28, 23, 100.000000
21, 28, 24, 100.000000
21, 28, 25, 100.000000
21, 28, 26, 100.000000
21, 28, 27, 100.000000
21, 28, 28, 100.000000
21, 28, 29, 100.000000
21, 28, 30, 100.000000
21, 28, 31, 100.000000
21, 28, 32, 100.000000
21, 28, 33, 100.000000
21, 28, 34, 100.000000
21, 29, 0, 0.503238
21, 29, 1, 0.036221
21, 29, 2, -0.119588
21, 29, 3, -0.111209
21, 29, 4, -0.111986
21, 29, 5, -0.119488
21, 29, 6, -0.119369
21, 29, 7, -0.107277
21, 29, 8, -0.066875
21, 29, 9, 0.001271
21, 29, 10, 0.161653
21, 29, 11, 0.498655
21, 29, 12, 0.877468
21, 29, 13, 1.323016
21, 29, 14, 2.167059
21, 29, 15, 100.000000
21, 29, 16, 100.000000
21, 29, 17, 100.000000
21, 29, 18, 100.000000
21, 29, 19, 100.000000
21, 29, 20, 100.000000
21, 29, 21, 100.000000
21, 29, 22, 100.000000
21, 29, 23, 100.000000
21, 29, 24, 100.000000
21, 29, 25, 100.000000
21, 29, 26, 100.000000
21, 29, 27, 100.000000
21, 29, 28, 100.000000
21, 29, 29, 100.000000
21, 29, 30, 100.000000
21, 29, 31, 100.000000
21, 29, 32, 100.000000
21, 29, 33, 100.000000
21, 29, 34, 100.000000
22, 0, 0, 0.716007
22, 0, 1, 0.458503
22, 0, 2, 0.442040
22, 0, 3, 0.468351
22, 0, 4, 0.465795
22, 0, 5, 0.457727
22, 0, 6, 0.429898
22, 0, 7, 0.414173
22, 0, 8, 0.440710
22, 0, 9, 0.493848
22, 0, 10, 0.615610
22, 0, 11, 0.907552
22, 0, 12, 1.384745
22, 0, 13, 1.803724
22, 0, 14, 100.000000
22, 0, 15, 100.000000
22, 0, 16, 100.000000
22, 0, 17, 100.000000
22, 0, 18, 100.000000
22, 0, 19, 100.000000
22, 0, 20, 100.000000
22, 0, 21, 100.000000
22, 0, 22, 100.000000
22, 0, 23, 100.000000
22, 0, 24, 100.000000
22, 0, 25, 100.000000
22, 0, 26, 100.000000
22, 0, 27, 100.000000
22, 0, 28, 100.000000
22, 0, 29, 100.000000
22, 0, 30, 100.000000
22, 0, 31, 100.000000
22, 0, 32, 100.000000
22, 0, 33, 100.000000
22, 0, 34, 100.000000
22, 1, 0, 0.476880
22, 1, 1, 0.067658
22, 1, 2, -0.043198
22, 1, 3, -0.052489
22, 1, 4, -0.084695
22, 1, 5, -0.092444
22, 1, 6, -0.098554
22, 1, 7, -0.093057
22, 1, 8, -0.052372
22, 1, 9, 0.028324
22, 1, 10, 0.210017
22, 1, 11, 0.568226
22, 1, 12, 1.051820
22, 1, 13, 1.529536
22, 1, 14, 2.361270
22, 1, 15, 100.000000
22, 1, 16, 100.000000
22, 1, 17, 100.000000
22, 1, 18, 100.000000
22, 1, 19, 100.000000
22, 1, 20, 100.000000
22, 1, 21, 100.000000
22, 1, 22, 100.000000
22, 1, 23, 100.000000
22, 1, 24, 100.000000
22, 1, 25, 100.000000
22, 1, 26, 100.000000
22, 1, 27, 100.000000
22, 1, 28, 100.000000
22, 1, 29, 100.000000
22, 1, 30, 100.000000
22, 1, 31, 100.000000
22, 1, 32, 100.000000
22, 1, 33, 100.000000
22, 1, 34, 100.000000
22, 2, 0, 0.424152
22, 2, 1, -0.089949
22, 2, 2, -0.343598
22, 2, 3, -0.337586
22, 2, 4, -0.378525
22, 2, 5, -0.408154
22, 2, 6, -0.412822
22, 2, 7, -0.388360
22, 2, 8, -0.340499
22, 2, 9, -0.234219
22, 2, 10, 0.021276
22, 2, 11, 0.477270
22, 2, 12, 0.958201
22, 2, 13, 1.468328
22, 2, 14, 2.408865
22, 2, 15, 100.000000
22, 2, 16, 100.000000
22, 2, 17, 100.000000
22, 2, 18, 100.000000
22, 2, 19, 100.000000
22, 2, 20, 100.000000
22, 2, 21, 100.000000
22, 2, 22, 100.000000
22, 2, 23, 100.000000
22, 2, 24, 100.000000
22, 2, 25, 100.000000
22, 2, 26, 100.000000
22, 2, 27, 100.000000
22, 2, 28, 100.000000
22, 2, 29, 100.000000
22, 2, 30, 100.000000
22, 2, 31, 100.000000
22, 2, 32, 100.000000
22, 2, 33, 100.000000
22, 2, 34, 100.000000
22, 3, 0, 0.419010
22, 3, 1, -0.116726
22, 3, 2, -0.453330
22, 3, 3, -0.409805
22, 3, 4, -0.413358
22, 3, 5, -0.452248
22, 3, 6, -0.462297
22, 3, 7, -0.453412
22, 3, 8, -0.442806
22, 3, 9, -0.336969
22, 3, 10, -0.016899
22, 3, 11, 0.469913
22, 3, 12, 0.978679
22, 3, 13, 1.419636
22, 3, 14, 2.328736
22, 3, 15, 100.000000
22, 3, 16, 100.000000
22, 3, 17, 100.000000
22, 3, 18, 100.000000
22, 3, 19, 100.000000
22, 3, 20, 100.000000
22, 3, 21, 100.000000
22, 3, 22, 100.000000
22, 3, 23, 100.000000
22, 3, 24, 100.000000
22, 3, 25, 100.000000
22, 3, 26, 100.000000
22, 3, 27, 100.000000
22, 3, 28, 100.000000
22, 3, 29, 100.000000
22, 3, 30, 100.000000
22, 3, 31, 100.000000
22, 3, 32, 100.000000
22, 3, 33, 100.000000
22, 3, 34, 100.000000
22, 4, 0, 0.424711
22, 4, 1, -0.119529
22, 4, 2, -0.446084
22, 4, 3, -0.461884
22, 4, 4, -0.437724
22, 4, 5, -0.441246
22, 4, 6, -0.453303
22, 4, 7, -0.443437
22, 4, 8, -0.427493
22, 4, 9, -0.316332
22, 4, 10, 0.014184
22, 4, 11, 0.486586
22, 4, 12, 1.041551
22, 4, 13, 1.480325
22, 4, 14, 2.349329
22, 4, 15, 100.000000
22, 4, 16, 100.000000
22, 4, 17, 100.000000
22, 4, 18, 100.000000
22, 4, 19, 100.000000
22, 4, 20, 100.000000
22, 4, 21, 100.000000
22, 4, 22, 100.000000
22, 4, 23, 100.000000
22, 4, 24, 100.000000
22, 4, 25, 100.000000
22, 4, 26, 100.000000
22, 4, 27, 100.000000
22, 4, 28, 100.000000
22, 4, 29, 100.000000
22, 4, 30, 100.000000
22, 4, 31, 100.000000
22, 4, 32, 100.000000
22, 4, 33, 100.000000
22, 4, 34, 100.000000
22, 5, 0, 0.434431
22, 5, 1, -0.101492
22, 5, 2, -0.432736
22, 5, 3, -0.471136
22, 5, 4, -0.429656
22, 5, 5, -0.449477
22, 5, 6, -0.453699
22, 5, 7, -0.446502
22, 5, 8, -0.440459
22, 5, 9, -0.301562
22, 5, 10, 0.007128
22, 5, 11, 0.496135
22, 5, 12, 1.095294
22, 5, 13, 1.692159
22, 5, 14, 100.000000
22, 5, 15, 100.000000
22, 5, 16, 100.000000
22, 5, 17, 100.000000
22, 5, 18, 100.000000
22, 5, 19, 100.000000
22, 5, 20, 100.000000
22, 5, 21, 100.000000
22, 5, 22, 100.000000
22, 5, 23, 100.000000
22, 5, 24, 100.000000
22, 5, 25, 100.000000
22, 5, 26, 100.000000
22, 5, 27, 100.000000
22, 5, 28, 100.000000
22, 5, 29, 100.000000
22, 5, 30, 100.000000
22, 5, 31, 100.000000
22, 5, 32, 100.000000
22, 5, 33, 100.000000
22, 5, 34, 100.000000
22, 6, 0, 0.440968
22, 6, 1, -0.079871
22, 6, 2, -0.414602
22, 6, 3, -0.457971
22, 6, 4, -0.440713
22, 6, 5, -0.444151
22, 6, 6, -0.438819
22, 6, 7, -0.434657
22, 6, 8, -0.411499
22, 6, 9, -0.312635
22, 6, 10, -0.025262
22, 6, 11, 0.471087
22, 6, 12, 1.066464
22, 6, 13, 1.685461
22, 6, 14, 100.000000
22, 6, 15, 100.000000
22, 6, 16, 100.000000
22, 6, 17, 100.000000
22, 6, 18, 100.000000
22, 6, 19, 100.000000
22, 6, 20, 100.000000
22, 6, 21, 100.000000
22, 6, 22, 100.000000
22, 6, 23, 100.000000
22, 6, 24, 100.000000
22, 6, 25, 100.000000
22, 6, 26, 100.000000
22, 6, 27, 100.000000
22, 6, 28, 100.000000
22, 6, 29, 100.000000
22, 6, 30, 100.000000
22, 6, 31, 100.000000
22, 6, 32, 100.000000
22, 6, 33, 100.000000
22, 6, 34, 100.000000
22, 7, 0, 0.440567
22, 7, 1, -0.082296
22, 7, 2, -0.400768
22, 7, 3, -0.453010
22, 7, 4, -0.414149
22, 7, 5, -0.411124
22, 7, 6, -0.429479
22, 7, 7, -0.420362
22, 7, 8, -0.417034
22, 7, 9, -0.346598
22, 7, 10, -0.068806
22, 7, 11, 0.426283
22, 7, 12, 0.998824
22, 7, 13, 1.538480
22, 7, 14, 2.461866
22, 7, 15, 100.000000
22, 7, 16, 100.000000
22, 7, 17, 100.000000
22, 7, 18, 100.000000
22, 7, 19, 100.000000
22, 7, 20, 100.000000
22, 7, 21, 100.000000
22, 7, 22, 100.000000
22, 7, 23, 100.000000
22, 7, 24, 100.000000
22, 7, 25, 100.000000
22, 7, 26, 100.000000
22, 7, 27, 100.000000
22, 7, 28, 100.000000
22, 7, 29, 100.000000
22, 7, 30, 100.000000
22, 7, 31, 100.000000
22, 7, 32, 100.000000
22, 7, 33, 100.000000
22, 7, 34, 100.000000
22, 8, 0, 0.434325
22, 8, 1, -0.101305
22, 8, 2, -0.406177
22, 8, 3, -0.471356
22, 8, 4, -0.440521
22, 8, 5, -0.421295
22, 8, 6, -0.394570
22, 8, 7, -0.398716
22, 8, 8, -0.436571
22, 8, 9, -0.378182
22, 8, 10, -0.108649
22, 8, 11, 0.372780
22, 8, 12, 0.940573
22, 8, 13, 1.498240
22, 8, 14, 100.000000
22, 8, 15, 100.000000
22, 8, 16, 100.000000
22, 8, 17, 100.000000
22, 8, 18, 100.000000
22, 8, 19, 100.000000
22, 8, 20, 100.000000
22, 8, 21, 100.000000
22, 8, 22, 100.000000
22, 8, 23, 100.000000
22, 8, 24, 100.000000
22, 8, 25, 100.000000
22, 8, 26, 100.000000
22, 8, 27, 100.000000
22, 8, 28, 100.000000
22, 8, 29, 100.000000
22, 8, 30, 100.000000
22, 8, 31, 100.000000
22, 8, 32, 100.000000
22, 8, 33, 100.000000
22, 8, 34, 100.000000
22, 9, 0, 0.432778
22, 9, 1, -0.118703
22, 9, 2, -0.411194
22, 9, 3, -0.447031
22, 9, 4, -0.463584
22, 9, 5, -0.426421
22, 9, 6, -0.365566
22, 9, 7, -0.398117
22, 9, 8, -0.478596
22, 9, 9, -0.391518
22, 9, 10, -0.119252
22, 9, 11, 0.337426
22, 9, 12, 0.865812
22, 9, 13, 1.476781
22, 9, 14, 2.306530
22, 9, 15, 100.000000
22, 9, 16, 100.000000
22, 9, 17, 100.000000
22, 9, 18, 100.000000
22, 9, 19, 100.000000
22, 9, 20, 100.000000
22, 9, 21, 100.000000
22, 9, 22, 100.000000
22, 9, 23, 100.000000
22, 9, 24, 100.000000
22, 9, 25, 100.000000
22, 9, 26, 100.000000
22, 9, 27, 100.000000
22, 9, 28, 100.000000
22, 9, 29, 100.000000
22, 9, 30, 100.000000
22, 9, 31, 100.000000
22, 9, 32, 100.000000
22, 9, 33, 100.000000
22, 9, 34, 100.000000
22, 10, 0, 0.421482
22, 10, 1, -0.125849
22, 10, 2, -0.422964
22, 10, 3, -0.443125
22, 10, 4, -0.440959
22, 10, 5, -0.424012
22, 10, 6, -0.360061
22, 10, 7, -0.428127
22, 10, 8, -0.481743
22, 10, 9, -0.383147
22, 10, 10, -0.095479
22, 10, 11, 0.330383
22, 10, 12, 0.863193
22, 10, 13, 1.438862
22, 10, 14, 2.254719
22, 10, 15, 100.000000
22, 10, 16, 100.000000
22, 10, 17, 100.000000
22, 10, 18, 100.000000
22, 10, 19, 100.000000
22, 10, 20, 100.000000
22, 10, 21, 100.000000
22, 10, 22, 100.000000
22, 10, 23, 100.000000
22, 10, 24, 100.000000
22, 10, 25, 100.000000
22, 10, 26, 100.000000
22, 10, 27, 100.000000
22, 10, 28, 100.000000
22, 10, 29, 100.000000
22, 10, 30, 100.000000
22, 10, 31, 100.000000
22, 10, 32, 100.000000
22, 10, 33, 100.000000
22, 10, 34, 100.000000
22, 11, 0, 0.402139
22, 11, 1, -0.124871
22, 11, 2, -0.418631
22, 11, 3, -0.446249
22, 11, 4, -0.460815
22, 11, 5, -0.433291
22, 11, 6, -0.392821
22, 11, 7, -0.431386
22, 11, 8, -0.461065
22, 11, 9, -0.365176
22, 11, 10, -0.098646
22, 11, 11, 0.349736
22, 11, 12, 0.936327
22, 11, 13, 1.545362
22, 11, 14, 2.375872
22, 11, 15, 100.000000
22, 11, 16, 100.000000
22, 11, 17, 100.000000
22, 11, 18, 100.000000
22, 11, 19, 100.000000
22, 11, 20, 100.000000
22, 11, 21, 100.000000
22, 11, 22, 100.000000
22, 11, 23, 100.000000
22, 11, 24, 100.000000
22, 11, 25, 100.000000
22, 11, 26, 100.000000
22, 11, 27, 100.000000
22, 11, 28, 100.000000
22, 11, 29, 100.000000
22, 11, 30, 100.000000
22, 11, 31, 100.000000
22, 11, 32, 100.000000
22, 11, 33, 100.000000
22, 11, 34, 100.000000
22, 12, 0, 0.409184
22, 12, 1, -0.118979
22, 12, 2, -0.401074
22, 12, 3, -0.448127
22, 12, 4, -0.455992
22, 12, 5, -0.426660
22, 12, 6, -0.434687
22, 12, 7, -0.434180
22, 12, 8, -0.420135
22, 12, 9, -0.363277
22, 12, 10, -0.117442
22, 12, 11, 0.351135
22, 12, 12, 0.968634
22, 12, 13, 1.698459
22, 12, 14, 100.000000
22, 12, 15, 100.000000
22, 12, 16, 100.000000
22, 12, 17, 100.000000
22, 12, 18, 100.000000
22, 12, 19, 100.000000
22, 12, 20, 100.000000
22, 12, 21, 100.000000
22, 12, 22, 100.000000
22, 12, 23, 100.000000
22, 12, 24, 100.000000
22, 12, 25, 100.000000
22, 12, 26, 100.000000
22, 12, 27, 100.000000
22, 12, 28, 100.000000
22, 12, 29, 100.000000
22, 12, 30, 100.000000
22, 12, 31, 100.000000
22, 12, 32, 100.000000
22, 12, 33, 100.000000
22, 12, 34, 100.000000
22, 13, 0, 0.411107
22, 13, 1, -0.124164
22, 13, 2, -0.419510
22, 13, 3, -0.469773
22, 13, 4, -0.442215
22, 13, 5, -0.416697
22, 13, 6, -0.444353
22, 13, 7, -0.459164
22, 13, 8, -0.423006
22, 13, 9, -0.381949
22, 13, 10, -0.154556
22, 13, 11, 0.324018
22, 13, 12, 0.890017
22, 13, 13, 1.502024
22, 13, 14, 2.299419
22, 13, 15, 100.000000
22, 13, 16, 100.000000
22, 13, 17, 100.000000
22, 13, 18, 100.000000
22, 13, 19, 100.000000
22, 13, 20, 100.000000
22, 13, 21, 100.000000
22, 13, 22, 100.000000
22, 13, 23, 100.000000
22, 13, 24, 100.000000
22, 13, 25, 100.000000
22, 13, 26, 100.000000
22, 13, 27, 100.000000
22, 13, 28, 100.000000
22, 13, 29, 100.000000
22, 13, 30, 100.000000
22, 13, 31, 100.000000
22, 13, 32, 100.000000
22, 13, 33, 100.000000
22, 13, 34, 100.000000
22, 14, 0, 0.386877
22, 14, 1, -0.157503
22, 14, 2, -0.450480
22, 14, 3, -0.430212
22, 14, 4, -0.407016
22, 14, 5, -0.412642
22, 14, 6, -0.463903
22, 14, 7, -0.482452
22, 14, 8, -0.438178
22, 14, 9, -0.386300
22, 14, 10, -0.162075
22, 14, 11, 0.273470
22, 14, 12, 0.791204
22, 14, 13, 1.319859
22, 14, 14, 2.062701
22, 14, 15, 100.000000
22, 14, 16, 100.000000
22, 14, 17, 100.000000
22, 14, 18, 100.000000
22, 14, 19, 100.000000
22, 14, 20, 100.000000
22, 14, 21, 100.000000
22, 14, 22, 100.000000
22, 14, 23, 100.000000
22, 14, 24, 100.000000
22, 14, 25, 100.000000
22, 14, 26, 100.000000
22, 14, 27, 100.000000
22, 14, 28, 100.000000
22, 14, 29, 100.000000
22, 14, 30, 100.000000
22, 14, 31, 100.000000
22, 14, 32, 100.000000
22, 14, 33, 100.000000
22, 14, 34, 100.000000
22, 15, 0, 0.375140
22, 15, 1, -0.161543
22, 15, 2, -0.422360
22, 15, 3, -0.417336
22, 15, 4, -0.404983
22, 15, 5, -0.423739
22, 15, 6, -0.455689
22, 15, 7, -0.460922
22, 15, 8, -0.444449
22, 15, 9, -0.375972
22, 15, 10, -0.177147
22, 15, 11, 0.206314
22, 15, 12, 0.677430
22, 15, 13, 1.157959
22, 15, 14, 1.827730
22, 15, 15, 100.000000
22, 15, 16, 100.000000
22, 15, 17, 100.000000
22, 15, 18, 100.000000
22, 15, 19, 100.000000
22, 15, 20, 100.000000
22, 15, 21, 100.000000
22, 15, 22, 100.000000
22, 15, 23, 100.000000
22, 15, 24, 100.000000
22, 15, 25, 100.000000
22, 15, 26, 100.000000
22, 15, 27, 100.000000
22, 15, 28, 100.000000
22, 15, 29, 100.000000
22, 15, 30, 100.000000
22, 15, 31, 100.000000
22, 15, 32, 100.000000
22, 15, 33, 100.000000
22, 15, 34, 100.000000
22, 16, 0, 0.391580
22, 16, 1, -0.152808
22, 16, 2, -0.445182
22, 16, 3, -0.468118
22, 16, 4, -0.453916
22, 16, 5, -0.479441
22, 16, 6, -0.451417
22, 16, 7, -0.457596
22, 16, 8, -0.457162
22, 16, 9, -0.395840
22, 16, 10, -0.195751
22, 16, 11, 0.154101
22, 16, 12, 0.620595
22, 16, 13, 1.151126
22, 16, 14, 1.675289
22, 16, 15, 100.000000
22, 16, 16, 100.000000
22, 16, 17, 100.000000
22, 16, 18, 100.000000
22, 16, 19, 100.000000
22, 16, 20, 100.000000
22, 16, 21, 100.000000
22, 16, 22, 100.000000
22, 16, 23, 100.000000
22, 16, 24, 100.000000
22, 16, 25, 100.000000
22, 16, 26, 100.000000
22, 16, 27, 100.000000
22, 16, 28, 100.000000
22, 16, 29, 100.000000
22, 16, 30, 100.000000
22, 16, 31, 100.000000
22, 16, 32, 100.000000
22, 16, 33, 100.000000
22, 16, 34, 100.000000
22, 17, 0, 0.405856
22, 17, 1, -0.141905
22, 17, 2, -0.443024
22, 17, 3, -0.469152
22, 17, 4, -0.442930
22, 17, 5, -0.455806
22, 17, 6, -0.454590
22, 17, 7, -0.483564
22, 17, 8, -0.468172
22, 17, 9, -0.402922
22, 17, 10, -0.217295
22, 17, 11, 0.129803
22, 17, 12, 0.607376
22, 17, 13, 1.224123
22, 17, 14, 1.859349
22, 17, 15, 100.000000
22, 17, 16, 100.000000
22, 17, 17, 100.000000
22, 17, 18, 100.000000
22, 17, 19, 100.000000
22, 17, 20, 100.000000
22, 17, 21, 100.000000
22, 17, 22, 100.000000
22, 17, 23, 100.000000
22, 17, 24, 100.000000
22, 17, 25, 100.000000
22, 17, 26, 100.000000
22, 17, 27, 100.000000
22, 17, 28, 100.000000
22, 17, 29, 100.000000
22, 17, 30, 100.000000
22, 17, 31, 100.000000
22, 17, 32, 100.000000
22, 17, 33, 100.000000
22, 17, 34, 100.000000
22, 18, 0, 0.427106
22, 18, 1, -0.145581
22, 18, 2, -0.448636
22, 18, 3, -0.465092
22, 18, 4, -0.468575
22, 18, 5, -0.456627
22, 18, 6, -0.486965
22, 18, 7, -0.479492
22, 18, 8, -0.461331
22, 18, 9, -0.397999
22, 18, 10, -0.239708
22, 18, 11, 0.076163
22, 18, 12, 0.570785
22, 18, 13, 1.158118
22, 18, 14, 1.937940
22, 18, 15, 100.000000
22, 18, 16, 100.000000
22, 18, 17, 100.000000
22, 18, 18, 100.000000
22, 18, 19, 100.000000
22, 18, 20, 100.000000
22, 18, 21, 100.000000
22, 18, 22, 100.000000
22, 18, 23, 100.000000
22, 18, 24, 100.000000
22, 18, 25, 100.000000
22, 18, 26, 100.000000
22, 18, 27, 100.000000
22, 18, 28, 100.000000
22, 18, 29, 100.000000
22, 18, 30, 100.000000
22, 18, 31, 100.000000
22, 18, 32, 100.000000
22, 18, 33, 100.000000
22, 18, 34, 100.000000
22, 19, 0, 0.447266
22, 19, 1, -0.128688
22, 19, 2, -0.449378
22, 19, 3, -0.469091
22, 19, 4, -0.479228
22, 19, 5, -0.453541
22, 19, 6, -0.471369
22, 19, 7, -0.472814
22, 19, 8, -0.471739
22, 19, 9, -0.415286
22, 19, 10, -0.263431
22, 19, 11, 0.032564
22, 19, 12, 0.522660
22, 19, 13, 1.108807
22, 19, 14, 1.765752
22, 19, 15, 100.000000
22, 19, 16, 100.000000
22, 19, 17, 100.000000
22, 19, 18, 100.000000
22, 19, 19, 100.000000
22, 19, 20, 100.000000
22, 19, 21, 100.000000
22, 19, 22, 100.000000
22, 19, 23, 100.000000
22, 19, 24, 100.000000
22, 19, 25, 100.000000
22, 19, 26, 100.000000
22, 19, 27, 100.000000
22, 19, 28, 100.000000
22, 19, 29, 100.000000
22, 19, 30, 100.000000
22, 19, 31, 100.000000
22, 19, 32, 100.000000
22, 19, 33, 100.000000
22, 19, 34, 100.000000
22, 20, 0, 0.458483
22, 20, 1, -0.106531
22, 20, 2, -0.457635
22, 20, 3, -0.460566
22, 20, 4, -0.489361
22, 20, 5, -0.456455
22, 20, 6, -0.459151
22, 20, 7, -0.472533
22, 20, 8, -0.486803
22, 20, 9, -0.437516
22, 20, 10, -0.271719
22, 20, 11, 0.043608
22, 20, 12, 0.510596
22, 20, 13, 1.076472
22, 20, 14, 1.732338
22, 20, 15, 100.000000
22, 20, 16, 100.000000
22, 20, 17, 100.000000
22, 20, 18, 100.000000
22, 20, 19, 100.000000
22, 20, 20, 100.000000
22, 20, 21, 100.000000
22, 20, 22, 100.000000
22, 20, 23, 100.000000
22, 20, 24, 100.000000
22, 20, 25, 100.000000
22, 20, 26, 100.000000
22, 20, 27, 100.000000
22, 20, 28, 100.000000
22, 20, 29, 100.000000
22, 20, 30, 100.000000
22, 20, 31, 100.000000
22, 20, 32, 100.000000
22, 20, 33, 100.000000
22, 20, 34, 100.000000
22, 21, 0, 0.453386
22, 21, 1, -0.104150
22, 21, 2, -0.472401
22, 21, 3, -0.437988
22, 21, 4, -0.483353
22, 21, 5, -0.458682
22, 21, 6, -0.469529
22, 21, 7, -0.486528
22, 21, 8, -0.477483
22, 21, 9, -0.434316
22, 21, 10, -0.258987
22, 21, 11, 0.086287
22, 21, 12, 0.577441
22, 21, 13, 1.102501
22, 21, 14, 1.794678
22, 21, 15, 100.000000
22, 21, 16, 100.000000
22, 21, 17, 100.000000
22, 21, 18, 100.000000
22, 21, 19, 100.000000
22, 21, 20, 100.000000
22, 21, 21, 100.000000
22, 21, 22, 100.000000
22, 21, 23, 100.000000
22, 21, 24, 100.000000
22, 21, 25, 100.000000
22, 21, 26, 100.000000
22, 21, 27, 100.000000
22, 21, 28, 100.000000
22, 21, 29, 100.000000
22, 21, 30, 100.000000
22, 21, 31, 100.000000
22, 21, 32, 100.000000
22, 21, 33, 100.000000
22, 21, 34, 100.000000
22, 22, 0, 0.433744
22, 22, 1, -0.120018
22, 22, 2, -0.468871
22, 22, 3, -0.431777
22, 22, 4, -0.466835
22, 22, 5, -0.456618
22, 22, 6, -0.458736
22, 22, 7, -0.477860
22, 22, 8, -0.454254
22, 22, 9, -0.417748
22, 22, 10, -0.247328
22, 22, 11, 0.101758
22, 22, 12, 0.638038
22, 22, 13, 1.164441
22, 22, 14, 1.830654
22, 22, 15, 100.000000
22, 22, 16, 100.000000
22, 22, 17, 100.000000
22, 22, 18, 100.000000
22, 22, 19, 100.000000
22, 22, 20, 100.000000
22, 22, 21, 100.000000
22, 22, 22, 100.000000
22, 22, 23, 100.000000
22, 22, 24, 100.000000
22, 22, 25, 100.000000
22, 22, 26, 100.000000
22, 22, 27, 100.000000
22, 22, 28, 100.000000
22, 22, 29, 100.000000
22, 22, 30, 100.000000
22, 22, 31, 100.000000
22, 22, 32, 100.000000
22, 22, 33, 100.000000
22, 22, 34, 100.000000
22, 23, 0, 0.423635
22, 23, 1, -0.122509
22, 23, 2, -0.473370
22, 23, 3, -0.445810
22, 23, 4, -0.470440
22, 23, 5, -0.470296
22, 23, 6, -0.456912
22, 23, 7, -0.451690
22, 23, 8, -0.437101
22, 23, 9, -0.407847
22, 23, 10, -0.234143
22, 23, 11, 0.117439
22, 23, 12, 0.653592
22, 23, 13, 1.200400
22, 23, 14, 1.774584
22, 23, 15, 100.000000
22, 23, 16, 100.000000
22, 23, 17, 100.000000
22, 23, 18, 100.000000
22, 23, 19, 100.000000
22, 23, 20, 100.000000
22, 23, 21, 100.000000
22, 23, 22, 100.000000
22, 23, 23, 100.000000
22, 23, 24, 100.000000
22, 23, 25, 100.000000
22, 23, 26, 100.000000
22, 23, 27, 100.000000
22, 23, 28, 100.000000
22, 23, 29, 100.000000
22, 23, 30, 100.000000
22, 23, 31, 100.000000
22, 23, 32, 100.000000
22, 23, 33, 100.000000
22, 23, 34, 100.000000
22, 24, 0, 0.431142
22, 24, 1, -0.115753
22, 24, 2, -0.433959
22, 24, 3, -0.450114
22, 24, 4, -0.471738
22, 24, 5, -0.486676
22, 24, 6, -0.460020
22, 24, 7, -0.438894
22, 24, 8, -0.442865
22, 24, 9, -0.380867
22, 24, 10, -0.187115
22, 24, 11, 0.176272
22, 24, 12, 0.690214
22, 24, 13, 1.257749
22, 24, 14, 1.912675
22, 24, 15, 100.000000
22, 24, 16, 100.000000
22, 24, 17, 100.000000
22, 24, 18, 100.000000
22, 24, 19, 100.000000
22, 24, 20, 100.000000
22, 24, 21, 100.000000
22, 24, 22, 100.000000
22, 24, 23, 100.000000
22, 24, 24, 100.000000
22, 24, 25, 100.000000
22, 24, 26, 100.000000
22, 24, 27, 100.000000
22, 24, 28, 100.000000
22, 24, 29, 100.000000
22, 24, 30, 100.000000
22, 24, 31, 100.000000
22, 24, 32, 100.000000
22, 24, 33, 100.000000
22, 24, 34, 100.000000
22, 25, 0, 0.425170
22, 25, 1, -0.131588
22, 25, 2, -0.414750
22, 25, 3, -0.452634
22, 25, 4, -0.475272
22, 25, 5, -0.483972
22, 25, 6, -0.463943
22, 25, 7, -0.457213
22, 25, 8, -0.468590
22, 25, 9, -0.359445
22, 25, 10, -0.134683
22, 25, 11, 0.245838
22, 25, 12, 0.755083
22, 25, 13, 1.343407
22, 25, 14, 2.215113
22, 25, 15, 100.000000
22, 25, 16, 100.000000
22, 25, 17, 100.000000
22, 25, 18, 100.000000
22, 25, 19, 100.000000
22, 25, 20, 100.000000
22, 25, 21, 100.000000
22, 25, 22, 100.000000
22, 25, 23, 100.000000
22, 25, 24, 100.000000
22, 25, 25, 100.000000
22, 25, 26, 100.000000
22, 25, 27, 100.000000
22, 25, 28, 100.000000
22, 25, 29, 100.000000
22, 25, 30, 100.000000
22, 25, 31, 100.000000
22, 25, 32, 100.000000
22, 25, 33, 100.000000
22, 25, 34, 100.000000
22, 26, 0, 0.391226
22, 26, 1, -0.146793
22, 26, 2, -0.437062
22, 26, 3, -0.479515
22, 26, 4, -0.482168
22, 26, 5, -0.473595
22, 26, 6, -0.447291
22, 26, 7, -0.460985
22, 26, 8, -0.467407
22, 26, 9, -0.344763
22, 26, 10, -0.104037
22, 26, 11, 0.285054
22, 26, 12, 0.810458
22, 26, 13, 1.443652
22, 26, 14, 2.238224
22, 26, 15, 100.000000
22, 26, 16, 100.000000
22, 26, 17, 100.000000
22, 26, 18, 100.000000
22, 26, 19, 100.000000
22, 26, 20, 100.000000
22, 26, 21, 100.000000
22, 26, 22, 100.000000
22, 26, 23, 100.000000
22, 26, 24, 100.000000
22, 26, 25, 100.000000
22, 26, 26, 100.000000
22, 26, 27, 100.000000
22, 26, 28, 100.000000
22, 26, 29, 100.000000
22, 26, 30, 100.000000
22, 26, 31, 100.000000
22, 26, 32, 100.000000
22, 26, 33, 100.000000
22, 26, 34, 100.000000
22, 27, 0, 0.377997
22, 27, 1, -0.135776
22, 27, 2, -0.404829
22, 27, 3, -0.430152
22, 27, 4, -0.434080
22, 27, 5, -0.433036
22, 27, 6, -0.429893
22, 27, 7, -0.458941
22, 27, 8, -0.443275
22, 27, 9, -0.353867
22, 27, 10, -0.114202
22, 27, 11, 0.276479
22, 27, 12, 0.797490
22, 27, 13, 1.440115
22, 27, 14, 2.381250
22, 27, 15, 100.000000
22, 27, 16, 100.000000
22, 27, 17, 100.000000
22, 27, 18, 100.000000
22, 27, 19, 100.000000
22, 27, 20, 100.000000
22, 27, 21, 100.000000
22, 27, 22, 100.000000
22, 27, 23, 100.000000
22, 27, 24, 100.000000
22, 27, 25, 100.000000
22, 27, 26, 100.000000
22, 27, 27, 100.000000
22, 27, 28, 100.000000
22, 27, 29, 100.000000
22, 27, 30, 100.000000
22, 27, 31, 100.000000
22, 27, 32, 100.000000
22, 27, 33, 100.000000
22, 27, 34, 100.000000
22, 28, 0, 0.418890
22, 28, 1, -0.112900
22, 28, 2, -0.423616
22, 28, 3, -0.463620
22, 28, 4, -0.463383
22, 28, 5, -0.467474
22, 28, 6, -0.462320
22, 28, 7, -0.448816
22, 28, 8, -0.389232
22, 28, 9, -0.317124
22, 28, 10, -0.093006
22, 28, 11, 0.317386
22, 28, 12, 0.806038
22, 28, 13, 1.330854
22, 28, 14, 2.087422
22, 28, 15, 100.000000
22, 28, 16, 100.000000
22, 28, 17, 100.000000
22, 28, 18, 100.000000
22, 28, 19, 100.000000
22, 28, 20, 100.000000
22, 28, 21, 100.000000
22, 28, 22, 100.000000
22, 28, 23, 100.000000
22, 28, 24, 100.000000
22, 28, 25, 100.000000
22, 28, 26, 100.000000
22, 28, 27, 100.000000
22, 28, 28, 100.000000
22, 28, 29, 100.000000
22, 28, 30, 100.000000
22, 28, 31, 100.000000
22, 28, 32, 100.000000
22, 28, 33, 100.000000
22, 28, 34, 100.000000
22, 29, 0, 0.497860
22, 29, 1, 0.016062
22, 29, 2, -0.151032
22, 29, 3, -0.137686
22, 29, 4, -0.117109
22, 29, 5, -0.123189
22, 29, 6, -0.126406
22, 29, 7, -0.107972
22, 29, 8, -0.055935
22, 29, 9, 0.006145
22, 29, 10, 0.168774
22, 29, 11, 0.505390
22, 29, 12, 0.881589
22, 29, 13, 1.330317
22, 29, 14, 2.085710
22, 29, 15, 100.000000
22, 29, 16, 100.000000
22, 29, 17, 100.000000
22, 29, 18, 100.000000
22, 29, 19, 100.000000
22, 29, 20, 100.000000
22, 29, 21, 100.000000
22, 29, 22, 100.000000
22, 29, 23, 100.000000
22, 29, 24, 100.000000
22, 29, 25, 100.000000
22, 29, 26, 100.000000
22, 29, 27, 100.000000
22, 29, 28, 100.000000
22, 29, 29, 100.000000
22, 29, 30, 100.000000
22, 29, 31, 100.000000
22, 29, 32, 100.000000
22, 29, 33, 100.000000
22, 29, 34, 100.000000
23, 0, 0, 0.748381
23, 0, 1, 0.477129
23, 0, 2, 0.434721
23, 0, 3, 0.453767
23, 0, 4, 0.461706
23, 0, 5, 0.464358
23, 0, 6, 0.450335
23, 0, 7, 0.456514
23, 0, 8, 0.482910
23, 0, 9, 0.529220
23, 0, 10, 0.624665
23, 0, 11, 0.879550
23, 0, 12, 1.356941
23, 0, 13, 1.947737
23, 0, 14, 100.000000
23, 0, 15, 100.000000
23, 0, 16, 100.000000
23, 0, 17, 100.000000
23, 0, 18, 100.000000
23, 0, 19, 100.000000
23, 0, 20, 100.000000
23, 0, 21, 100.000000
23, 0, 22, 100.000000
23, 0, 23, 100.000000
23, 0, 24, 100.000000
23, 0, 25, 100.000000
23, 0, 26, 100.000000
23, 0, 27, 100.000000
23, 0, 28, 100.000000
23, 0, 29, 100.000000
23, 0, 30, 100.000000
23, 0, 31, 100.000000
23, 0, 32, 100.000000
23, 0, 33, 100.000000
23, 0, 34, 100.000000
23, 1, 0, 0.490743
23, 1, 1, 0.077667
23, 1, 2, -0.038715
23, 1, 3, -0.034669
23, 1, 4, -0.054141
23, 1, 5, -0.051521
23, 1, 6, -0.066121
23, 1, 7, -0.065354
23, 1, 8, -0.023769
23, 1, 9, 0.055636
23, 1, 10, 0.229323
23, 1, 11, 0.560416
23, 1, 12, 1.041873
23, 1, 13, 1.615608
23, 1, 14, 100.000000
23, 1, 15, 100.000000
23, 1, 16, 100.000000
23, 1, 17, 100.000000
23, 1, 18, 100.000000
23, 1, 19, 100.000000
23, 1, 20, 100.000000
23, 1, 21, 100.000000
23, 1, 22, 100.000000
23, 1, 23, 100.000000
23, 1, 24, 100.000000
23, 1, 25, 100.000000
23, 1, 26, 100.000000
23, 1, 27, 100.000000
23, 1, 28, 100.000000
23, 1, 29, 100.000000
23, 1, 30, 100.000000
23, 1, 31, 100.000000
23, 1, 32, 100.000000
23, 1, 33, 100.000000
23, 1, 34, 100.000000
23, 2, 0, 0.421445
23, 2, 1, -0.091657
23, 2, 2, -0.341416
23, 2, 3, -0.310999
23, 2, 4, -0.350185
23, 2, 5, -0.370562
23, 2, 6, -0.383248
23, 2, 7, -0.376812
23, 2, 8, -0.326559
23, 2, 9, -0.200052
23, 2, 10, 0.047194
23, 2, 11, 0.473738
23, 2, 12, 0.962393
23, 2, 13, 1.573901
23, 2, 14, 100.000000
23, 2, 15, 100.000000
23, 2, 16, 100.000000
23, 2, 17, 100.000000
23, 2, 18, 100.000000
23, 2, 19, 100.000000
23, 2, 20, 100.000000
23, 2, 21, 100.000000
23, 2, 22, 100.000000
23, 2, 23, 100.000000
23, 2, 24, 100.000000
23, 2, 25, 100.000000
23, 2, 26, 100.000000
23, 2, 27, 100.000000
23, 2, 28, 100.000000
23, 2, 29, 100.000000
23, 2, 30, 100.000000
23, 2, 31, 100.000000
23, 2, 32, 100.000000
23, 2, 33, 100.000000
23, 2, 34, 100.000000
23, 3, 0, 0.418450
23, 3, 1, -0.118205
23, 3, 2, -0.439373
23, 3, 3, -0.392765
23, 3, 4, -0.403203
23, 3, 5, -0.449190
23, 3, 6, -0.460370
23, 3, 7, -0.447146
23, 3, 8, -0.444721
23, 3, 9, -0.303530
23, 3, 10, 0.022876
23, 3, 11, 0.478457
23, 3, 12, 1.004655
23, 3, 13, 1.549134
23, 3, 14, 2.429403
23, 3, 15, 100.000000
23, 3, 16, 100.000000
23, 3, 17, 100.000000
23, 3, 18, 100.000000
23, 3, 19, 100.000000
23, 3, 20, 100.000000
23, 3, 21, 100.000000
23, 3, 22, 100.000000
23, 3, 23, 100.000000
23, 3, 24, 100.000000
23, 3, 25, 100.000000
23, 3, 26, 100.000000
23, 3, 27, 100.000000
23, 3, 28, 100.000000
23, 3, 29, 100.000000
23, 3, 30, 100.000000
23, 3, 31, 100.000000
23, 3, 32, 100.000000
23, 3, 33, 100.000000
23, 3, 34, 100.000000
23, 4, 0, 0.420720
23, 4, 1, -0.120034
23, 4, 2, -0.428961
23, 4, 3, -0.448343
23, 4, 4, -0.431740
23, 4, 5, -0.470940
23, 4, 6, -0.467950
23, 4, 7, -0.453049
23, 4, 8, -0.443367
23, 4, 9, -0.329656
23, 4, 10, 0.007471
23, 4, 11, 0.478507
23, 4, 12, 1.033470
23, 4, 13, 1.526803
23, 4, 14, 2.437779
23, 4, 15, 100.000000
23, 4, 16, 100.000000
23, 4, 17, 100.000000
23, 4, 18, 100.000000
23, 4, 19, 100.000000
23, 4, 20, 100.000000
23, 4, 21, 100.000000
23, 4, 22, 100.000000
23, 4, 23, 100.000000
23, 4, 24, 100.000000
23, 4, 25, 100.000000
23, 4, 26, 100.000000
23, 4, 27, 100.000000
23, 4, 28, 100.000000
23, 4, 29, 100.000000
23, 4, 30, 100.000000
23, 4, 31, 100.000000
23, 4, 32, 100.000000
23, 4, 33, 100.000000
23, 4, 34, 100.000000
23, 5, 0, 0.436570
23, 5, 1, -0.100745
23, 5, 2, -0.414989
23, 5, 3, -0.463756
23, 5, 4, -0.432902
23, 5, 5, -0.479325
23, 5, 6, -0.470264
23, 5, 7, -0.468600
23, 5, 8, -0.438678
23, 5, 9, -0.331019
23, 5, 10, -0.011068
23, 5, 11, 0.467525
23, 5, 12, 1.063271
23, 5, 13, 1.706108
23, 5, 14, 100.000000
23, 5, 15, 100.000000
23, 5, 16, 100.000000
23, 5, 17, 100.000000
23, 5, 18, 100.000000
23, 5, 19, 100.000000
23, 5, 20, 100.000000
23, 5, 21, 100.000000
23, 5, 22, 100.000000
23, 5, 23, 100.000000
23, 5, 24, 100.000000
23, 5, 25, 100.000000
23, 5, 26, 100.000000
23, 5, 27, 100.000000
23, 5, 28, 100.000000
23, 5, 29, 100.000000
23, 5, 30, 100.000000
23, 5, 31, 100.000000
23, 5, 32, 100.000000
23, 5, 33, 100.000000
23, 5, 34, 100.000000
23, 6, 0, 0.444193
23, 6, 1, -0.073072
23, 6, 2, -0.397257
23, 6, 3, -0.459954
23, 6, 4, -0.447516
23, 6, 5, -0.438103
23, 6, 6, -0.447106
23, 6, 7, -0.442717
23, 6, 8, -0.443299
23, 6, 9, -0.346344
23, 6, 10, -0.045432
23, 6, 11, 0.446265
23, 6, 12, 1.041432
23, 6, 13, 1.662536
23, 6, 14, 100.000000
23, 6, 15, 100.000000
23, 6, 16, 100.000000
23, 6, 17, 100.000000
23, 6, 18, 100.000000
23, 6, 19, 100.000000
23, 6, 20, 100.000000
23, 6, 21, 100.000000
23, 6, 22, 100.000000
23, 6, 23, 100.000000
23, 6, 24, 100.000000
23, 6, 25, 100.000000
23, 6, 26, 100.000000
23, 6, 27, 100.000000
23, 6, 28, 100.000000
23, 6, 29, 100.000000
23, 6, 30, 100.000000
23, 6, 31, 100.000000
23, 6, 32, 100.000000
23, 6, 33, 100.000000
23, 6, 34, 100.000000
23, 7, 0, 0.448086
23, 7, 1, -0.071960
23, 7, 2, -0.392668
23, 7, 3, -0.456697
23, 7, 4, -0.427829
23, 7, 5, -0.435137
23, 7, 6, -0.443342
23, 7, 7, -0.422201
23, 7, 8, -0.435155
23, 7, 9, -0.371470
23, 7, 10, -0.092847
23, 7, 11, 0.403796
23, 7, 12, 1.012755
23, 7, 13, 1.580059
23, 7, 14, 2.422818
23, 7, 15, 100.000000
23, 7, 16, 100.000000
23, 7, 17, 100.000000
23, 7, 18, 100.000000
23, 7, 19, 100.000000
23, 7, 20, 100.000000
23, 7, 21, 100.000000
23, 7, 22, 100.000000
23, 7, 23, 100.000000
23, 7, 24, 100.000000
23, 7, 25, 100.000000
23, 7, 26, 100.000000
23, 7, 27, 100.000000
23, 7, 28, 100.000000
23, 7, 29, 100.000000
23, 7, 30, 100.000000
23, 7, 31, 100.000000
23, 7, 32, 100.000000
23, 7, 33, 100.000000
23, 7, 34, 100.000000
23, 8, 0, 0.447184
23, 8, 1, -0.099185
23, 8, 2, -0.417064
23, 8, 3, -0.482785
23, 8, 4, -0.464664
23, 8, 5, -0.451022
23, 8, 6, -0.398906
23, 8, 7, -0.399201
23, 8, 8, -0.425540
23, 8, 9, -0.376352
23, 8, 10, -0.126990
23, 8, 11, 0.347990
23, 8, 12, 0.994562
23, 8, 13, 1.636714
23, 8, 14, 100.000000
23, 8, 15, 100.000000
23, 8, 16, 100.000000
23, 8, 17, 100.000000
23, 8, 18, 100.000000
23, 8, 19, 100.000000
23, 8, 20, 100.000000
23, 8, 21, 100.000000
23, 8, 22, 100.000000
23, 8, 23, 100.000000
23, 8, 24, 100.000000
23, 8, 25, 100.000000
23, 8, 26, 100.000000
23, 8, 27, 100.000000
23, 8, 28, 100.000000
23, 8, 29, 100.000000
23, 8, 30, 100.000000
23, 8, 31, 100.000000
23, 8, 32, 100.000000
23, 8, 33, 100.000000
23, 8, 34, 100.000000
23, 9, 0, 0.441565
23, 9, 1, -0.122683
23, 9, 2, -0.430199
23, 9, 3, -0.465242
23, 9, 4, -0.475063
23, 9, 5, -0.442889
23, 9, 6, -0.363437
23, 9, 7, -0.392289
23, 9, 8, -0.437262
23, 9, 9, -0.366218
23, 9, 10, -0.120456
23, 9, 11, 0.315965
23, 9, 12, 0.908501
23, 9, 13, 1.612653
23, 9, 14, 100.000000
23, 9, 15, 100.000000
23, 9, 16, 100.000000
23, 9, 17, 100.000000
23, 9, 18, 100.000000
23, 9, 19, 100.000000
23, 9, 20, 100.000000
23, 9, 21, 100.000000
23, 9, 22, 100.000000
23, 9, 23, 100.000000
23, 9, 24, 100.000000
23, 9, 25, 100.000000
23, 9, 26, 100.000000
23, 9, 27, 100.000000
23, 9, 28, 100.000000
23, 9, 29, 100.000000
23, 9, 30, 100.000000
23, 9, 31, 100.000000
23, 9, 32, 100.000000
23, 9, 33, 100.000000
23, 9, 34, 100.000000
23, 10, 0, 0.423591
23, 10, 1, -0.130735
23, 10, 2, -0.425994
23, 10, 3, -0.454324
23, 10, 4, -0.457096
23, 10, 5, -0.432072
23, 10, 6, -0.344591
23, 10, 7, -0.405861
23, 10, 8, -0.457911
23, 10, 9, -0.339180
23, 10, 10, -0.071879
23, 10, 11, 0.328185
23, 10, 12, 0.859227
23, 10, 13, 1.459600
23, 10, 14, 2.262281
23, 10, 15, 100.000000
23, 10, 16, 100.000000
23, 10, 17, 100.000000
23, 10, 18, 100.000000
23, 10, 19, 100.000000
23, 10, 20, 100.000000
23, 10, 21, 100.000000
23, 10, 22, 100.000000
23, 10, 23, 100.000000
23, 10, 24, 100.000000
23, 10, 25, 100.000000
23, 10, 26, 100.000000
23, 10, 27, 100.000000
23, 10, 28, 100.000000
23, 10, 29, 100.000000
23, 10, 30, 100.000000
23, 10, 31, 100.000000
23, 10, 32, 100.000000
23, 10, 33, 100.000000
23, 10, 34, 100.000000
23, 11, 0, 0.406064
23, 11, 1, -0.120856
23, 11, 2, -0.423982
23, 11, 3, -0.452634
23, 11, 4, -0.467938
23, 11, 5, -0.422351
23, 11, 6, -0.374728
23, 11, 7, -0.423253
23, 11, 8, -0.453341
23, 11, 9, -0.328174
23, 11, 10, -0.046580
23, 11, 11, 0.363749
23, 11, 12, 0.901967
23, 11, 13, 1.436557
23, 11, 14, 2.243234
23, 11, 15, 100.000000
23, 11, 16, 100.000000
23, 11, 17, 100.000000
23, 11, 18, 100.000000
23, 11, 19, 100.000000
23, 11, 20, 100.000000
23, 11, 21, 100.000000
23, 11, 22, 100.000000
23, 11, 23, 100.000000
23, 11, 24, 100.000000
23, 11, 25, 100.000000
23, 11, 26, 100.000000
23, 11, 27, 100.000000
23, 11, 28, 100.000000
23, 11, 29, 100.000000
23, 11, 30, 100.000000
23, 11, 31, 100.000000
23, 11, 32, 100.000000
23, 11, 33, 100.000000
23, 11, 34, 100.000000
23, 12, 0, 0.416859
23, 12, 1, -0.106134
23, 12, 2, -0.388554
23, 12, 3, -0.461197
23, 12, 4, -0.469051
23, 12, 5, -0.408908
23, 12, 6, -0.424948
23, 12, 7, -0.425677
23, 12, 8, -0.406841
23, 12, 9, -0.331428
23, 12, 10, -0.080847
23, 12, 11, 0.369449
23, 12, 12, 0.938858
23, 12, 13, 1.586605
23, 12, 14, 100.000000
23, 12, 15, 100.000000
23, 12, 16, 100.000000
23, 12, 17, 100.000000
23, 12, 18, 100.000000
23, 12, 19, 100.000000
23, 12, 20, 100.000000
23, 12, 21, 100.000000
23, 12, 22, 100.000000
23, 12, 23, 100.000000
23, 12, 24, 100.000000
23, 12, 25, 100.000000
23, 12, 26, 100.000000
23, 12, 27, 100.000000
23, 12, 28, 100.000000
23, 12, 29, 100.000000
23, 12, 30, 100.000000
23, 12, 31, 100.000000
23, 12, 32, 100.000000
23, 12, 33, 100.000000
23, 12, 34, 100.000000
23, 13, 0, 0.402626
23, 13, 1, -0.110966
23, 13, 2, -0.397669
23, 13, 3, -0.448194
23, 13, 4, -0.450864
23, 13, 5, -0.399394
23, 13, 6, -0.446549
23, 13, 7, -0.467474
23, 13, 8, -0.417053
23, 13, 9, -0.365668
23, 13, 10, -0.154137
23, 13, 11, 0.311586
23, 13, 12, 0.866727
23, 13, 13, 1.549268
23, 13, 14, 2.366466
23, 13, 15, 100.000000
23, 13, 16, 100.000000
23, 13, 17, 100.000000
23, 13, 18, 100.000000
23, 13, 19, 100.000000
23, 13, 20, 100.000000
23, 13, 21, 100.000000
23, 13, 22, 100.000000
23, 13, 23, 100.000000
23, 13, 24, 100.000000
23, 13, 25, 100.000000
23, 13, 26, 100.000000
23, 13, 27, 100.000000
23, 13, 28, 100.000000
23, 13, 29, 100.000000
23, 13, 30, 100.000000
23, 13, 31, 100.000000
23, 13, 32, 100.000000
23, 13, 33, 100.000000
23, 13, 34, 100.000000
23, 14, 0, 0.383637
23, 14, 1, -0.141868
23, 14, 2, -0.432848
23, 14, 3, -0.429602
23, 14, 4, -0.413951
23, 14, 5, -0.395518
23, 14, 6, -0.434125
23, 14, 7, -0.462545
23, 14, 8, -0.449451
23, 14, 9, -0.387858
23, 14, 10, -0.186900
23, 14, 11, 0.243433
23, 14, 12, 0.752814
23, 14, 13, 1.301567
23, 14, 14, 2.068750
23, 14, 15, 100.000000
23, 14, 16, 100.000000
23, 14, 17, 100.000000
23, 14, 18, 100.000000
23, 14, 19, 100.000000
23, 14, 20, 100.000000
23, 14, 21, 100.000000
23, 14, 22, 100.000000
23, 14, 23, 100.000000
23, 14, 24, 100.000000
23, 14, 25, 100.000000
23, 14, 26, 100.000000
23, 14, 27, 100.000000
23, 14, 28, 100.000000
23, 14, 29, 100.000000
23, 14, 30, 100.000000
23, 14, 31, 100.000000
23, 14, 32, 100.000000
23, 14, 33, 100.000000
23, 14, 34, 100.000000
23, 15, 0, 0.379286
23, 15, 1, -0.150102
23, 15, 2, -0.422731
23, 15, 3, -0.429596
23, 15, 4, -0.394550
23, 15, 5, -0.390196
23, 15, 6, -0.433856
23, 15, 7, -0.481982
23, 15, 8, -0.475955
23, 15, 9, -0.392974
23, 15, 10, -0.183223
23, 15, 11, 0.195387
23, 15, 12, 0.689541
23, 15, 13, 1.162244
23, 15, 14, 1.884247
23, 15, 15, 100.000000
23, 15, 16, 100.000000
23, 15, 17, 100.000000
23, 15, 18, 100.000000
23, 15, 19, 100.000000
23, 15, 20, 100.000000
23, 15, 21, 100.000000
23, 15, 22, 100.000000
23, 15, 23, 100.000000
23, 15, 24, 100.000000
23, 15, 25, 100.000000
23, 15, 26, 100.000000
23, 15, 27, 100.000000
23, 15, 28, 100.000000
23, 15, 29, 100.000000
23, 15, 30, 100.000000
23, 15, 31, 100.000000
23, 15, 32, 100.000000
23, 15, 33, 100.000000
23, 15, 34, 100.000000
23, 16, 0, 0.385468
23, 16, 1, -0.149406
23, 16, 2, -0.437229
23, 16, 3, -0.461644
23, 16, 4, -0.434483
23, 16, 5, -0.413004
23, 16, 6, -0.452868
23, 16, 7, -0.483750
23, 16, 8, -0.480965
23, 16, 9, -0.398263
23, 16, 10, -0.184337
23, 16, 11, 0.171671
23, 16, 12, 0.659039
23, 16, 13, 1.187360
23, 16, 14, 1.853884
23, 16, 15, 100.000000
23, 16, 16, 100.000000
23, 16, 17, 100.000000
23, 16, 18, 100.000000
23, 16, 19, 100.000000
23, 16, 20, 100.000000
23, 16, 21, 100.000000
23, 16, 22, 100.000000
23, 16, 23, 100.000000
23, 16, 24, 100.000000
23, 16, 25, 100.000000
23, 16, 26, 100.000000
23, 16, 27, 100.000000
23, 16, 28, 100.000000
23, 16, 29, 100.000000
23, 16, 30, 100.000000
23, 16, 31, 100.000000
23, 16, 32, 100.000000
23, 16, 33, 100.000000
23, 16, 34, 100.000000
23, 17, 0, 0.404277
23, 17, 1, -0.151084
23, 17, 2, -0.460221
23, 17, 3, -0.468850
23, 17, 4, -0.490384
23, 17, 5, -0.466663
23, 17, 6, -0.465671
23, 17, 7, -0.484804
23, 17, 8, -0.468532
23, 17, 9, -0.406655
23, 17, 10, -0.208084
23, 17, 11, 0.142850
23, 17, 12, 0.636408
23, 17, 13, 1.252858
23, 17, 14, 1.948213
23, 17, 15, 100.000000
23, 17, 16, 100.000000
23, 17, 17, 100.000000
23, 17, 18, 100.000000
23, 17, 19, 100.000000
23, 17, 20, 100.000000
23, 17, 21, 100.000000
23, 17, 22, 100.000000
23, 17, 23, 100.000000
23, 17, 24, 100.000000
23, 17, 25, 100.000000
23, 17, 26, 100.000000
23, 17, 27, 100.000000
23, 17, 28, 100.000000
23, 17, 29, 100.000000
23, 17, 30, 100.000000
23, 17, 31, 100.000000
23, 17, 32, 100.000000
23, 17, 33, 100.000000
23, 17, 34, 100.000000
23, 18, 0, 0.414057
23, 18, 1, -0.153008
23, 18, 2, -0.462747
23, 18, 3, -0.449581
23, 18, 4, -0.451546
23, 18, 5, -0.476407
23, 18, 6, -0.480279
23, 18, 7, -0.486678
23, 18, 8, -0.451361
23, 18, 9, -0.418216
23, 18, 10, -0.246998
23, 18, 11, 0.084435
23, 18, 12, 0.593979
23, 18, 13, 1.187199
23, 18, 14, 1.857096
23, 18, 15, 100.000000
23, 18, 16, 100.000000
23, 18, 17, 100.000000
23, 18, 18, 100.000000
23, 18, 19, 100.000000
23, 18, 20, 100.000000
23, 18, 21, 100.000000
23, 18, 22, 100.000000
23, 18, 23, 100.000000
23, 18, 24, 100.000000
23, 18, 25, 100.000000
23, 18, 26, 100.000000
23, 18, 27, 100.000000
23, 18, 28, 100.000000
23, 18, 29, 100.000000
23, 18, 30, 100.000000
23, 18, 31, 100.000000
23, 18, 32, 100.000000
23, 18, 33, 100.000000
23, 18, 34, 100.000000
23, 19, 0, 0.443454
23, 19, 1, -0.127864
23, 19, 2, -0.436045
23, 19, 3, -0.440131
23, 19, 4, -0.443619
23, 19, 5, -0.449369
23, 19, 6, -0.476143
23, 19, 7, -0.458071
23, 19, 8, -0.457438
23, 19, 9, -0.430878
23, 19, 10, -0.287705
23, 19, 11, 0.026860
23, 19, 12, 0.531931
23, 19, 13, 1.081269
23, 19, 14, 1.652949
23, 19, 15, 100.000000
23, 19, 16, 100.000000
23, 19, 17, 100.000000
23, 19, 18, 100.000000
23, 19, 19, 100.000000
23, 19, 20, 100.000000
23, 19, 21, 100.000000
23, 19, 22, 100.000000
23, 19, 23, 100.000000
23, 19, 24, 100.000000
23, 19, 25, 100.000000
23, 19, 26, 100.000000
23, 19, 27, 100.000000
23, 19, 28, 100.000000
23, 19, 29, 100.000000
23, 19, 30, 100.000000
23, 19, 31, 100.000000
23, 19, 32, 100.000000
23, 19, 33, 100.000000
23, 19, 34, 100.000000
23, 20, 0, 0.467072
23, 20, 1, -0.098175
23, 20, 2, -0.441200
23, 20, 3, -0.441550
23, 20, 4, -0.465172
23, 20, 5, -0.466728
23, 20, 6, -0.478065
23, 20, 7, -0.448141
23, 20, 8, -0.462259
23, 20, 9, -0.429581
23, 20, 10, -0.274592
23, 20, 11, 0.062065
23, 20, 12, 0.556333
23, 20, 13, 1.105706
23, 20, 14, 1.660010
23, 20, 15, 100.000000
23, 20, 16, 100.000000
23, 20, 17, 100.000000
23, 20, 18, 100.000000
23, 20, 19, 100.000000
23, 20, 20, 100.000000
23, 20, 21, 100.000000
23, 20, 22, 100.000000
23, 20, 23, 100.000000
23, 20, 24, 100.000000
23, 20, 25, 100.000000
23, 20, 26, 100.000000
23, 20, 27, 100.000000
23, 20, 28, 100.000000
23, 20, 29, 100.000000
23, 20, 30, 100.000000
23, 20, 31, 100.000000
23, 20, 32, 100.000000
23, 20, 33, 100.000000
23, 20, 34, 100.000000
23, 21, 0, 0.457417
23, 21, 1, -0.093877
23, 21, 2, -0.456362
23, 21, 3, -0.417201
23, 21, 4, -0.483697
23, 21, 5, -0.471010
23, 21, 6, -0.474365
23, 21, 7, -0.458034
23, 21, 8, -0.467788
23, 21, 9, -0.428383
23, 21, 10, -0.240396
23, 21, 11, 0.133897
23, 21, 12, 0.642072
23, 21, 13, 1.194012
23, 21, 14, 1.849150
23, 21, 15, 100.000000
23, 21, 16, 100.000000
23, 21, 17, 100.000000
23, 21, 18, 100.000000
23, 21, 19, 100.000000
23, 21, 20, 100.000000
23, 21, 21, 100.000000
23, 21, 22, 100.000000
23, 21, 23, 100.000000
23, 21, 24, 100.000000
23, 21, 25, 100.000000
23, 21, 26, 100.000000
23, 21, 27, 100.000000
23, 21, 28, 100.000000
23, 21, 29, 100.000000
23, 21, 30, 100.000000
23, 21, 31, 100.000000
23, 21, 32, 100.000000
23, 21, 33, 100.000000
23, 21, 34, 100.000000
23, 22, 0, 0.439892
23, 22, 1, -0.104378
23, 22, 2, -0.459337
23, 22, 3, -0.408395
23, 22, 4, -0.464665
23, 22, 5, -0.453904
23, 22, 6, -0.464638
23, 22, 7, -0.469267
23, 22, 8, -0.455749
23, 22, 9, -0.421127
23, 22, 10, -0.221808
23, 22, 11, 0.148029
23, 22, 12, 0.705984
23, 22, 13, 1.247220
23, 22, 14, 2.023661
23, 22, 15, 100.000000
23, 22, 16, 100.000000
23, 22, 17, 100.000000
23, 22, 18, 100.000000
23, 22, 19, 100.000000
23, 22, 20, 100.000000
23, 22, 21, 100.000000
23, 22, 22, 100.000000
23, 22, 23, 100.000000
23, 22, 24, 100.000000
23, 22, 25, 100.000000
23, 22, 26, 100.000000
23, 22, 27, 100.000000
23, 22, 28, 100.000000
23, 22, 29, 100.000000
23, 22, 30, 100.000000
23, 22, 31, 100.000000
23, 22, 32, 100.000000
23, 22, 33, 100.000000
23, 22, 34, 100.000000
23, 23, 0, 0.431716
23, 23, 1, -0.112579
23, 23, 2, -0.461694
23, 23, 3, -0.420362
23, 23, 4, -0.485477
23, 23, 5, -0.474007
23, 23, 6, -0.452707
23, 23, 7, -0.460145
23, 23, 8, -0.461226
23, 23, 9, -0.413550
23, 23, 10, -0.219791
23, 23, 11, 0.132513
23, 23, 12, 0.676465
23, 23, 13, 1.264680
23, 23, 14, 1.907862
23, 23, 15, 100.000000
23, 23, 16, 100.000000
23, 23, 17, 100.000000
23, 23, 18, 100.000000
23, 23, 19, 100.000000
23, 23, 20, 100.000000
23, 23, 21, 100.000000
23, 23, 22, 100.000000
23, 23, 23, 100.000000
23, 23, 24, 100.000000
23, 23, 25, 100.000000
23, 23, 26, 100.000000
23, 23, 27, 100.000000
23, 23, 28, 100.000000
23, 23, 29, 100.000000
23, 23, 30, 100.000000
23, 23, 31, 100.000000
23, 23, 32, 100.000000
23, 23, 33, 100.000000
23, 23, 34, 100.000000
23, 24, 0, 0.434898
23, 24, 1, -0.118930
23, 24, 2, -0.436252
23, 24, 3, -0.438393
23, 24, 4, -0.483503
23, 24, 5, -0.496825
23, 24, 6, -0.465742
23, 24, 7, -0.440670
23, 24, 8, -0.446155
23, 24, 9, -0.379506
23, 24, 10, -0.190625
23, 24, 11, 0.163584
23, 24, 12, 0.686034
23, 24, 13, 1.282272
23, 24, 14, 1.972220
23, 24, 15, 100.000000
23, 24, 16, 100.000000
23, 24, 17, 100.000000
23, 24, 18, 100.000000
23, 24, 19, 100.000000
23, 24, 20, 100.000000
23, 24, 21, 100.000000
23, 24, 22, 100.000000
23, 24, 23, 100.000000
23, 24, 24, 100.000000
23, 24, 25, 100.000000
23, 24, 26, 100.000000
23, 24, 27, 100.000000
23, 24, 28, 100.000000
23, 24, 29, 100.000000
23, 24, 30, 100.000000
23, 24, 31, 100.000000
23, 24, 32, 100.000000
23, 24, 33, 100.000000
23, 24, 34, 100.000000
23, 25, 0, 0.427097
23, 25, 1, -0.134557
23, 25, 2, -0.437552
23, 25, 3, -0.463960
23, 25, 4, -0.487439
23, 25, 5, -0.486890
23, 25, 6, -0.470762
23, 25, 7, -0.451179
23, 25, 8, -0.460165
23, 25, 9, -0.366772
23, 25, 10, -0.146739
23, 25, 11, 0.233533
23, 25, 12, 0.727935
23, 25, 13, 1.350263
23, 25, 14, 2.106521
23, 25, 15, 100.000000
23, 25, 16, 100.000000
23, 25, 17, 100.000000
23, 25, 18, 100.000000
23, 25, 19, 100.000000
23, 25, 20, 100.000000
23, 25, 21, 100.000000
23, 25, 22, 100.000000
23, 25, 23, 100.000000
23, 25, 24, 100.000000
23, 25, 25, 100.000000
23, 25, 26, 100.000000
23, 25, 27, 100.000000
23, 25, 28, 100.000000
23, 25, 29, 100.000000
23, 25, 30, 100.000000
23, 25, 31, 100.000000
23, 25, 32, 100.000000
23, 25, 33, 100.000000
23, 25, 34, 100.000000
23, 26, 0, 0.397632
23, 26, 1, -0.148407
23, 26, 2, -0.432385
23, 26, 3, -0.475740
23, 26, 4, -0.476736
23, 26, 5, -0.476839
23, 26, 6, -0.461505
23, 26, 7, -0.470015
23, 26, 8, -0.470312
23, 26, 9, -0.371315
23, 26, 10, -0.123647
23, 26, 11, 0.266827
23, 26, 12, 0.778038
23, 26, 13, 1.413680
23, 26, 14, 2.058068
23, 26, 15, 100.000000
23, 26, 16, 100.000000
23, 26, 17, 100.000000
23, 26, 18, 100.000000
23, 26, 19, 100.000000
23, 26, 20, 100.000000
23, 26, 21, 100.000000
23, 26, 22, 100.000000
23, 26, 23, 100.000000
23, 26, 24, 100.000000
23, 26, 25, 100.000000
23, 26, 26, 100.000000
23, 26, 27, 100.000000
23, 26, 28, 100.000000
23, 26, 29, 100.000000
23, 26, 30, 100.000000
23, 26, 31, 100.000000
23, 26, 32, 100.000000
23, 26, 33, 100.000000
23, 26, 34, 100.000000
23, 27, 0, 0.382448
23, 27, 1, -0.136183
23, 27, 2, -0.402043
23, 27, 3, -0.427533
23, 27, 4, -0.438700
23, 27, 5, -0.443739
23, 27, 6, -0.438747
23, 27, 7, -0.464925
23, 27, 8, -0.462801
23, 27, 9, -0.376533
23, 27, 10, -0.131141
23, 27, 11, 0.256981
23, 27, 12, 0.784485
23, 27, 13, 1.428419
23, 27, 14, 2.213205
23, 27, 15, 100.000000
23, 27, 16, 100.000000
23, 27, 17, 100.000000
23, 27, 18, 100.000000
23, 27, 19, 100.000000
23, 27, 20, 100.000000
23, 27, 21, 100.000000
23, 27, 22, 100.000000
23, 27, 23, 100.000000
23, 27, 24, 100.000000
23, 27, 25, 100.000000
23, 27, 26, 100.000000
23, 27, 27, 100.000000
23, 27, 28, 100.000000
23, 27, 29, 100.000000
23, 27, 30, 100.000000
23, 27, 31, 100.000000
23, 27, 32, 100.000000
23, 27, 33, 100.000000
23, 27, 34, 100.000000
23, 28, 0, 0.405486
23, 28, 1, -0.121074
23, 28, 2, -0.404180
23, 28, 3, -0.466879
23, 28, 4, -0.493813
23, 28, 5, -0.488636
23, 28, 6, -0.466391
23, 28, 7, -0.446071
23, 28, 8, -0.387735
23, 28, 9, -0.305409
23, 28, 10, -0.096031
23, 28, 11, 0.282438
23, 28, 12, 0.806573
23, 28, 13, 1.375816
23, 28, 14, 2.198234
23, 28, 15, 100.000000
23, 28, 16, 100.000000
23, 28, 17, 100.000000
23, 28, 18, 100.000000
23, 28, 19, 100.000000
23, 28, 20, 100.000000
23, 28, 21, 100.000000
23, 28, 22, 100.000000
23, 28, 23, 100.000000
23, 28, 24, 100.000000
23, 28, 25, 100.000000
23, 28, 26, 100.000000
23, 28, 27, 100.000000
23, 28, 28, 100.000000
23, 28, 29, 100.000000
23, 28, 30, 100.000000
23, 28, 31, 100.000000
23, 28, 32, 100.000000
23, 28, 33, 100.000000
23, 28, 34, 100.000000
23, 29, 0, 0.481164
23, 29, 1, 0.017378
23, 29, 2, -0.117014
23, 29, 3, -0.133002
23, 29, 4, -0.151402
23, 29, 5, -0.165025
23, 29, 6, -0.146200
23, 29, 7, -0.107230
23, 29, 8, -0.043629
23, 29, 9, 0.021459
23, 29, 10, 0.155052
23, 29, 11, 0.452413
23, 29, 12, 0.875549
23, 29, 13, 1.367622
23, 29, 14, 2.198158
23, 29, 15, 100.000000
23, 29, 16, 100.000000
23, 29, 17, 100.000000
23, 29, 18, 100.000000
23, 29, 19, 100.000000
23, 29, 20, 100.000000
23, 29, 21, 100.000000
23, 29, 22, 100.000000
23, 29, 23, 100.000000
23, 29, 24, 100.000000
23, 29, 25, 100.000000
23, 29, 26, 100.000000
23, 29, 27, 100.000000
23, 29, 28, 100.000000
23, 29, 29, 100.000000
23, 29, 30, 100.000000
23, 29, 31, 100.000000
23, 29, 32, 100.000000
23, 29, 33, 100.000000
23, 29, 34, 100.000000
24, 0, 0, 0.778823
24, 0, 1, 0.489806
24, 0, 2, 0.416958
24, 0, 3, 0.400705
24, 0, 4, 0.395588
24, 0, 5, 0.418188
24, 0, 6, 0.448345
24, 0, 7, 0.484533
24, 0, 8, 0.521377
24, 0, 9, 0.562214
24, 0, 10, 0.644596
24, 0, 11, 0.880886
24, 0, 12, 1.321873
24, 0, 13, 2.001352
24, 0, 14, 100.000000
24, 0, 15, 100.000000
24, 0, 16, 100.000000
24, 0, 17, 100.000000
24, 0, 18, 100.000000
24, 0, 19, 100.000000
24, 0, 20, 100.000000
24, 0, 21, 100.000000
24, 0, 22, 100.000000
24, 0, 23, 100.000000
24, 0, 24, 100.000000
24, 0, 25, 100.000000
24, 0, 26, 100.000000
24, 0, 27, 100.000000
24, 0, 28, 100.000000
24, 0, 29, 100.000000
24, 0, 30, 100.000000
24, 0, 31, 100.000000
24, 0, 32, 100.000000
24, 0, 33, 100.000000
24, 0, 34, 100.000000
24, 1, 0, 0.479981
24, 1, 1, 0.054674
24, 1, 2, -0.058918
24, 1, 3, -0.051870
24, 1, 4, -0.073021
24, 1, 5, -0.051471
24, 1, 6, -0.054174
24, 1, 7, -0.057715
24, 1, 8, -0.019359
24, 1, 9, 0.072882
24, 1, 10, 0.247625
24, 1, 11, 0.578415
24, 1, 12, 1.019505
24, 1, 13, 1.705184
24, 1, 14, 100.000000
24, 1, 15, 100.000000
24, 1, 16, 100.000000
24, 1, 17, 100.000000
24, 1, 18, 100.000000
24, 1, 19, 100.000000
24, 1, 20, 100.000000
24, 1, 21, 100.000000
24, 1, 22, 100.000000
24, 1, 23, 100.000000
24, 1, 24, 100.000000
24, 1, 25, 100.000000
24, 1, 26, 100.000000
24, 1, 27, 100.000000
24, 1, 28, 100.000000
24, 1, 29, 100.000000
24, 1, 30, 100.000000
24, 1, 31, 100.000000
24, 1, 32, 100.000000
24, 1, 33, 100.000000
24, 1, 34, 100.000000
24, 2, 0, 0.405824
24, 2, 1, -0.114844
24, 2, 2, -0.343363
24, 2, 3, -0.274505
24, 2, 4, -0.323600
24, 2, 5, -0.347893
24, 2, 6, -0.369380
24, 2, 7, -0.395664
24, 2, 8, -0.359592
24, 2, 9, -0.234007
24, 2, 10, 0.042198
24, 2, 11, 0.479931
24, 2, 12, 0.978837
24, 2, 13, 1.642497
24, 2, 14, 100.000000
24, 2, 15, 100.000000
24, 2, 16, 100.000000
24, 2, 17, 100.000000
24, 2, 18, 100.000000
24, 2, 19, 100.000000
24, 2, 20, 100.000000
24, 2, 21, 100.000000
24, 2, 22, 100.000000
24, 2, 23, 100.000000
24, 2, 24, 100.000000
24, 2, 25, 100.000000
24, 2, 26, 100.000000
24, 2, 27, 100.000000
24, 2, 28, 100.000000
24, 2, 29, 100.000000
24, 2, 30, 100.000000
24, 2, 31, 100.000000
24, 2, 32, 100.000000
24, 2, 33, 100.000000
24, 2, 34, 100.000000
24, 3, 0, 0.410898
24, 3, 1, -0.123763
24, 3, 2, -0.435690
24, 3, 3, -0.363797
24, 3, 4, -0.378102
24, 3, 5, -0.453818
24, 3, 6, -0.463639
24, 3, 7, -0.469829
24, 3, 8, -0.447982
24, 3, 9, -0.308476
24, 3, 10, 0.013583
24, 3, 11, 0.473476
24, 3, 12, 1.016227
24, 3, 13, 1.620977
24, 3, 14, 100.000000
24, 3, 15, 100.000000
24, 3, 16, 100.000000
24, 3, 17, 100.000000
24, 3, 18, 100.000000
24, 3, 19, 100.000000
24, 3, 20, 100.000000
24, 3, 21, 100.000000
24, 3, 22, 100.000000
24, 3, 23, 100.000000
24, 3, 24, 100.000000
24, 3, 25, 100.000000
24, 3, 26, 100.000000
24, 3, 27, 100.000000
24, 3, 28, 100.000000
24, 3, 29, 100.000000
24, 3, 30, 100.000000
24, 3, 31, 100.000000
24, 3, 32, 100.000000
24, 3, 33, 100.000000
24, 3, 34, 100.000000
24, 4, 0, 0.426152
24, 4, 1, -0.100885
24, 4, 2, -0.414192
24, 4, 3, -0.423163
24, 4, 4, -0.404114
24, 4, 5, -0.478680
24, 4, 6, -0.483781
24, 4, 7, -0.485876
24, 4, 8, -0.448640
24, 4, 9, -0.317145
24, 4, 10, 0.005210
24, 4, 11, 0.476182
24, 4, 12, 1.028872
24, 4, 13, 1.642679
24, 4, 14, 100.000000
24, 4, 15, 100.000000
24, 4, 16, 100.000000
24, 4, 17, 100.000000
24, 4, 18, 100.000000
24, 4, 19, 100.000000
24, 4, 20, 100.000000
24, 4, 21, 100.000000
24, 4, 22, 100.000000
24, 4, 23, 100.000000
24, 4, 24, 100.000000
24, 4, 25, 100.000000
24, 4, 26, 100.000000
24, 4, 27, 100.000000
24, 4, 28, 100.000000
24, 4, 29, 100.000000
24, 4, 30, 100.000000
24, 4, 31, 100.000000
24, 4, 32, 100.000000
24, 4, 33, 100.000000
24, 4, 34, 100.000000
24, 5, 0, 0.442907
24, 5, 1, -0.080531
24, 5, 2, -0.392412
24, 5, 3, -0.439268
24, 5, 4, -0.427784
24, 5, 5, -0.477999
24, 5, 6, -0.469203
24, 5, 7, -0.467537
24, 5, 8, -0.452983
24, 5, 9, -0.337427
24, 5, 10, -0.019154
24, 5, 11, 0.471441
24, 5, 12, 1.029730
24, 5, 13, 1.658288
24, 5, 14, 100.000000
24, 5, 15, 100.000000
24, 5, 16, 100.000000
24, 5, 17, 100.000000
24, 5, 18, 100.000000
24, 5, 19, 100.000000
24, 5, 20, 100.000000
24, 5, 21, 100.000000
24, 5, 22, 100.000000
24, 5, 23, 100.000000
24, 5, 24, 100.000000
24, 5, 25, 100.000000
24, 5, 26, 100.000000
24, 5, 27, 100.000000
24, 5, 28, 100.000000
24, 5, 29, 100.000000
24, 5, 30, 100.000000
24, 5, 31, 100.000000
24, 5, 32, 100.000000
24, 5, 33, 100.000000
24, 5, 34, 100.000000
24, 6, 0, 0.450674
24, 6, 1, -0.068390
24, 6, 2, -0.389770
24, 6, 3, -0.462670
24, 6, 4, -0.450548
24, 6, 5, -0.448701
24, 6, 6, -0.463008
24, 6, 7, -0.441497
24, 6, 8, -0.463812
24, 6, 9, -0.361385
24, 6, 10, -0.058039
24, 6, 11, 0.443253
24, 6, 12, 0.981771
24, 6, 13, 1.538472
24, 6, 14, 100.000000
24, 6, 15, 100.000000
24, 6, 16, 100.000000
24, 6, 17, 100.000000
24, 6, 18, 100.000000
24, 6, 19, 100.000000
24, 6, 20, 100.000000
24, 6, 21, 100.000000
24, 6, 22, 100.000000
24, 6, 23, 100.000000
24, 6, 24, 100.000000
24, 6, 25, 100.000000
24, 6, 26, 100.000000
24, 6, 27, 100.000000
24, 6, 28, 100.000000
24, 6, 29, 100.000000
24, 6, 30, 100.000000
24, 6, 31, 100.000000
24, 6, 32, 100.000000
24, 6, 33, 100.000000
24, 6, 34, 100.000000
24, 7, 0, 0.437962
24, 7, 1, -0.067883
24, 7, 2, -0.382284
24, 7, 3, -0.465673
24, 7, 4, -0.442431
24, 7, 5, -0.452545
24, 7, 6, -0.424131
24, 7, 7, -0.428508
24, 7, 8, -0.466831
24, 7, 9, -0.389595
24, 7, 10, -0.103414
24, 7, 11, 0.396441
24, 7, 12, 0.968139
24, 7, 13, 1.438476
24, 7, 14, 2.316382
24, 7, 15, 100.000000
24, 7, 16, 100.000000
24, 7, 17, 100.000000
24, 7, 18, 100.000000
24, 7, 19, 100.000000
24, 7, 20, 100.000000
24, 7, 21, 100.000000
24, 7, 22, 100.000000
24, 7, 23, 100.000000
24, 7, 24, 100.000000
24, 7, 25, 100.000000
24, 7, 26, 100.000000
24, 7, 27, 100.000000
24, 7, 28, 100.000000
24, 7, 29, 100.000000
24, 7, 30, 100.000000
24, 7, 31, 100.000000
24, 7, 32, 100.000000
24, 7, 33, 100.000000
24, 7, 34, 100.000000
24, 8, 0, 0.441861
24, 8, 1, -0.082603
24, 8, 2, -0.408733
24, 8, 3, -0.475210
24, 8, 4, -0.459793
24, 8, 5, -0.431890
24, 8, 6, -0.392404
24, 8, 7, -0.428902
24, 8, 8, -0.447957
24, 8, 9, -0.368699
24, 8, 10, -0.121122
24, 8, 11, 0.353365
24, 8, 12, 0.976358
24, 8, 13, 1.507622
24, 8, 14, 2.301684
24, 8, 15, 100.000000
24, 8, 16, 100.000000
24, 8, 17, 100.000000
24, 8, 18, 100.000000
24, 8, 19, 100.000000
24, 8, 20, 100.000000
24, 8, 21, 100.000000
24, 8, 22, 100.000000
24, 8, 23, 100.000000
24, 8, 24, 100.000000
24, 8, 25, 100.000000
24, 8, 26, 100.000000
24, 8, 27, 100.000000
24, 8, 28, 100.000000
24, 8, 29, 100.000000
24, 8, 30, 100.000000
24, 8, 31, 100.000000
24, 8, 32, 100.000000
24, 8, 33, 100.000000
24, 8, 34, 100.000000
24, 9, 0, 0.442958
24, 9, 1, -0.112004
24, 9, 2, -0.451076
24, 9, 3, -0.474964
24, 9, 4, -0.485612
24, 9, 5, -0.427524
24, 9, 6, -0.381478
24, 9, 7, -0.436031
24, 9, 8, -0.422503
24, 9, 9, -0.333715
24, 9, 10, -0.087219
24, 9, 11, 0.344952
24, 9, 12, 0.944452
24, 9, 13, 1.598080
24, 9, 14, 100.000000
24, 9, 15, 100.000000
24, 9, 16, 100.000000
24, 9, 17, 100.000000
24, 9, 18, 100.000000
24, 9, 19, 100.000000
24, 9, 20, 100.000000
24, 9, 21, 100.000000
24, 9, 22, 100.000000
24, 9, 23, 100.000000
24, 9, 24, 100.000000
24, 9, 25, 100.000000
24, 9, 26, 100.000000
24, 9, 27, 100.000000
24, 9, 28, 100.000000
24, 9, 29, 100.000000
24, 9, 30, 100.000000
24, 9, 31, 100.000000
24, 9, 32, 100.000000
24, 9, 33, 100.000000
24, 9, 34, 100.000000
24, 10, 0, 0.419806
24, 10, 1, -0.126707
24, 10, 2, -0.427555
24, 10, 3, -0.448164
24, 10, 4, -0.459982
24, 10, 5, -0.437906
24, 10, 6, -0.381708
24, 10, 7, -0.432871
24, 10, 8, -0.410015
24, 10, 9, -0.286065
24, 10, 10, -0.031284
24, 10, 11, 0.335636
24, 10, 12, 0.865303
24, 10, 13, 1.536637
24, 10, 14, 2.479611
24, 10, 15, 100.000000
24, 10, 16, 100.000000
24, 10, 17, 100.000000
24, 10, 18, 100.000000
24, 10, 19, 100.000000
24, 10, 20, 100.000000
24, 10, 21, 100.000000
24, 10, 22, 100.000000
24, 10, 23, 100.000000
24, 10, 24, 100.000000
24, 10, 25, 100.000000
24, 10, 26, 100.000000
24, 10, 27, 100.000000
24, 10, 28, 100.000000
24, 10, 29, 100.000000
24, 10, 30, 100.000000
24, 10, 31, 100.000000
24, 10, 32, 100.000000
24, 10, 33, 100.000000
24, 10, 34, 100.000000
24, 11, 0, 0.417853
24, 11, 1, -0.121470
24, 11, 2, -0.441919
24, 11, 3, -0.460971
24, 11, 4, -0.464637
24, 11, 5, -0.427625
24, 11, 6, -0.385370
24, 11, 7, -0.445704
24, 11, 8, -0.414578
24, 11, 9, -0.274938
24, 11, 10, -0.012890
24, 11, 11, 0.338312
24, 11, 12, 0.832686
24, 11, 13, 1.483753
24, 11, 14, 2.394413
24, 11, 15, 100.000000
24, 11, 16, 100.000000
24, 11, 17, 100.000000
24, 11, 18, 100.000000
24, 11, 19, 100.000000
24, 11, 20, 100.000000
24, 11, 21, 100.000000
24, 11, 22, 100.000000
24, 11, 23, 100.000000
24, 11, 24, 100.000000
24, 11, 25, 100.000000
24, 11, 26, 100.000000
24, 11, 27, 100.000000
24, 11, 28, 100.000000
24, 11, 29, 100.000000
24, 11, 30, 100.000000
24, 11, 31, 100.000000
24, 11, 32, 100.000000
24, 11, 33, 100.000000
24, 11, 34, 100.000000
24, 12, 0, 0.441674
24, 12, 1, -0.098910
24, 12, 2, -0.402118
24, 12, 3, -0.450339
24, 12, 4, -0.471569
24, 12, 5, -0.405421
24, 12, 6, -0.415692
24, 12, 7, -0.454081
24, 12, 8, -0.421272
24, 12, 9, -0.294003
24, 12, 10, -0.059882
24, 12, 11, 0.332237
24, 12, 12, 0.878254
24, 12, 13, 1.566274
24, 12, 14, 100.000000
24, 12, 15, 100.000000
24, 12, 16, 100.000000
24, 12, 17, 100.000000
24, 12, 18, 100.000000
24, 12, 19, 100.000000
24, 12, 20, 100.000000
24, 12, 21, 100.000000
24, 12, 22, 100.000000
24, 12, 23, 100.000000
24, 12, 24, 100.000000
24, 12, 25, 100.000000
24, 12, 26, 100.000000
24, 12, 27, 100.000000
24, 12, 28, 100.000000
24, 12, 29, 100.000000
24, 12, 30, 100.000000
24, 12, 31, 100.000000
24, 12, 32, 100.000000
24, 12, 33, 100.000000
24, 12, 34, 100.000000
24, 13, 0, 0.441077
24, 13, 1, -0.087547
24, 13, 2, -0.398951
24, 13, 3, -0.451141
24, 13, 4, -0.479604
24, 13, 5, -0.402918
24, 13, 6, -0.432355
24, 13, 7, -0.480590
24, 13, 8, -0.429925
24, 13, 9, -0.339289
24, 13, 10, -0.125139
24, 13, 11, 0.286880
24, 13, 12, 0.837743
24, 13, 13, 1.497805
24, 13, 14, 2.299351
24, 13, 15, 100.000000
24, 13, 16, 100.000000
24, 13, 17, 100.000000
24, 13, 18, 100.000000
24, 13, 19, 100.000000
24, 13, 20, 100.000000
24, 13, 21, 100.000000
24, 13, 22, 100.000000
24, 13, 23, 100.000000
24, 13, 24, 100.000000
24, 13, 25, 100.000000
24, 13, 26, 100.000000
24, 13, 27, 100.000000
24, 13, 28, 100.000000
24, 13, 29, 100.000000
24, 13, 30, 100.000000
24, 13, 31, 100.000000
24, 13, 32, 100.000000
24, 13, 33, 100.000000
24, 13, 34, 100.000000
24, 14, 0, 0.413673
24, 14, 1, -0.119685
24, 14, 2, -0.416520
24, 14, 3, -0.425146
24, 14, 4, -0.436196
24, 14, 5, -0.417375
24, 14, 6, -0.419489
24, 14, 7, -0.448123
24, 14, 8, -0.437778
24, 14, 9, -0.381063
24, 14, 10, -0.169706
24, 14, 11, 0.243653
24, 14, 12, 0.768120
24, 14, 13, 1.326321
24, 14, 14, 2.047518
24, 14, 15, 100.000000
24, 14, 16, 100.000000
24, 14, 17, 100.000000
24, 14, 18, 100.000000
24, 14, 19, 100.000000
24, 14, 20, 100.000000
24, 14, 21, 100.000000
24, 14, 22, 100.000000
24, 14, 23, 100.000000
24, 14, 24, 100.000000
24, 14, 25, 100.000000
24, 14, 26, 100.000000
24, 14, 27, 100.000000
24, 14, 28, 100.000000
24, 14, 29, 100.000000
24, 14, 30, 100.000000
24, 14, 31, 100.000000
24, 14, 32, 100.000000
24, 14, 33, 100.000000
24, 14, 34, 100.000000
24, 15, 0, 0.399280
24, 15, 1, -0.136470
24, 15, 2, -0.418755
24, 15, 3, -0.426678
24, 15, 4, -0.413542
24, 15, 5, -0.414945
24, 15, 6, -0.421137
24, 15, 7, -0.437066
24, 15, 8, -0.466912
24, 15, 9, -0.393826
24, 15, 10, -0.172573
24, 15, 11, 0.222076
24, 15, 12, 0.723606
24, 15, 13, 1.167288
24, 15, 14, 1.918208
24, 15, 15, 100.000000
24, 15, 16, 100.000000
24, 15, 17, 100.000000
24, 15, 18, 100.000000
24, 15, 19, 100.000000
24, 15, 20, 100.000000
24, 15, 21, 100.000000
24, 15, 22, 100.000000
24, 15, 23, 100.000000
24, 15, 24, 100.000000
24, 15, 25, 100.000000
24, 15, 26, 100.000000
24, 15, 27, 100.000000
24, 15, 28, 100.000000
24, 15, 29, 100.000000
24, 15, 30, 100.000000
24, 15, 31, 100.000000
24, 15, 32, 100.000000
24, 15, 33, 100.000000
24, 15, 34, 100.000000
24, 16, 0, 0.396164
24, 16, 1, -0.154840
24, 16, 2, -0.441943
24, 16, 3, -0.437591
24, 16, 4, -0.425904
24, 16, 5, -0.440398
24, 16, 6, -0.450172
24, 16, 7, -0.455740
24, 16, 8, -0.470753
24, 16, 9, -0.399220
24, 16, 10, -0.188027
24, 16, 11, 0.197436
24, 16, 12, 0.669304
24, 16, 13, 1.145438
24, 16, 14, 1.880201
24, 16, 15, 100.000000
24, 16, 16, 100.000000
24, 16, 17, 100.000000
24, 16, 18, 100.000000
24, 16, 19, 100.000000
24, 16, 20, 100.000000
24, 16, 21, 100.000000
24, 16, 22, 100.000000
24, 16, 23, 100.000000
24, 16, 24, 100.000000
24, 16, 25, 100.000000
24, 16, 26, 100.000000
24, 16, 27, 100.000000
24, 16, 28, 100.000000
24, 16, 29, 100.000000
24, 16, 30, 100.000000
24, 16, 31, 100.000000
24, 16, 32, 100.000000
24, 16, 33, 100.000000
24, 16, 34, 100.000000
24, 17, 0, 0.393943
24, 17, 1, -0.169867
24, 17, 2, -0.483291
24, 17, 3, -0.465869
24, 17, 4, -0.444835
24, 17, 5, -0.444936
24, 17, 6, -0.454423
24, 17, 7, -0.464459
24, 17, 8, -0.462800
24, 17, 9, -0.422410
24, 17, 10, -0.221752
24, 17, 11, 0.154791
24, 17, 12, 0.636544
24, 17, 13, 1.207587
24, 17, 14, 1.897522
24, 17, 15, 100.000000
24, 17, 16, 100.000000
24, 17, 17, 100.000000
24, 17, 18, 100.000000
24, 17, 19, 100.000000
24, 17, 20, 100.000000
24, 17, 21, 100.000000
24, 17, 22, 100.000000
24, 17, 23, 100.000000
24, 17, 24, 100.000000
24, 17, 25, 100.000000
24, 17, 26, 100.000000
24, 17, 27, 100.000000
24, 17, 28, 100.000000
24, 17, 29, 100.000000
24, 17, 30, 100.000000
24, 17, 31, 100.000000
24, 17, 32, 100.000000
24, 17, 33, 100.000000
24, 17, 34, 100.000000
24, 18, 0, 0.402848
24, 18, 1, -0.162719
24, 18, 2, -0.482109
24, 18, 3, -0.470961
24, 18, 4, -0.485626
24, 18, 5, -0.468876
24, 18, 6, -0.453192
24, 18, 7, -0.469749
24, 18, 8, -0.452433
24, 18, 9, -0.446018
24, 18, 10, -0.266633
24, 18, 11, 0.096979
24, 18, 12, 0.601500
24, 18, 13, 1.165137
24, 18, 14, 1.910212
24, 18, 15, 100.000000
24, 18, 16, 100.000000
24, 18, 17, 100.000000
24, 18, 18, 100.000000
24, 18, 19, 100.000000
24, 18, 20, 100.000000
24, 18, 21, 100.000000
24, 18, 22, 100.000000
24, 18, 23, 100.000000
24, 18, 24, 100.000000
24, 18, 25, 100.000000
24, 18, 26, 100.000000
24, 18, 27, 100.000000
24, 18, 28, 100.000000
24, 18, 29, 100.000000
24, 18, 30, 100.000000
24, 18, 31, 100.000000
24, 18, 32, 100.000000
24, 18, 33, 100.000000
24, 18, 34, 100.000000
24, 19, 0, 0.439417
24, 19, 1, -0.125438
24, 19, 2, -0.438004
24, 19, 3, -0.426856
24, 19, 4, -0.462251
24, 19, 5, -0.466727
24, 19, 6, -0.452682
24, 19, 7, -0.465301
24, 19, 8, -0.439270
24, 19, 9, -0.431486
24, 19, 10, -0.287739
24, 19, 11, 0.065906
24, 19, 12, 0.590360
24, 19, 13, 1.122943
24, 19, 14, 1.818393
24, 19, 15, 100.000000
24, 19, 16, 100.000000
24, 19, 17, 100.000000
24, 19, 18, 100.000000
24, 19, 19, 100.000000
24, 19, 20, 100.000000
24, 19, 21, 100.000000
24, 19, 22, 100.000000
24, 19, 23, 100.000000
24, 19, 24, 100.000000
24, 19, 25, 100.000000
24, 19, 26, 100.000000
24, 19, 27, 100.000000
24, 19, 28, 100.000000
24, 19, 29, 100.000000
24, 19, 30, 100.000000
24, 19, 31, 100.000000
24, 19, 32, 100.000000
24, 19, 33, 100.000000
24, 19, 34, 100.000000
24, 20, 0, 0.456621
24, 20, 1, -0.103503
24, 20, 2, -0.431932
24, 20, 3, -0.425579
24, 20, 4, -0.474339
24, 20, 5, -0.480386
24, 20, 6, -0.462111
24, 20, 7, -0.460080
24, 20, 8, -0.433282
24, 20, 9, -0.411010
24, 20, 10, -0.263250
24, 20, 11, 0.106948
24, 20, 12, 0.628963
24, 20, 13, 1.190845
24, 20, 14, 1.867327
24, 20, 15, 100.000000
24, 20, 16, 100.000000
24, 20, 17, 100.000000
24, 20, 18, 100.000000
24, 20, 19, 100.000000
24, 20, 20, 100.000000
24, 20, 21, 100.000000
24, 20, 22, 100.000000
24, 20, 23, 100.000000
24, 20, 24, 100.000000
24, 20, 25, 100.000000
24, 20, 26, 100.000000
24, 20, 27, 100.000000
24, 20, 28, 100.000000
24, 20, 29, 100.000000
24, 20, 30, 100.000000
24, 20, 31, 100.000000
24, 20, 32, 100.000000
24, 20, 33, 100.000000
24, 20, 34, 100.000000
24, 21, 0, 0.442891
24, 21, 1, -0.101971
24, 21, 2, -0.446552
24, 21, 3, -0.402117
24, 21, 4, -0.459186
24, 21, 5, -0.482028
24, 21, 6, -0.467554
24, 21, 7, -0.456691
24, 21, 8, -0.454435
24, 21, 9, -0.406468
24, 21, 10, -0.221845
24, 21, 11, 0.166283
24, 21, 12, 0.703644
24, 21, 13, 1.276485
24, 21, 14, 1.914366
24, 21, 15, 100.000000
24, 21, 16, 100.000000
24, 21, 17, 100.000000
24, 21, 18, 100.000000
24, 21, 19, 100.000000
24, 21, 20, 100.000000
24, 21, 21, 100.000000
24, 21, 22, 100.000000
24, 21, 23, 100.000000
24, 21, 24, 100.000000
24, 21, 25, 100.000000
24, 21, 26, 100.000000
24, 21, 27, 100.000000
24, 21, 28, 100.000000
24, 21, 29, 100.000000
24, 21, 30, 100.000000
24, 21, 31, 100.000000
24, 21, 32, 100.000000
24, 21, 33, 100.000000
24, 21, 34, 100.000000
24, 22, 0, 0.431577
24, 22, 1, -0.104454
24, 22, 2, -0.450223
24, 22, 3, -0.392559
24, 22, 4, -0.454847
24, 22, 5, -0.464027
24, 22, 6, -0.472991
24, 22, 7, -0.464893
24, 22, 8, -0.465484
24, 22, 9, -0.430482
24, 22, 10, -0.218146
24, 22, 11, 0.184313
24, 22, 12, 0.760808
24, 22, 13, 1.378975
24, 22, 14, 2.021115
24, 22, 15, 100.000000
24, 22, 16, 100.000000
24, 22, 17, 100.000000
24, 22, 18, 100.000000
24, 22, 19, 100.000000
24, 22, 20, 100.000000
24, 22, 21, 100.000000
24, 22, 22, 100.000000
24, 22, 23, 100.000000
24, 22, 24, 100.000000
24, 22, 25, 100.000000
24, 22, 26, 100.000000
24, 22, 27, 100.000000
24, 22, 28, 100.000000
24, 22, 29, 100.000000
24, 22, 30, 100.000000
24, 22, 31, 100.000000
24, 22, 32, 100.000000
24, 22, 33, 100.000000
24, 22, 34, 100.000000
24, 23, 0, 0.436172
24, 23, 1, -0.105668
24, 23, 2, -0.437805
24, 23, 3, -0.392295
24, 23, 4, -0.461181
24, 23, 5, -0.448133
24, 23, 6, -0.452968
24, 23, 7, -0.457121
24, 23, 8, -0.462512
24, 23, 9, -0.447130
24, 23, 10, -0.235853
24, 23, 11, 0.156969
24, 23, 12, 0.717825
24, 23, 13, 1.383398
24, 23, 14, 2.001738
24, 23, 15, 100.000000
24, 23, 16, 100.000000
24, 23, 17, 100.000000
24, 23, 18, 100.000000
24, 23, 19, 100.000000
24, 23, 20, 100.000000
24, 23, 21, 100.000000
24, 23, 22, 100.000000
24, 23, 23, 100.000000
24, 23, 24, 100.000000
24, 23, 25, 100.000000
24, 23, 26, 100.000000
24, 23, 27, 100.000000
24, 23, 28, 100.000000
24, 23, 29, 100.000000
24, 23, 30, 100.000000
24, 23, 31, 100.000000
24, 23, 32, 100.000000
24, 23, 33, 100.000000
24, 23, 34, 100.000000
24, 24, 0, 0.426898
24, 24, 1, -0.118439
24, 24, 2, -0.415026
24, 24, 3, -0.408653
24, 24, 4, -0.478976
24, 24, 5, -0.453082
24, 24, 6, -0.441462
24, 24, 7, -0.418806
24, 24, 8, -0.436878
24, 24, 9, -0.414786
24, 24, 10, -0.220883
24, 24, 11, 0.155740
24, 24, 12, 0.708543
24, 24, 13, 1.339954
24, 24, 14, 2.109270
24, 24, 15, 100.000000
24, 24, 16, 100.000000
24, 24, 17, 100.000000
24, 24, 18, 100.000000
24, 24, 19, 100.000000
24, 24, 20, 100.000000
24, 24, 21, 100.000000
24, 24, 22, 100.000000
24, 24, 23, 100.000000
24, 24, 24, 100.000000
24, 24, 25, 100.000000
24, 24, 26, 100.000000
24, 24, 27, 100.000000
24, 24, 28, 100.000000
24, 24, 29, 100.000000
24, 24, 30, 100.000000
24, 24, 31, 100.000000
24, 24, 32, 100.000000
24, 24, 33, 100.000000
24, 24, 34, 100.000000
24, 25, 0, 0.406285
24, 25, 1, -0.132652
24, 25, 2, -0.439003
24, 25, 3, -0.448903
24, 25, 4, -0.490719
24, 25, 5, -0.468213
24, 25, 6, -0.435723
24, 25, 7, -0.423626
24, 25, 8, -0.445314
24, 25, 9, -0.400244
24, 25, 10, -0.173152
24, 25, 11, 0.232931
24, 25, 12, 0.749931
24, 25, 13, 1.303086
24, 25, 14, 2.135965
24, 25, 15, 100.000000
24, 25, 16, 100.000000
24, 25, 17, 100.000000
24, 25, 18, 100.000000
24, 25, 19, 100.000000
24, 25, 20, 100.000000
24, 25, 21, 100.000000
24, 25, 22, 100.000000
24, 25, 23, 100.000000
24, 25, 24, 100.000000
24, 25, 25, 100.000000
24, 25, 26, 100.000000
24, 25, 27, 100.000000
24, 25, 28, 100.000000
24, 25, 29, 100.000000
24, 25, 30, 100.000000
24, 25, 31, 100.000000
24, 25, 32, 100.000000
24, 25, 33, 100.000000
24, 25, 34, 100.000000
24, 26, 0, 0.391541
24, 26, 1, -0.140299
24, 26, 2, -0.441843
24, 26, 3, -0.472380
24, 26, 4, -0.477466
24, 26, 5, -0.470217
24, 26, 6, -0.443132
24, 26, 7, -0.447638
24, 26, 8, -0.469759
24, 26, 9, -0.403996
24, 26, 10, -0.134947
24, 26, 11, 0.273194
24, 26, 12, 0.780771
24, 26, 13, 1.348588
24, 26, 14, 2.108470
24, 26, 15, 100.000000
24, 26, 16, 100.000000
24, 26, 17, 100.000000
24, 26, 18, 100.000000
24, 26, 19, 100.000000
24, 26, 20, 100.000000
24, 26, 21, 100.000000
24, 26, 22, 100.000000
24, 26, 23, 100.000000
24, 26, 24, 100.000000
24, 26, 25, 100.000000
24, 26, 26, 100.000000
24, 26, 27, 100.000000
24, 26, 28, 100.000000
24, 26, 29, 100.000000
24, 26, 30, 100.000000
24, 26, 31, 100.000000
24, 26, 32, 100.000000
24, 26, 33, 100.000000
24, 26, 34, 100.000000
24, 27, 0, 0.395567
24, 27, 1, -0.126461
24, 27, 2, -0.417467
24, 27, 3, -0.437830
24, 27, 4, -0.438087
24, 27, 5, -0.443048
24, 27, 6, -0.450535
24, 27, 7, -0.463701
24, 27, 8, -0.481833
24, 27, 9, -0.392946
24, 27, 10, -0.140487
24, 27, 11, 0.263623
24, 27, 12, 0.788175
24, 27, 13, 1.433788
24, 27, 14, 2.120261
24, 27, 15, 100.000000
24, 27, 16, 100.000000
24, 27, 17, 100.000000
24, 27, 18, 100.000000
24, 27, 19, 100.000000
24, 27, 20, 100.000000
24, 27, 21, 100.000000
24, 27, 22, 100.000000
24, 27, 23, 100.000000
24, 27, 24, 100.000000
24, 27, 25, 100.000000
24, 27, 26, 100.000000
24, 27, 27, 100.000000
24, 27, 28, 100.000000
24, 27, 29, 100.000000
24, 27, 30, 100.000000
24, 27, 31, 100.000000
24, 27, 32, 100.000000
24, 27, 33, 100.000000
24, 27, 34, 100.000000
24, 28, 0, 0.395762
24, 28, 1, -0.121944
24, 28, 2, -0.401106
24, 28, 3, -0.459415
24, 28, 4, -0.489598
24, 28, 5, -0.483339
24, 28, 6, -0.473860
24, 28, 7, -0.456437
24, 28, 8, -0.395325
24, 28, 9, -0.292571
24, 28, 10, -0.103936
24, 28, 11, 0.267425
24, 28, 12, 0.789853
24, 28, 13, 1.425716
24, 28, 14, 2.238320
24, 28, 15, 100.000000
24, 28, 16, 100.000000
24, 28, 17, 100.000000
24, 28, 18, 100.000000
24, 28, 19, 100.000000
24, 28, 20, 100.000000
24, 28, 21, 100.000000
24, 28, 22, 100.000000
24, 28, 23, 100.000000
24, 28, 24, 100.000000
24, 28, 25, 100.000000
24, 28, 26, 100.000000
24, 28, 27, 100.000000
24, 28, 28, 100.000000
24, 28, 29, 100.000000
24, 28, 30, 100.000000
24, 28, 31, 100.000000
24, 28, 32, 100.000000
24, 28, 33, 100.000000
24, 28, 34, 100.000000
24, 29, 0, 0.444568
24, 29, 1, 0.036828
24, 29, 2, -0.065471
24, 29, 3, -0.097725
24, 29, 4, -0.154571
24, 29, 5, -0.176785
24, 29, 6, -0.153288
24, 29, 7, -0.115238
24, 29, 8, -0.041010
24, 29, 9, 0.041338
24, 29, 10, 0.151391
24, 29, 11, 0.411940
24, 29, 12, 0.851246
24, 29, 13, 1.403364
24, 29, 14, 2.296534
24, 29, 15, 100.000000
24, 29, 16, 100.000000
24, 29, 17, 100.000000
24, 29, 18, 100.000000
24, 29, 19, 100.000000
24, 29, 20, 100.000000
24, 29, 21, 100.000000
24, 29, 22, 100.000000
24, 29, 23, 100.000000
24, 29, 24, 100.000000
24, 29, 25, 100.000000
24, 29, 26, 100.000000
24, 29, 27, 100.000000
24, 29, 28, 100.000000
24, 29, 29, 100.000000
24, 29, 30, 100.000000
24, 29, 31, 100.000000
24, 29, 32, 100.000000
24, 29, 33, 100.000000
24, 29, 34, 100.000000
25, 0, 0, 0.800101
25, 0, 1, 0.522741
25, 0, 2, 0.429057
25, 0, 3, 0.387389
25, 0, 4, 0.363638
25, 0, 5, 0.387564
25, 0, 6, 0.425163
25, 0, 7, 0.479835
25, 0, 8, 0.539012
25, 0, 9, 0.583295
25, 0, 10, 0.669792
25, 0, 11, 0.889845
25, 0, 12, 1.262090
25, 0, 13, 1.978303
25, 0, 14, 100.000000
25, 0, 15, 100.000000
25, 0, 16, 100.000000
25, 0, 17, 100.000000
25, 0, 18, 100.000000
25, 0, 19, 100.000000
25, 0, 20, 100.000000
25, 0, 21, 100.000000
25, 0, 22, 100.000000
25, 0, 23, 100.000000
25, 0, 24, 100.000000
25, 0, 25, 100.000000
25, 0, 26, 100.000000
25, 0, 27, 100.000000
25, 0, 28, 100.000000
25, 0, 29, 100.000000
25, 0, 30, 100.000000
25, 0, 31, 100.000000
25, 0, 32, 100.000000
25, 0, 33, 100.000000
25, 0, 34, 100.000000
25, 1, 0, 0.483160
25, 1, 1, 0.062795
25, 1, 2, -0.072175
25, 1, 3, -0.060734
25, 1, 4, -0.081521
25, 1, 5, -0.077686
25, 1, 6, -0.076932
25, 1, 7, -0.059707
25, 1, 8, -0.007723
25, 1, 9, 0.066716
25, 1, 10, 0.243332
25, 1, 11, 0.596730
25, 1, 12, 1.035671
25, 1, 13, 1.753592
25, 1, 14, 100.000000
25, 1, 15, 100.000000
25, 1, 16, 100.000000
25, 1, 17, 100.000000
25, 1, 18, 100.000000
25, 1, 19, 100.000000
25, 1, 20, 100.000000
25, 1, 21, 100.000000
25, 1, 22, 100.000000
25, 1, 23, 100.000000
25, 1, 24, 100.000000
25, 1, 25, 100.000000
25, 1, 26, 100.000000
25, 1, 27, 100.000000
25, 1, 28, 100.000000
25, 1, 29, 100.000000
25, 1, 30, 100.000000
25, 1, 31, 100.000000
25, 1, 32, 100.000000
25, 1, 33, 100.000000
25, 1, 34, 100.000000
25, 2, 0, 0.405896
25, 2, 1, -0.113187
25, 2, 2, -0.353598
25, 2, 3, -0.280556
25, 2, 4, -0.306557
25, 2, 5, -0.342759
25, 2, 6, -0.373717
25, 2, 7, -0.389148
25, 2, 8, -0.367504
25, 2, 9, -0.269278
25, 2, 10, 0.016787
25, 2, 11, 0.475482
25, 2, 12, 0.984619
25, 2, 13, 1.571458
25, 2, 14, 100.000000
25, 2, 15, 100.000000
25, 2, 16, 100.000000
25, 2, 17, 100.000000
25, 2, 18, 100.000000
25, 2, 19, 100.000000
25, 2, 20, 100.000000
25, 2, 21, 100.000000
25, 2, 22, 100.000000
25, 2, 23, 100.000000
25, 2, 24, 100.000000
25, 2, 25, 100.000000
25, 2, 26, 100.000000
25, 2, 27, 100.000000
25, 2, 28, 100.000000
25, 2, 29, 100.000000
25, 2, 30, 100.000000
25, 2, 31, 100.000000
25, 2, 32, 100.000000
25, 2, 33, 100.000000
25, 2, 34, 100.000000
25, 3, 0, 0.408716
25, 3, 1, -0.110342
25, 3, 2, -0.440181
25, 3, 3, -0.369549
25, 3, 4, -0.370356
25, 3, 5, -0.430669
25, 3, 6, -0.463131
25, 3, 7, -0.481378
25, 3, 8, -0.472076
25, 3, 9, -0.333270
25, 3, 10, -0.016338
25, 3, 11, 0.453780
25, 3, 12, 0.976529
25, 3, 13, 1.490222
25, 3, 14, 2.384582
25, 3, 15, 100.000000
25, 3, 16, 100.000000
25, 3, 17, 100.000000
25, 3, 18, 100.000000
25, 3, 19, 100.000000
25, 3, 20, 100.000000
25, 3, 21, 100.000000
25, 3, 22, 100.000000
25, 3, 23, 100.000000
25, 3, 24, 100.000000
25, 3, 25, 100.000000
25, 3, 26, 100.000000
25, 3, 27, 100.000000
25, 3, 28, 100.000000
25, 3, 29, 100.000000
25, 3, 30, 100.000000
25, 3, 31, 100.000000
25, 3, 32, 100.000000
25, 3, 33, 100.000000
25, 3, 34, 100.000000
25, 4, 0, 0.429055
25, 4, 1, -0.089993
25, 4, 2, -0.407334
25, 4, 3, -0.420120
25, 4, 4, -0.401233
25, 4, 5, -0.447539
25, 4, 6, -0.454834
25, 4, 7, -0.465625
25, 4, 8, -0.450410
25, 4, 9, -0.304343
25, 4, 10, -0.007748
25, 4, 11, 0.454458
25, 4, 12, 0.984403
25, 4, 13, 1.531644
25, 4, 14, 100.000000
25, 4, 15, 100.000000
25, 4, 16, 100.000000
25, 4, 17, 100.000000
25, 4, 18, 100.000000
25, 4, 19, 100.000000
25, 4, 20, 100.000000
25, 4, 21, 100.000000
25, 4, 22, 100.000000
25, 4, 23, 100.000000
25, 4, 24, 100.000000
25, 4, 25, 100.000000
25, 4, 26, 100.000000
25, 4, 27, 100.000000
25, 4, 28, 100.000000
25, 4, 29, 100.000000
25, 4, 30, 100.000000
25, 4, 31, 100.000000
25, 4, 32, 100.000000
25, 4, 33, 100.000000
25, 4, 34, 100.000000
25, 5, 0, 0.450222
25, 5, 1, -0.076799
25, 5, 2, -0.392162
25, 5, 3, -0.424970
25, 5, 4, -0.435389
25, 5, 5, -0.466075
25, 5, 6, -0.466519
25, 5, 7, -0.450049
25, 5, 8, -0.435973
25, 5, 9, -0.309712
25, 5, 10, -0.005220
25, 5, 11, 0.483531
25, 5, 12, 1.025193
25, 5, 13, 1.656587
25, 5, 14, 100.000000
25, 5, 15, 100.000000
25, 5, 16, 100.000000
25, 5, 17, 100.000000
25, 5, 18, 100.000000
25, 5, 19, 100.000000
25, 5, 20, 100.000000
25, 5, 21, 100.000000
25, 5, 22, 100.000000
25, 5, 23, 100.000000
25, 5, 24, 100.000000
25, 5, 25, 100.000000
25, 5, 26, 100.000000
25, 5, 27, 100.000000
25, 5, 28, 100.000000
25, 5, 29, 100.000000
25, 5, 30, 100.000000
25, 5, 31, 100.000000
25, 5, 32, 100.000000
25, 5, 33, 100.000000
25, 5, 34, 100.000000
25, 6, 0, 0.446963
25, 6, 1, -0.074753
25, 6, 2, -0.394885
25, 6, 3, -0.458204
25, 6, 4, -0.460413
25, 6, 5, -0.472404
25, 6, 6, -0.475356
25, 6, 7, -0.435812
25, 6, 8, -0.460831
25, 6, 9, -0.345393
25, 6, 10, -0.028823
25, 6, 11, 0.468395
25, 6, 12, 0.980798
25, 6, 13, 1.499021
25, 6, 14, 2.337010
25, 6, 15, 100.000000
25, 6, 16, 100.000000
25, 6, 17, 100.000000
25, 6, 18, 100.000000
25, 6, 19, 100.000000
25, 6, 20, 100.000000
25, 6, 21, 100.000000
25, 6, 22, 100.000000
25, 6, 23, 100.000000
25, 6, 24, 100.000000
25, 6, 25, 100.000000
25, 6, 26, 100.000000
25, 6, 27, 100.000000
25, 6, 28, 100.000000
25, 6, 29, 100.000000
25, 6, 30, 100.000000
25, 6, 31, 100.000000
25, 6, 32, 100.000000
25, 6, 33, 100.000000
25, 6, 34, 100.000000
25, 7, 0, 0.419244
25, 7, 1, -0.080471
25, 7, 2, -0.384053
25, 7, 3, -0.466146
25, 7, 4, -0.461842
25, 7, 5, -0.474504
25, 7, 6, -0.444162
25, 7, 7, -0.432590
25, 7, 8, -0.476796
25, 7, 9, -0.405613
25, 7, 10, -0.086742
25, 7, 11, 0.408142
25, 7, 12, 0.928957
25, 7, 13, 1.321258
25, 7, 14, 2.059444
25, 7, 15, 100.000000
25, 7, 16, 100.000000
25, 7, 17, 100.000000
25, 7, 18, 100.000000
25, 7, 19, 100.000000
25, 7, 20, 100.000000
25, 7, 21, 100.000000
25, 7, 22, 100.000000
25, 7, 23, 100.000000
25, 7, 24, 100.000000
25, 7, 25, 100.000000
25, 7, 26, 100.000000
25, 7, 27, 100.000000
25, 7, 28, 100.000000
25, 7, 29, 100.000000
25, 7, 30, 100.000000
25, 7, 31, 100.000000
25, 7, 32, 100.000000
25, 7, 33, 100.000000
25, 7, 34, 100.000000
25, 8, 0, 0.423710
25, 8, 1, -0.081134
25, 8, 2, -0.397578
25, 8, 3, -0.465614
25, 8, 4, -0.447266
25, 8, 5, -0.441656
25, 8, 6, -0.428459
25, 8, 7, -0.446401
25, 8, 8, -0.461190
25, 8, 9, -0.385931
25, 8, 10, -0.081878
25, 8, 11, 0.384916
25, 8, 12, 0.941525
25, 8, 13, 1.367329
25, 8, 14, 2.040957
25, 8, 15, 100.000000
25, 8, 16, 100.000000
25, 8, 17, 100.000000
25, 8, 18, 100.000000
25, 8, 19, 100.000000
25, 8, 20, 100.000000
25, 8, 21, 100.000000
25, 8, 22, 100.000000
25, 8, 23, 100.000000
25, 8, 24, 100.000000
25, 8, 25, 100.000000
25, 8, 26, 100.000000
25, 8, 27, 100.000000
25, 8, 28, 100.000000
25, 8, 29, 100.000000
25, 8, 30, 100.000000
25, 8, 31, 100.000000
25, 8, 32, 100.000000
25, 8, 33, 100.000000
25, 8, 34, 100.000000
25, 9, 0, 0.432860
25, 9, 1, -0.096086
25, 9, 2, -0.441054
25, 9, 3, -0.471277
25, 9, 4, -0.459605
25, 9, 5, -0.417506
25, 9, 6, -0.412260
25, 9, 7, -0.464821
25, 9, 8, -0.472424
25, 9, 9, -0.337139
25, 9, 10, -0.033521
25, 9, 11, 0.386671
25, 9, 12, 0.936308
25, 9, 13, 1.444470
25, 9, 14, 2.387354
25, 9, 15, 100.000000
25, 9, 16, 100.000000
25, 9, 17, 100.000000
25, 9, 18, 100.000000
25, 9, 19, 100.000000
25, 9, 20, 100.000000
25, 9, 21, 100.000000
25, 9, 22, 100.000000
25, 9, 23, 100.000000
25, 9, 24, 100.000000
25, 9, 25, 100.000000
25, 9, 26, 100.000000
25, 9, 27, 100.000000
25, 9, 28, 100.000000
25, 9, 29, 100.000000
25, 9, 30, 100.000000
25, 9, 31, 100.000000
25, 9, 32, 100.000000
25, 9, 33, 100.000000
25, 9, 34, 100.000000
25, 10, 0, 0.419844
25, 10, 1, -0.116699
25, 10, 2, -0.440506
25, 10, 3, -0.452351
25, 10, 4, -0.468893
25, 10, 5, -0.434686
25, 10, 6, -0.406831
25, 10, 7, -0.468072
25, 10, 8, -0.463758
25, 10, 9, -0.291284
25, 10, 10, 0.000872
25, 10, 11, 0.368013
25, 10, 12, 0.882945
25, 10, 13, 1.525924
25, 10, 14, 2.419059
25, 10, 15, 100.000000
25, 10, 16, 100.000000
25, 10, 17, 100.000000
25, 10, 18, 100.000000
25, 10, 19, 100.000000
25, 10, 20, 100.000000
25, 10, 21, 100.000000
25, 10, 22, 100.000000
25, 10, 23, 100.000000
25, 10, 24, 100.000000
25, 10, 25, 100.000000
25, 10, 26, 100.000000
25, 10, 27, 100.000000
25, 10, 28, 100.000000
25, 10, 29, 100.000000
25, 10, 30, 100.000000
25, 10, 31, 100.000000
25, 10, 32, 100.000000
25, 10, 33, 100.000000
25, 10, 34, 100.000000
25, 11, 0, 0.432153
25, 11, 1, -0.113794
25, 11, 2, -0.440762
25, 11, 3, -0.465151
25, 11, 4, -0.470732
25, 11, 5, -0.442796
25, 11, 6, -0.409699
25, 11, 7, -0.467792
25, 11, 8, -0.464303
25, 11, 9, -0.283135
25, 11, 10, -0.019092
25, 11, 11, 0.327779
25, 11, 12, 0.834169
25, 11, 13, 1.554842
25, 11, 14, 2.486862
25, 11, 15, 100.000000
25, 11, 16, 100.000000
25, 11, 17, 100.000000
25, 11, 18, 100.000000
25, 11, 19, 100.000000
25, 11, 20, 100.000000
25, 11, 21, 100.000000
25, 11, 22, 100.000000
25, 11, 23, 100.000000
25, 11, 24, 100.000000
25, 11, 25, 100.000000
25, 11, 26, 100.000000
25, 11, 27, 100.000000
25, 11, 28, 100.000000
25, 11, 29, 100.000000
25, 11, 30, 100.000000
25, 11, 31, 100.000000
25, 11, 32, 100.000000
25, 11, 33, 100.000000
25, 11, 34, 100.000000
25, 12, 0, 0.453328
25, 12, 1, -0.093437
25, 12, 2, -0.408178
25, 12, 3, -0.459162
25, 12, 4, -0.471304
25, 12, 5, -0.417160
25, 12, 6, -0.419907
25, 12, 7, -0.452833
25, 12, 8, -0.445171
25, 12, 9, -0.309558
25, 12, 10, -0.065784
25, 12, 11, 0.302995
25, 12, 12, 0.831186
25, 12, 13, 1.517622
25, 12, 14, 2.382034
25, 12, 15, 100.000000
25, 12, 16, 100.000000
25, 12, 17, 100.000000
25, 12, 18, 100.000000
25, 12, 19, 100.000000
25, 12, 20, 100.000000
25, 12, 21, 100.000000
25, 12, 22, 100.000000
25, 12, 23, 100.000000
25, 12, 24, 100.000000
25, 12, 25, 100.000000
25, 12, 26, 100.000000
25, 12, 27, 100.000000
25, 12, 28, 100.000000
25, 12, 29, 100.000000
25, 12, 30, 100.000000
25, 12, 31, 100.000000
25, 12, 32, 100.000000
25, 12, 33, 100.000000
25, 12, 34, 100.000000
25, 13, 0, 0.459570
25, 13, 1, -0.087448
25, 13, 2, -0.419427
25, 13, 3, -0.471965
25, 13, 4, -0.491678
25, 13, 5, -0.415091
25, 13, 6, -0.433085
25, 13, 7, -0.451647
25, 13, 8, -0.441473
25, 13, 9, -0.347590
25, 13, 10, -0.118444
25, 13, 11, 0.286093
25, 13, 12, 0.837483
25, 13, 13, 1.464188
25, 13, 14, 2.296335
25, 13, 15, 100.000000
25, 13, 16, 100.000000
25, 13, 17, 100.000000
25, 13, 18, 100.000000
25, 13, 19, 100.000000
25, 13, 20, 100.000000
25, 13, 21, 100.000000
25, 13, 22, 100.000000
25, 13, 23, 100.000000
25, 13, 24, 100.000000
25, 13, 25, 100.000000
25, 13, 26, 100.000000
25, 13, 27, 100.000000
25, 13, 28, 100.000000
25, 13, 29, 100.000000
25, 13, 30, 100.000000
25, 13, 31, 100.000000
25, 13, 32, 100.000000
25, 13, 33, 100.000000
25, 13, 34, 100.000000
25, 14, 0, 0.432342
25, 14, 1, -0.113143
25, 14, 2, -0.413629
25, 14, 3, -0.435795
25, 14, 4, -0.438981
25, 14, 5, -0.428805
25, 14, 6, -0.458005
25, 14, 7, -0.468173
25, 14, 8, -0.425879
25, 14, 9, -0.364881
25, 14, 10, -0.148093
25, 14, 11, 0.267646
25, 14, 12, 0.817075
25, 14, 13, 1.399872
25, 14, 14, 2.144200
25, 14, 15, 100.000000
25, 14, 16, 100.000000
25, 14, 17, 100.000000
25, 14, 18, 100.000000
25, 14, 19, 100.000000
25, 14, 20, 100.000000
25, 14, 21, 100.000000
25, 14, 22, 100.000000
25, 14, 23, 100.000000
25, 14, 24, 100.000000
25, 14, 25, 100.000000
25, 14, 26, 100.000000
25, 14, 27, 100.000000
25, 14, 28, 100.000000
25, 14, 29, 100.000000
25, 14, 30, 100.000000
25, 14, 31, 100.000000
25, 14, 32, 100.000000
25, 14, 33, 100.000000
25, 14, 34, 100.000000
25, 15, 0, 0.412434
25, 15, 1, -0.126290
25, 15, 2, -0.409161
25, 15, 3, -0.428442
25, 15, 4, -0.421652
25, 15, 5, -0.410532
25, 15, 6, -0.452834
25, 15, 7, -0.460193
25, 15, 8, -0.427598
25, 15, 9, -0.369365
25, 15, 10, -0.175329
25, 15, 11, 0.228384
25, 15, 12, 0.768548
25, 15, 13, 1.270355
25, 15, 14, 2.026746
25, 15, 15, 100.000000
25, 15, 16, 100.000000
25, 15, 17, 100.000000
25, 15, 18, 100.000000
25, 15, 19, 100.000000
25, 15, 20, 100.000000
25, 15, 21, 100.000000
25, 15, 22, 100.000000
25, 15, 23, 100.000000
25, 15, 24, 100.000000
25, 15, 25, 100.000000
25, 15, 26, 100.000000
25, 15, 27, 100.000000
25, 15, 28, 100.000000
25, 15, 29, 100.000000
25, 15, 30, 100.000000
25, 15, 31, 100.000000
25, 15, 32, 100.000000
25, 15, 33, 100.000000
25, 15, 34, 100.000000
25, 16, 0, 0.402041
25, 16, 1, -0.152954
25, 16, 2, -0.431531
25, 16, 3, -0.425273
25, 16, 4, -0.436413
25, 16, 5, -0.456255
25, 16, 6, -0.486922
25, 16, 7, -0.469197
25, 16, 8, -0.443319
25, 16, 9, -0.389145
25, 16, 10, -0.218575
25, 16, 11, 0.178580
25, 16, 12, 0.705730
25, 16, 13, 1.194669
25, 16, 14, 1.886190
25, 16, 15, 100.000000
25, 16, 16, 100.000000
25, 16, 17, 100.000000
25, 16, 18, 100.000000
25, 16, 19, 100.000000
25, 16, 20, 100.000000
25, 16, 21, 100.000000
25, 16, 22, 100.000000
25, 16, 23, 100.000000
25, 16, 24, 100.000000
25, 16, 25, 100.000000
25, 16, 26, 100.000000
25, 16, 27, 100.000000
25, 16, 28, 100.000000
25, 16, 29, 100.000000
25, 16, 30, 100.000000
25, 16, 31, 100.000000
25, 16, 32, 100.000000
25, 16, 33, 100.000000
25, 16, 34, 100.000000
25, 17, 0, 0.393615
25, 17, 1, -0.183365
25, 17, 2, -0.459489
25, 17, 3, -0.454345
25, 17, 4, -0.449883
25, 17, 5, -0.464946
25, 17, 6, -0.486192
25, 17, 7, -0.454727
25, 17, 8, -0.456802
25, 17, 9, -0.441493
25, 17, 10, -0.254373
25, 17, 11, 0.139668
25, 17, 12, 0.653489
25, 17, 13, 1.180650
25, 17, 14, 1.802348
25, 17, 15, 100.000000
25, 17, 16, 100.000000
25, 17, 17, 100.000000
25, 17, 18, 100.000000
25, 17, 19, 100.000000
25, 17, 20, 100.000000
25, 17, 21, 100.000000
25, 17, 22, 100.000000
25, 17, 23, 100.000000
25, 17, 24, 100.000000
25, 17, 25, 100.000000
25, 17, 26, 100.000000
25, 17, 27, 100.000000
25, 17, 28, 100.000000
25, 17, 29, 100.000000
25, 17, 30, 100.000000
25, 17, 31, 100.000000
25, 17, 32, 100.000000
25, 17, 33, 100.000000
25, 17, 34, 100.000000
25, 18, 0, 0.403948
25, 18, 1, -0.181263
25, 18, 2, -0.466329
25, 18, 3, -0.448767
25, 18, 4, -0.454723
25, 18, 5, -0.443432
25, 18, 6, -0.469453
25, 18, 7, -0.452394
25, 18, 8, -0.462954
25, 18, 9, -0.458997
25, 18, 10, -0.270942
25, 18, 11, 0.113039
25, 18, 12, 0.633021
25, 18, 13, 1.219509
25, 18, 14, 1.916044
25, 18, 15, 100.000000
25, 18, 16, 100.000000
25, 18, 17, 100.000000
25, 18, 18, 100.000000
25, 18, 19, 100.000000
25, 18, 20, 100.000000
25, 18, 21, 100.000000
25, 18, 22, 100.000000
25, 18, 23, 100.000000
25, 18, 24, 100.000000
25, 18, 25, 100.000000
25, 18, 26, 100.000000
25, 18, 27, 100.000000
25, 18, 28, 100.000000
25, 18, 29, 100.000000
25, 18, 30, 100.000000
25, 18, 31, 100.000000
25, 18, 32, 100.000000
25, 18, 33, 100.000000
25, 18, 34, 100.000000
25, 19, 0, 0.427156
25, 19, 1, -0.145488
25, 19, 2, -0.451782
25, 19, 3, -0.435321
25, 19, 4, -0.445059
25, 19, 5, -0.452700
25, 19, 6, -0.465875
25, 19, 7, -0.464134
25, 19, 8, -0.457871
25, 19, 9, -0.441075
25, 19, 10, -0.260784
25, 19, 11, 0.119933
25, 19, 12, 0.656259
25, 19, 13, 1.228821
25, 19, 14, 2.020333
25, 19, 15, 100.000000
25, 19, 16, 100.000000
25, 19, 17, 100.000000
25, 19, 18, 100.000000
25, 19, 19, 100.000000
25, 19, 20, 100.000000
25, 19, 21, 100.000000
25, 19, 22, 100.000000
25, 19, 23, 100.000000
25, 19, 24, 100.000000
25, 19, 25, 100.000000
25, 19, 26, 100.000000
25, 19, 27, 100.000000
25, 19, 28, 100.000000
25, 19, 29, 100.000000
25, 19, 30, 100.000000
25, 19, 31, 100.000000
25, 19, 32, 100.000000
25, 19, 33, 100.000000
25, 19, 34, 100.000000
25, 20, 0, 0.430029
25, 20, 1, -0.131681
25, 20, 2, -0.438786
25, 20, 3, -0.436120
25, 20, 4, -0.463223
25, 20, 5, -0.486916
25, 20, 6, -0.470714
25, 20, 7, -0.474187
25, 20, 8, -0.438454
25, 20, 9, -0.410443
25, 20, 10, -0.246955
25, 20, 11, 0.131554
25, 20, 12, 0.657299
25, 20, 13, 1.257339
25, 20, 14, 2.035943
25, 20, 15, 100.000000
25, 20, 16, 100.000000
25, 20, 17, 100.000000
25, 20, 18, 100.000000
25, 20, 19, 100.000000
25, 20, 20, 100.000000
25, 20, 21, 100.000000
25, 20, 22, 100.000000
25, 20, 23, 100.000000
25, 20, 24, 100.000000
25, 20, 25, 100.000000
25, 20, 26, 100.000000
25, 20, 27, 100.000000
25, 20, 28, 100.000000
25, 20, 29, 100.000000
25, 20, 30, 100.000000
25, 20, 31, 100.000000
25, 20, 32, 100.000000
25, 20, 33, 100.000000
25, 20, 34, 100.000000
25, 21, 0, 0.416478
25, 21, 1, -0.123748
25, 21, 2, -0.428527
25, 21, 3, -0.406322
25, 21, 4, -0.453382
25, 21, 5, -0.485275
25, 21, 6, -0.483851
25, 21, 7, -0.488685
25, 21, 8, -0.453974
25, 21, 9, -0.399903
25, 21, 10, -0.223503
25, 21, 11, 0.166600
25, 21, 12, 0.682995
25, 21, 13, 1.322483
25, 21, 14, 2.104635
25, 21, 15, 100.000000
25, 21, 16, 100.000000
25, 21, 17, 100.000000
25, 21, 18, 100.000000
25, 21, 19, 100.000000
25, 21, 20, 100.000000
25, 21, 21, 100.000000
25, 21, 22, 100.000000
25, 21, 23, 100.000000
25, 21, 24, 100.000000
25, 21, 25, 100.000000
25, 21, 26, 100.000000
25, 21, 27, 100.000000
25, 21, 28, 100.000000
25, 21, 29, 100.000000
25, 21, 30, 100.000000
25, 21, 31, 100.000000
25, 21, 32, 100.000000
25, 21, 33, 100.000000
25, 21, 34, 100.000000
25, 22, 0, 0.423114
25, 22, 1, -0.119205
25, 22, 2, -0.448412
25, 22, 3, -0.392470
25, 22, 4, -0.436136
25, 22, 5, -0.458108
25, 22, 6, -0.458907
25, 22, 7, -0.453730
25, 22, 8, -0.455489
25, 22, 9, -0.414085
25, 22, 10, -0.213927
25, 22, 11, 0.201706
25, 22, 12, 0.745603
25, 22, 13, 1.384331
25, 22, 14, 1.980402
25, 22, 15, 100.000000
25, 22, 16, 100.000000
25, 22, 17, 100.000000
25, 22, 18, 100.000000
25, 22, 19, 100.000000
25, 22, 20, 100.000000
25, 22, 21, 100.000000
25, 22, 22, 100.000000
25, 22, 23, 100.000000
25, 22, 24, 100.000000
25, 22, 25, 100.000000
25, 22, 26, 100.000000
25, 22, 27, 100.000000
25, 22, 28, 100.000000
25, 22, 29, 100.000000
25, 22, 30, 100.000000
25, 22, 31, 100.000000
25, 22, 32, 100.000000
25, 22, 33, 100.000000
25, 22, 34, 100.000000
25, 23, 0, 0.427348
25, 23, 1, -0.124342
25, 23, 2, -0.464076
25, 23, 3, -0.381301
25, 23, 4, -0.422238
25, 23, 5, -0.440648
25, 23, 6, -0.469554
25, 23, 7, -0.429579
25, 23, 8, -0.437438
25, 23, 9, -0.456292
25, 23, 10, -0.229159
25, 23, 11, 0.200468
25, 23, 12, 0.776207
25, 23, 13, 1.434778
25, 23, 14, 2.153277
25, 23, 15, 100.000000
25, 23, 16, 100.000000
25, 23, 17, 100.000000
25, 23, 18, 100.000000
25, 23, 19, 100.000000
25, 23, 20, 100.000000
25, 23, 21, 100.000000
25, 23, 22, 100.000000
25, 23, 23, 100.000000
25, 23, 24, 100.000000
25, 23, 25, 100.000000
25, 23, 26, 100.000000
25, 23, 27, 100.000000
25, 23, 28, 100.000000
25, 23, 29, 100.000000
25, 23, 30, 100.000000
25, 23, 31, 100.000000
25, 23, 32, 100.000000
25, 23, 33, 100.000000
25, 23, 34, 100.000000
25, 24, 0, 0.411150
25, 24, 1, -0.136134
25, 24, 2, -0.419685
25, 24, 3, -0.397687
25, 24, 4, -0.441810
25, 24, 5, -0.446917
25, 24, 6, -0.476682
25, 24, 7, -0.420056
25, 24, 8, -0.446993
25, 24, 9, -0.453879
25, 24, 10, -0.223747
25, 24, 11, 0.189472
25, 24, 12, 0.748385
25, 24, 13, 1.312460
25, 24, 14, 2.094250
25, 24, 15, 100.000000
25, 24, 16, 100.000000
25, 24, 17, 100.000000
25, 24, 18, 100.000000
25, 24, 19, 100.000000
25, 24, 20, 100.000000
25, 24, 21, 100.000000
25, 24, 22, 100.000000
25, 24, 23, 100.000000
25, 24, 24, 100.000000
25, 24, 25, 100.000000
25, 24, 26, 100.000000
25, 24, 27, 100.000000
25, 24, 28, 100.000000
25, 24, 29, 100.000000
25, 24, 30, 100.000000
25, 24, 31, 100.000000
25, 24, 32, 100.000000
25, 24, 33, 100.000000
25, 24, 34, 100.000000
25, 25, 0, 0.394819
25, 25, 1, -0.149692
25, 25, 2, -0.447081
25, 25, 3, -0.443807
25, 25, 4, -0.463074
25, 25, 5, -0.455195
25, 25, 6, -0.454355
25, 25, 7, -0.409397
25, 25, 8, -0.446788
25, 25, 9, -0.427147
25, 25, 10, -0.183923
25, 25, 11, 0.237660
25, 25, 12, 0.750967
25, 25, 13, 1.200409
25, 25, 14, 1.947710
25, 25, 15, 100.000000
25, 25, 16, 100.000000
25, 25, 17, 100.000000
25, 25, 18, 100.000000
25, 25, 19, 100.000000
25, 25, 20, 100.000000
25, 25, 21, 100.000000
25, 25, 22, 100.000000
25, 25, 23, 100.000000
25, 25, 24, 100.000000
25, 25, 25, 100.000000
25, 25, 26, 100.000000
25, 25, 27, 100.000000
25, 25, 28, 100.000000
25, 25, 29, 100.000000
25, 25, 30, 100.000000
25, 25, 31, 100.000000
25, 25, 32, 100.000000
25, 25, 33, 100.000000
25, 25, 34, 100.000000
25, 26, 0, 0.401382
25, 26, 1, -0.155895
25, 26, 2, -0.460571
25, 26, 3, -0.467547
25, 26, 4, -0.450721
25, 26, 5, -0.431462
25, 26, 6, -0.437824
25, 26, 7, -0.423693
25, 26, 8, -0.451493
25, 26, 9, -0.413844
25, 26, 10, -0.138714
25, 26, 11, 0.276962
25, 26, 12, 0.765109
25, 26, 13, 1.272200
25, 26, 14, 2.122925
25, 26, 15, 100.000000
25, 26, 16, 100.000000
25, 26, 17, 100.000000
25, 26, 18, 100.000000
25, 26, 19, 100.000000
25, 26, 20, 100.000000
25, 26, 21, 100.000000
25, 26, 22, 100.000000
25, 26, 23, 100.000000
25, 26, 24, 100.000000
25, 26, 25, 100.000000
25, 26, 26, 100.000000
25, 26, 27, 100.000000
25, 26, 28, 100.000000
25, 26, 29, 100.000000
25, 26, 30, 100.000000
25, 26, 31, 100.000000
25, 26, 32, 100.000000
25, 26, 33, 100.000000
25, 26, 34, 100.000000
25, 27, 0, 0.414441
25, 27, 1, -0.144232
25, 27, 2, -0.449145
25, 27, 3, -0.456020
25, 27, 4, -0.439876
25, 27, 5, -0.423909
25, 27, 6, -0.422643
25, 27, 7, -0.425383
25, 27, 8, -0.458273
25, 27, 9, -0.397825
25, 27, 10, -0.131623
25, 27, 11, 0.272676
25, 27, 12, 0.775664
25, 27, 13, 1.380467
25, 27, 14, 2.043569
25, 27, 15, 100.000000
25, 27, 16, 100.000000
25, 27, 17, 100.000000
25, 27, 18, 100.000000
25, 27, 19, 100.000000
25, 27, 20, 100.000000
25, 27, 21, 100.000000
25, 27, 22, 100.000000
25, 27, 23, 100.000000
25, 27, 24, 100.000000
25, 27, 25, 100.000000
25, 27, 26, 100.000000
25, 27, 27, 100.000000
25, 27, 28, 100.000000
25, 27, 29, 100.000000
25, 27, 30, 100.000000
25, 27, 31, 100.000000
25, 27, 32, 100.000000
25, 27, 33, 100.000000
25, 27, 34, 100.000000
25, 28, 0, 0.405806
25, 28, 1, -0.137113
25, 28, 2, -0.409518
25, 28, 3, -0.428983
25, 28, 4, -0.450102
25, 28, 5, -0.467543
25, 28, 6, -0.474767
25, 28, 7, -0.468106
25, 28, 8, -0.415281
25, 28, 9, -0.298563
25, 28, 10, -0.108157
25, 28, 11, 0.252956
25, 28, 12, 0.767228
25, 28, 13, 1.317554
25, 28, 14, 1.990818
25, 28, 15, 100.000000
25, 28, 16, 100.000000
25, 28, 17, 100.000000
25, 28, 18, 100.000000
25, 28, 19, 100.000000
25, 28, 20, 100.000000
25, 28, 21, 100.000000
25, 28, 22, 100.000000
25, 28, 23, 100.000000
25, 28, 24, 100.000000
25, 28, 25, 100.000000
25, 28, 26, 100.000000
25, 28, 27, 100.000000
25, 28, 28, 100.000000
25, 28, 29, 100.000000
25, 28, 30, 100.000000
25, 28, 31, 100.000000
25, 28, 32, 100.000000
25, 28, 33, 100.000000
25, 28, 34, 100.000000
25, 29, 0, 0.430283
25, 29, 1, 0.040747
25, 29, 2, -0.044533
25, 29, 3, -0.071965
25, 29, 4, -0.119309
25, 29, 5, -0.149008
25, 29, 6, -0.148590
25, 29, 7, -0.122391
25, 29, 8, -0.051902
25, 29, 9, 0.032628
25, 29, 10, 0.131699
25, 29, 11, 0.383735
25, 29, 12, 0.830906
25, 29, 13, 1.280643
25, 29, 14, 2.062854
25, 29, 15, 100.000000
25, 29, 16, 100.000000
25, 29, 17, 100.000000
25, 29, 18, 100.000000
25, 29, 19, 100.000000
25, 29, 20, 100.000000
25, 29, 21, 100.000000
25, 29, 22, 100.000000
25, 29, 23, 100.000000
25, 29, 24, 100.000000
25, 29, 25, 100.000000
25, 29, 26, 100.000000
25, 29, 27, 100.000000
25, 29, 28, 100.000000
25, 29, 29, 100.000000
25, 29, 30, 100.000000
25, 29, 31, 100.000000
25, 29, 32, 100.000000
25, 29, 33, 100.000000
25, 29, 34, 100.000000
26, 0, 0, 0.787401
26, 0, 1, 0.541683
26, 0, 2, 0.451422
26, 0, 3, 0.412380
26, 0, 4, 0.383678
26, 0, 5, 0.389843
26, 0, 6, 0.420968
26, 0, 7, 0.482077
26, 0, 8, 0.541552
26, 0, 9, 0.572684
26, 0, 10, 0.639211
26, 0, 11, 0.866966
26, 0, 12, 1.271055
26, 0, 13, 1.929402
26, 0, 14, 100.000000
26, 0, 15, 100.000000
26, 0, 16, 100.000000
26, 0, 17, 100.000000
26, 0, 18, 100.000000
26, 0, 19, 100.000000
26, 0, 20, 100.000000
26, 0, 21, 100.000000
26, 0, 22, 100.000000
26, 0, 23, 100.000000
26, 0, 24, 100.000000
26, 0, 25, 100.000000
26, 0, 26, 100.000000
26, 0, 27, 100.000000
26, 0, 28, 100.000000
26, 0, 29, 100.000000
26, 0, 30, 100.000000
26, 0, 31, 100.000000
26, 0, 32, 100.000000
26, 0, 33, 100.000000
26, 0, 34, 100.000000
26, 1, 0, 0.497238
26, 1, 1, 0.089241
26, 1, 2, -0.067142
26, 1, 3, -0.074566
26, 1, 4, -0.093555
26, 1, 5, -0.086178
26, 1, 6, -0.089347
26, 1, 7, -0.057425
26, 1, 8, 0.015725
26, 1, 9, 0.085522
26, 1, 10, 0.246889
26, 1, 11, 0.602887
26, 1, 12, 1.114967
26, 1, 13, 1.736455
26, 1, 14, 100.000000
26, 1, 15, 100.000000
26, 1, 16, 100.000000
26, 1, 17, 100.000000
26, 1, 18, 100.000000
26, 1, 19, 100.000000
26, 1, 20, 100.000000
26, 1, 21, 100.000000
26, 1, 22, 100.000000
26, 1, 23, 100.000000
26, 1, 24, 100.000000
26, 1, 25, 100.000000
26, 1, 26, 100.000000
26, 1, 27, 100.000000
26, 1, 28, 100.000000
26, 1, 29, 100.000000
26, 1, 30, 100.000000
26, 1, 31, 100.000000
26, 1, 32, 100.000000
26, 1, 33, 100.000000
26, 1, 34, 100.000000
26, 2, 0, 0.416978
26, 2, 1, -0.094034
26, 2, 2, -0.373367
26, 2, 3, -0.328620
26, 2, 4, -0.343814
26, 2, 5, -0.353747
26, 2, 6, -0.368850
26, 2, 7, -0.365129
26, 2, 8, -0.328994
26, 2, 9, -0.242309
26, 2, 10, 0.022833
26, 2, 11, 0.461574
26, 2, 12, 0.996213
26, 2, 13, 1.560686
26, 2, 14, 2.424032
26, 2, 15, 100.000000
26, 2, 16, 100.000000
26, 2, 17, 100.000000
26, 2, 18, 100.000000
26, 2, 19, 100.000000
26, 2, 20, 100.000000
26, 2, 21, 100.000000
26, 2, 22, 100.000000
26, 2, 23, 100.000000
26, 2, 24, 100.000000
26, 2, 25, 100.000000
26, 2, 26, 100.000000
26, 2, 27, 100.000000
26, 2, 28, 100.000000
26, 2, 29, 100.000000
26, 2, 30, 100.000000
26, 2, 31, 100.000000
26, 2, 32, 100.000000
26, 2, 33, 100.000000
26, 2, 34, 100.000000
26, 3, 0, 0.412831
26, 3, 1, -0.100404
26, 3, 2, -0.451781
26, 3, 3, -0.398737
26, 3, 4, -0.425633
26, 3, 5, -0.435316
26, 3, 6, -0.440097
26, 3, 7, -0.433004
26, 3, 8, -0.420191
26, 3, 9, -0.325757
26, 3, 10, -0.030899
26, 3, 11, 0.419421
26, 3, 12, 0.912842
26, 3, 13, 1.406066
26, 3, 14, 2.123832
26, 3, 15, 100.000000
26, 3, 16, 100.000000
26, 3, 17, 100.000000
26, 3, 18, 100.000000
26, 3, 19, 100.000000
26, 3, 20, 100.000000
26, 3, 21, 100.000000
26, 3, 22, 100.000000
26, 3, 23, 100.000000
26, 3, 24, 100.000000
26, 3, 25, 100.000000
26, 3, 26, 100.000000
26, 3, 27, 100.000000
26, 3, 28, 100.000000
26, 3, 29, 100.000000
26, 3, 30, 100.000000
26, 3, 31, 100.000000
26, 3, 32, 100.000000
26, 3, 33, 100.000000
26, 3, 34, 100.000000
26, 4, 0, 0.428357
26, 4, 1, -0.081114
26, 4, 2, -0.405757
26, 4, 3, -0.418241
26, 4, 4, -0.439420
26, 4, 5, -0.467080
26, 4, 6, -0.466165
26, 4, 7, -0.452092
26, 4, 8, -0.408568
26, 4, 9, -0.287400
26, 4, 10, -0.002902
26, 4, 11, 0.441009
26, 4, 12, 0.955326
26, 4, 13, 1.490794
26, 4, 14, 2.191716
26, 4, 15, 100.000000
26, 4, 16, 100.000000
26, 4, 17, 100.000000
26, 4, 18, 100.000000
26, 4, 19, 100.000000
26, 4, 20, 100.000000
26, 4, 21, 100.000000
26, 4, 22, 100.000000
26, 4, 23, 100.000000
26, 4, 24, 100.000000
26, 4, 25, 100.000000
26, 4, 26, 100.000000
26, 4, 27, 100.000000
26, 4, 28, 100.000000
26, 4, 29, 100.000000
26, 4, 30, 100.000000
26, 4, 31, 100.000000
26, 4, 32, 100.000000
26, 4, 33, 100.000000
26, 4, 34, 100.000000
26, 5, 0, 0.441813
26, 5, 1, -0.077966
26, 5, 2, -0.404851
26, 5, 3, -0.438413
26, 5, 4, -0.451865
26, 5, 5, -0.487464
26, 5, 6, -0.493358
26, 5, 7, -0.452689
26, 5, 8, -0.413952
26, 5, 9, -0.290046
26, 5, 10, 0.015211
26, 5, 11, 0.491491
26, 5, 12, 1.026402
26, 5, 13, 1.593217
26, 5, 14, 100.000000
26, 5, 15, 100.000000
26, 5, 16, 100.000000
26, 5, 17, 100.000000
26, 5, 18, 100.000000
26, 5, 19, 100.000000
26, 5, 20, 100.000000
26, 5, 21, 100.000000
26, 5, 22, 100.000000
26, 5, 23, 100.000000
26, 5, 24, 100.000000
26, 5, 25, 100.000000
26, 5, 26, 100.000000
26, 5, 27, 100.000000
26, 5, 28, 100.000000
26, 5, 29, 100.000000
26, 5, 30, 100.000000
26, 5, 31, 100.000000
26, 5, 32, 100.000000
26, 5, 33, 100.000000
26, 5, 34, 100.000000
26, 6, 0, 0.430321
26, 6, 1, -0.085324
26, 6, 2, -0.406738
26, 6, 3, -0.458784
26, 6, 4, -0.461866
26, 6, 5, -0.487580
26, 6, 6, -0.486785
26, 6, 7, -0.446259
26, 6, 8, -0.439752
26, 6, 9, -0.330719
26, 6, 10, 0.002230
26, 6, 11, 0.499034
26, 6, 12, 1.064998
26, 6, 13, 1.671300
26, 6, 14, 2.447163
26, 6, 15, 100.000000
26, 6, 16, 100.000000
26, 6, 17, 100.000000
26, 6, 18, 100.000000
26, 6, 19, 100.000000
26, 6, 20, 100.000000
26, 6, 21, 100.000000
26, 6, 22, 100.000000
26, 6, 23, 100.000000
26, 6, 24, 100.000000
26, 6, 25, 100.000000
26, 6, 26, 100.000000
26, 6, 27, 100.000000
26, 6, 28, 100.000000
26, 6, 29, 100.000000
26, 6, 30, 100.000000
26, 6, 31, 100.000000
26, 6, 32, 100.000000
26, 6, 33, 100.000000
26, 6, 34, 100.000000
26, 7, 0, 0.419499
26, 7, 1, -0.092729
26, 7, 2, -0.399691
26, 7, 3, -0.461758
26, 7, 4, -0.448738
26, 7, 5, -0.481746
26, 7, 6, -0.475581
26, 7, 7, -0.430465
26, 7, 8, -0.453960
26, 7, 9, -0.386344
26, 7, 10, -0.050237
26, 7, 11, 0.422837
26, 7, 12, 0.956007
26, 7, 13, 1.432363
26, 7, 14, 2.159052
26, 7, 15, 100.000000
26, 7, 16, 100.000000
26, 7, 17, 100.000000
26, 7, 18, 100.000000
26, 7, 19, 100.000000
26, 7, 20, 100.000000
26, 7, 21, 100.000000
26, 7, 22, 100.000000
26, 7, 23, 100.000000
26, 7, 24, 100.000000
26, 7, 25, 100.000000
26, 7, 26, 100.000000
26, 7, 27, 100.000000
26, 7, 28, 100.000000
26, 7, 29, 100.000000
26, 7, 30, 100.000000
26, 7, 31, 100.000000
26, 7, 32, 100.000000
26, 7, 33, 100.000000
26, 7, 34, 100.000000
26, 8, 0, 0.433996
26, 8, 1, -0.083803
26, 8, 2, -0.407305
26, 8, 3, -0.449875
26, 8, 4, -0.438840
26, 8, 5, -0.474861
26, 8, 6, -0.455202
26, 8, 7, -0.421434
26, 8, 8, -0.440672
26, 8, 9, -0.358785
26, 8, 10, -0.043830
26, 8, 11, 0.389582
26, 8, 12, 0.918936
26, 8, 13, 1.420199
26, 8, 14, 2.131857
26, 8, 15, 100.000000
26, 8, 16, 100.000000
26, 8, 17, 100.000000
26, 8, 18, 100.000000
26, 8, 19, 100.000000
26, 8, 20, 100.000000
26, 8, 21, 100.000000
26, 8, 22, 100.000000
26, 8, 23, 100.000000
26, 8, 24, 100.000000
26, 8, 25, 100.000000
26, 8, 26, 100.000000
26, 8, 27, 100.000000
26, 8, 28, 100.000000
26, 8, 29, 100.000000
26, 8, 30, 100.000000
26, 8, 31, 100.000000
26, 8, 32, 100.000000
26, 8, 33, 100.000000
26, 8, 34, 100.000000
26, 9, 0, 0.442661
26, 9, 1, -0.086084
26, 9, 2, -0.436704
26, 9, 3, -0.446867
26, 9, 4, -0.439592
26, 9, 5, -0.437408
26, 9, 6, -0.438854
26, 9, 7, -0.434493
26, 9, 8, -0.456158
26, 9, 9, -0.335436
26, 9, 10, -0.023273
26, 9, 11, 0.386426
26, 9, 12, 0.874219
26, 9, 13, 1.451019
26, 9, 14, 2.478619
26, 9, 15, 100.000000
26, 9, 16, 100.000000
26, 9, 17, 100.000000
26, 9, 18, 100.000000
26, 9, 19, 100.000000
26, 9, 20, 100.000000
26, 9, 21, 100.000000
26, 9, 22, 100.000000
26, 9, 23, 100.000000
26, 9, 24, 100.000000
26, 9, 25, 100.000000
26, 9, 26, 100.000000
26, 9, 27, 100.000000
26, 9, 28, 100.000000
26, 9, 29, 100.000000
26, 9, 30, 100.000000
26, 9, 31, 100.000000
26, 9, 32, 100.000000
26, 9, 33, 100.000000
26, 9, 34, 100.000000
26, 10, 0, 0.441746
26, 10, 1, -0.100400
26, 10, 2, -0.443565
26, 10, 3, -0.460184
26, 10, 4, -0.467476
26, 10, 5, -0.431489
26, 10, 6, -0.416604
26, 10, 7, -0.456392
26, 10, 8, -0.452543
26, 10, 9, -0.321340
26, 10, 10, -0.025097
26, 10, 11, 0.377846
26, 10, 12, 0.846844
26, 10, 13, 1.497630
26, 10, 14, 2.235566
26, 10, 15, 100.000000
26, 10, 16, 100.000000
26, 10, 17, 100.000000
26, 10, 18, 100.000000
26, 10, 19, 100.000000
26, 10, 20, 100.000000
26, 10, 21, 100.000000
26, 10, 22, 100.000000
26, 10, 23, 100.000000
26, 10, 24, 100.000000
26, 10, 25, 100.000000
26, 10, 26, 100.000000
26, 10, 27, 100.000000
26, 10, 28, 100.000000
26, 10, 29, 100.000000
26, 10, 30, 100.000000
26, 10, 31, 100.000000
26, 10, 32, 100.000000
26, 10, 33, 100.000000
26, 10, 34, 100.000000
26, 11, 0, 0.446911
26, 11, 1, -0.094931
26, 11, 2, -0.422390
26, 11, 3, -0.457487
26, 11, 4, -0.463651
26, 11, 5, -0.437327
26, 11, 6, -0.425243
26, 11, 7, -0.443447
26, 11, 8, -0.426397
26, 11, 9, -0.320468
26, 11, 10, -0.080350
26, 11, 11, 0.319659
26, 11, 12, 0.830962
26, 11, 13, 1.525671
26, 11, 14, 2.307803
26, 11, 15, 100.000000
26, 11, 16, 100.000000
26, 11, 17, 100.000000
26, 11, 18, 100.000000
26, 11, 19, 100.000000
26, 11, 20, 100.000000
26, 11, 21, 100.000000
26, 11, 22, 100.000000
26, 11, 23, 100.000000
26, 11, 24, 100.000000
26, 11, 25, 100.000000
26, 11, 26, 100.000000
26, 11, 27, 100.000000
26, 11, 28, 100.000000
26, 11, 29, 100.000000
26, 11, 30, 100.000000
26, 11, 31, 100.000000
26, 11, 32, 100.000000
26, 11, 33, 100.000000
26, 11, 34, 100.000000
26, 12, 0, 0.443379
26, 12, 1, -0.086163
26, 12, 2, -0.411505
26, 12, 3, -0.474737
26, 12, 4, -0.473811
26, 12, 5, -0.421301
26, 12, 6, -0.449470
26, 12, 7, -0.459033
26, 12, 8, -0.423009
26, 12, 9, -0.327872
26, 12, 10, -0.109667
26, 12, 11, 0.286195
26, 12, 12, 0.848485
26, 12, 13, 1.559096
26, 12, 14, 2.484920
26, 12, 15, 100.000000
26, 12, 16, 100.000000
26, 12, 17, 100.000000
26, 12, 18, 100.000000
26, 12, 19, 100.000000
26, 12, 20, 100.000000
26, 12, 21, 100.000000
26, 12, 22, 100.000000
26, 12, 23, 100.000000
26, 12, 24, 100.000000
26, 12, 25, 100.000000
26, 12, 26, 100.000000
26, 12, 27, 100.000000
26, 12, 28, 100.000000
26, 12, 29, 100.000000
26, 12, 30, 100.000000
26, 12, 31, 100.000000
26, 12, 32, 100.000000
26, 12, 33, 100.000000
26, 12, 34, 100.000000
26, 13, 0, 0.440148
26, 13, 1, -0.100219
26, 13, 2, -0.435774
26, 13, 3, -0.486872
26, 13, 4, -0.474796
26, 13, 5, -0.421865
26, 13, 6, -0.460170
26, 13, 7, -0.475764
26, 13, 8, -0.441139
26, 13, 9, -0.362241
26, 13, 10, -0.147140
26, 13, 11, 0.277280
26, 13, 12, 0.842023
26, 13, 13, 1.452772
26, 13, 14, 2.345318
26, 13, 15, 100.000000
26, 13, 16, 100.000000
26, 13, 17, 100.000000
26, 13, 18, 100.000000
26, 13, 19, 100.000000
26, 13, 20, 100.000000
26, 13, 21, 100.000000
26, 13, 22, 100.000000
26, 13, 23, 100.000000
26, 13, 24, 100.000000
26, 13, 25, 100.000000
26, 13, 26, 100.000000
26, 13, 27, 100.000000
26, 13, 28, 100.000000
26, 13, 29, 100.000000
26, 13, 30, 100.000000
26, 13, 31, 100.000000
26, 13, 32, 100.000000
26, 13, 33, 100.000000
26, 13, 34, 100.000000
26, 14, 0, 0.424889
26, 14, 1, -0.125644
26, 14, 2, -0.450943
26, 14, 3, -0.443500
26, 14, 4, -0.425265
26, 14, 5, -0.417587
26, 14, 6, -0.467104
26, 14, 7, -0.455777
26, 14, 8, -0.390951
26, 14, 9, -0.343266
26, 14, 10, -0.166836
26, 14, 11, 0.250389
26, 14, 12, 0.820416
26, 14, 13, 1.455694
26, 14, 14, 2.393686
26, 14, 15, 100.000000
26, 14, 16, 100.000000
26, 14, 17, 100.000000
26, 14, 18, 100.000000
26, 14, 19, 100.000000
26, 14, 20, 100.000000
26, 14, 21, 100.000000
26, 14, 22, 100.000000
26, 14, 23, 100.000000
26, 14, 24, 100.000000
26, 14, 25, 100.000000
26, 14, 26, 100.000000
26, 14, 27, 100.000000
26, 14, 28, 100.000000
26, 14, 29, 100.000000
26, 14, 30, 100.000000
26, 14, 31, 100.000000
26, 14, 32, 100.000000
26, 14, 33, 100.000000
26, 14, 34, 100.000000
26, 15, 0, 0.422901
26, 15, 1, -0.130923
26, 15, 2, -0.433532
26, 15, 3, -0.436694
26, 15, 4, -0.419885
26, 15, 5, -0.424699
26, 15, 6, -0.450721
26, 15, 7, -0.455925
26, 15, 8, -0.389078
26, 15, 9, -0.359554
26, 15, 10, -0.207923
26, 15, 11, 0.206137
26, 15, 12, 0.800041
26, 15, 13, 1.453563
26, 15, 14, 2.364956
26, 15, 15, 100.000000
26, 15, 16, 100.000000
26, 15, 17, 100.000000
26, 15, 18, 100.000000
26, 15, 19, 100.000000
26, 15, 20, 100.000000
26, 15, 21, 100.000000
26, 15, 22, 100.000000
26, 15, 23, 100.000000
26, 15, 24, 100.000000
26, 15, 25, 100.000000
26, 15, 26, 100.000000
26, 15, 27, 100.000000
26, 15, 28, 100.000000
26, 15, 29, 100.000000
26, 15, 30, 100.000000
26, 15, 31, 100.000000
26, 15, 32, 100.000000
26, 15, 33, 100.000000
26, 15, 34, 100.000000
26, 16, 0, 0.420389
26, 16, 1, -0.144221
26, 16, 2, -0.431766
26, 16, 3, -0.427775
26, 16, 4, -0.457273
26, 16, 5, -0.486083
26, 16, 6, -0.469132
26, 16, 7, -0.458284
26, 16, 8, -0.429803
26, 16, 9, -0.382475
26, 16, 10, -0.236716
26, 16, 11, 0.163211
26, 16, 12, 0.747509
26, 16, 13, 1.399701
26, 16, 14, 2.108922
26, 16, 15, 100.000000
26, 16, 16, 100.000000
26, 16, 17, 100.000000
26, 16, 18, 100.000000
26, 16, 19, 100.000000
26, 16, 20, 100.000000
26, 16, 21, 100.000000
26, 16, 22, 100.000000
26, 16, 23, 100.000000
26, 16, 24, 100.000000
26, 16, 25, 100.000000
26, 16, 26, 100.000000
26, 16, 27, 100.000000
26, 16, 28, 100.000000
26, 16, 29, 100.000000
26, 16, 30, 100.000000
26, 16, 31, 100.000000
26, 16, 32, 100.000000
26, 16, 33, 100.000000
26, 16, 34, 100.000000
26, 17, 0, 0.401809
26, 17, 1, -0.177899
26, 17, 2, -0.438584
26, 17, 3, -0.436035
26, 17, 4, -0.456691
26, 17, 5, -0.460092
26, 17, 6, -0.473030
26, 17, 7, -0.451410
26, 17, 8, -0.457974
26, 17, 9, -0.433927
26, 17, 10, -0.262105
26, 17, 11, 0.118906
26, 17, 12, 0.686252
26, 17, 13, 1.318408
26, 17, 14, 2.006575
26, 17, 15, 100.000000
26, 17, 16, 100.000000
26, 17, 17, 100.000000
26, 17, 18, 100.000000
26, 17, 19, 100.000000
26, 17, 20, 100.000000
26, 17, 21, 100.000000
26, 17, 22, 100.000000
26, 17, 23, 100.000000
26, 17, 24, 100.000000
26, 17, 25, 100.000000
26, 17, 26, 100.000000
26, 17, 27, 100.000000
26, 17, 28, 100.000000
26, 17, 29, 100.000000
26, 17, 30, 100.000000
26, 17, 31, 100.000000
26, 17, 32, 100.000000
26, 17, 33, 100.000000
26, 17, 34, 100.000000
26, 18, 0, 0.392304
26, 18, 1, -0.192762
26, 18, 2, -0.445281
26, 18, 3, -0.439923
26, 18, 4, -0.446816
26, 18, 5, -0.458935
26, 18, 6, -0.483104
26, 18, 7, -0.446779
26, 18, 8, -0.471166
26, 18, 9, -0.470314
26, 18, 10, -0.254146
26, 18, 11, 0.130027
26, 18, 12, 0.679193
26, 18, 13, 1.323700
26, 18, 14, 1.936725
26, 18, 15, 100.000000
26, 18, 16, 100.000000
26, 18, 17, 100.000000
26, 18, 18, 100.000000
26, 18, 19, 100.000000
26, 18, 20, 100.000000
26, 18, 21, 100.000000
26, 18, 22, 100.000000
26, 18, 23, 100.000000
26, 18, 24, 100.000000
26, 18, 25, 100.000000
26, 18, 26, 100.000000
26, 18, 27, 100.000000
26, 18, 28, 100.000000
26, 18, 29, 100.000000
26, 18, 30, 100.000000
26, 18, 31, 100.000000
26, 18, 32, 100.000000
26, 18, 33, 100.000000
26, 18, 34, 100.000000
26, 19, 0, 0.399344
26, 19, 1, -0.164051
26, 19, 2, -0.423101
26, 19, 3, -0.429049
26, 19, 4, -0.449234
26, 19, 5, -0.473400
26, 19, 6, -0.486253
26, 19, 7, -0.459835
26, 19, 8, -0.454962
26, 19, 9, -0.435749
26, 19, 10, -0.237230
26, 19, 11, 0.148875
26, 19, 12, 0.675432
26, 19, 13, 1.289851
26, 19, 14, 1.982881
26, 19, 15, 100.000000
26, 19, 16, 100.000000
26, 19, 17, 100.000000
26, 19, 18, 100.000000
26, 19, 19, 100.000000
26, 19, 20, 100.000000
26, 19, 21, 100.000000
26, 19, 22, 100.000000
26, 19, 23, 100.000000
26, 19, 24, 100.000000
26, 19, 25, 100.000000
26, 19, 26, 100.000000
26, 19, 27, 100.000000
26, 19, 28, 100.000000
26, 19, 29, 100.000000
26, 19, 30, 100.000000
26, 19, 31, 100.000000
26, 19, 32, 100.000000
26, 19, 33, 100.000000
26, 19, 34, 100.000000
26, 20, 0, 0.402092
26, 20, 1, -0.142193
26, 20, 2, -0.421740
26, 20, 3, -0.424276
26, 20, 4, -0.455441
26, 20, 5, -0.475227
26, 20, 6, -0.476860
26, 20, 7, -0.481315
26, 20, 8, -0.445801
26, 20, 9, -0.418724
26, 20, 10, -0.253206
26, 20, 11, 0.133151
26, 20, 12, 0.665616
26, 20, 13, 1.310397
26, 20, 14, 1.851788
26, 20, 15, 100.000000
26, 20, 16, 100.000000
26, 20, 17, 100.000000
26, 20, 18, 100.000000
26, 20, 19, 100.000000
26, 20, 20, 100.000000
26, 20, 21, 100.000000
26, 20, 22, 100.000000
26, 20, 23, 100.000000
26, 20, 24, 100.000000
26, 20, 25, 100.000000
26, 20, 26, 100.000000
26, 20, 27, 100.000000
26, 20, 28, 100.000000
26, 20, 29, 100.000000
26, 20, 30, 100.000000
26, 20, 31, 100.000000
26, 20, 32, 100.000000
26, 20, 33, 100.000000
26, 20, 34, 100.000000
26, 21, 0, 0.407988
26, 21, 1, -0.140192
26, 21, 2, -0.437985
26, 21, 3, -0.411957
26, 21, 4, -0.443480
26, 21, 5, -0.466681
26, 21, 6, -0.472274
26, 21, 7, -0.472479
26, 21, 8, -0.438317
26, 21, 9, -0.400423
26, 21, 10, -0.251992
26, 21, 11, 0.138697
26, 21, 12, 0.667959
26, 21, 13, 1.324084
26, 21, 14, 1.970283
26, 21, 15, 100.000000
26, 21, 16, 100.000000
26, 21, 17, 100.000000
26, 21, 18, 100.000000
26, 21, 19, 100.000000
26, 21, 20, 100.000000
26, 21, 21, 100.000000
26, 21, 22, 100.000000
26, 21, 23, 100.000000
26, 21, 24, 100.000000
26, 21, 25, 100.000000
26, 21, 26, 100.000000
26, 21, 27, 100.000000
26, 21, 28, 100.000000
26, 21, 29, 100.000000
26, 21, 30, 100.000000
26, 21, 31, 100.000000
26, 21, 32, 100.000000
26, 21, 33, 100.000000
26, 21, 34, 100.000000
26, 22, 0, 0.416517
26, 22, 1, -0.142542
26, 22, 2, -0.458212
26, 22, 3, -0.403437
26, 22, 4, -0.435617
26, 22, 5, -0.445339
26, 22, 6, -0.453294
26, 22, 7, -0.450752
26, 22, 8, -0.435099
26, 22, 9, -0.377996
26, 22, 10, -0.213834
26, 22, 11, 0.181067
26, 22, 12, 0.715402
26, 22, 13, 1.380013
26, 22, 14, 2.162768
26, 22, 15, 100.000000
26, 22, 16, 100.000000
26, 22, 17, 100.000000
26, 22, 18, 100.000000
26, 22, 19, 100.000000
26, 22, 20, 100.000000
26, 22, 21, 100.000000
26, 22, 22, 100.000000
26, 22, 23, 100.000000
26, 22, 24, 100.000000
26, 22, 25, 100.000000
26, 22, 26, 100.000000
26, 22, 27, 100.000000
26, 22, 28, 100.000000
26, 22, 29, 100.000000
26, 22, 30, 100.000000
26, 22, 31, 100.000000
26, 22, 32, 100.000000
26, 22, 33, 100.000000
26, 22, 34, 100.000000
26, 23, 0, 0.403938
26, 23, 1, -0.154891
26, 23, 2, -0.466965
26, 23, 3, -0.398131
26, 23, 4, -0.422795
26, 23, 5, -0.421462
26, 23, 6, -0.425786
26, 23, 7, -0.406577
26, 23, 8, -0.444671
26, 23, 9, -0.420558
26, 23, 10, -0.186997
26, 23, 11, 0.225757
26, 23, 12, 0.782125
26, 23, 13, 1.383330
26, 23, 14, 2.292170
26, 23, 15, 100.000000
26, 23, 16, 100.000000
26, 23, 17, 100.000000
26, 23, 18, 100.000000
26, 23, 19, 100.000000
26, 23, 20, 100.000000
26, 23, 21, 100.000000
26, 23, 22, 100.000000
26, 23, 23, 100.000000
26, 23, 24, 100.000000
26, 23, 25, 100.000000
26, 23, 26, 100.000000
26, 23, 27, 100.000000
26, 23, 28, 100.000000
26, 23, 29, 100.000000
26, 23, 30, 100.000000
26, 23, 31, 100.000000
26, 23, 32, 100.000000
26, 23, 33, 100.000000
26, 23, 34, 100.000000
26, 24, 0, 0.383637
26, 24, 1, -0.166634
26, 24, 2, -0.428036
26, 24, 3, -0.398285
26, 24, 4, -0.450826
26, 24, 5, -0.436413
26, 24, 6, -0.446693
26, 24, 7, -0.404190
26, 24, 8, -0.444220
26, 24, 9, -0.421558
26, 24, 10, -0.176344
26, 24, 11, 0.241262
26, 24, 12, 0.756153
26, 24, 13, 1.287417
26, 24, 14, 1.971617
26, 24, 15, 100.000000
26, 24, 16, 100.000000
26, 24, 17, 100.000000
26, 24, 18, 100.000000
26, 24, 19, 100.000000
26, 24, 20, 100.000000
26, 24, 21, 100.000000
26, 24, 22, 100.000000
26, 24, 23, 100.000000
26, 24, 24, 100.000000
26, 24, 25, 100.000000
26, 24, 26, 100.000000
26, 24, 27, 100.000000
26, 24, 28, 100.000000
26, 24, 29, 100.000000
26, 24, 30, 100.000000
26, 24, 31, 100.000000
26, 24, 32, 100.000000
26, 24, 33, 100.000000
26, 24, 34, 100.000000
26, 25, 0, 0.378656
26, 25, 1, -0.175194
26, 25, 2, -0.461026
26, 25, 3, -0.451926
26, 25, 4, -0.455575
26, 25, 5, -0.419672
26, 25, 6, -0.433811
26, 25, 7, -0.417647
26, 25, 8, -0.467569
26, 25, 9, -0.419445
26, 25, 10, -0.163619
26, 25, 11, 0.258129
26, 25, 12, 0.715943
26, 25, 13, 1.182444
26, 25, 14, 1.829262
26, 25, 15, 100.000000
26, 25, 16, 100.000000
26, 25, 17, 100.000000
26, 25, 18, 100.000000
26, 25, 19, 100.000000
26, 25, 20, 100.000000
26, 25, 21, 100.000000
26, 25, 22, 100.000000
26, 25, 23, 100.000000
26, 25, 24, 100.000000
26, 25, 25, 100.000000
26, 25, 26, 100.000000
26, 25, 27, 100.000000
26, 25, 28, 100.000000
26, 25, 29, 100.000000
26, 25, 30, 100.000000
26, 25, 31, 100.000000
26, 25, 32, 100.000000
26, 25, 33, 100.000000
26, 25, 34, 100.000000
26, 26, 0, 0.397053
26, 26, 1, -0.180946
26, 26, 2, -0.492589
26, 26, 3, -0.481793
26, 26, 4, -0.449328
26, 26, 5, -0.410921
26, 26, 6, -0.431499
26, 26, 7, -0.431828
26, 26, 8, -0.460818
26, 26, 9, -0.402761
26, 26, 10, -0.123082
26, 26, 11, 0.271796
26, 26, 12, 0.715513
26, 26, 13, 1.239162
26, 26, 14, 1.859357
26, 26, 15, 100.000000
26, 26, 16, 100.000000
26, 26, 17, 100.000000
26, 26, 18, 100.000000
26, 26, 19, 100.000000
26, 26, 20, 100.000000
26, 26, 21, 100.000000
26, 26, 22, 100.000000
26, 26, 23, 100.000000
26, 26, 24, 100.000000
26, 26, 25, 100.000000
26, 26, 26, 100.000000
26, 26, 27, 100.000000
26, 26, 28, 100.000000
26, 26, 29, 100.000000
26, 26, 30, 100.000000
26, 26, 31, 100.000000
26, 26, 32, 100.000000
26, 26, 33, 100.000000
26, 26, 34, 100.000000
26, 27, 0, 0.412052
26, 27, 1, -0.167463
26, 27, 2, -0.480480
26, 27, 3, -0.477605
26, 27, 4, -0.453865
26, 27, 5, -0.416174
26, 27, 6, -0.400886
26, 27, 7, -0.418168
26, 27, 8, -0.450403
26, 27, 9, -0.377583
26, 27, 10, -0.118146
26, 27, 11, 0.263070
26, 27, 12, 0.738912
26, 27, 13, 1.231540
26, 27, 14, 1.860529
26, 27, 15, 100.000000
26, 27, 16, 100.000000
26, 27, 17, 100.000000
26, 27, 18, 100.000000
26, 27, 19, 100.000000
26, 27, 20, 100.000000
26, 27, 21, 100.000000
26, 27, 22, 100.000000
26, 27, 23, 100.000000
26, 27, 24, 100.000000
26, 27, 25, 100.000000
26, 27, 26, 100.000000
26, 27, 27, 100.000000
26, 27, 28, 100.000000
26, 27, 29, 100.000000
26, 27, 30, 100.000000
26, 27, 31, 100.000000
26, 27, 32, 100.000000
26, 27, 33, 100.000000
26, 27, 34, 100.000000
26, 28, 0, 0.405994
26, 28, 1, -0.158315
26, 28, 2, -0.401866
26, 28, 3, -0.413245
26, 28, 4, -0.417402
26, 28, 5, -0.471083
26, 28, 6, -0.464335
26, 28, 7, -0.486381
26, 28, 8, -0.430166
26, 28, 9, -0.305888
26, 28, 10, -0.112936
26, 28, 11, 0.242081
26, 28, 12, 0.751893
26, 28, 13, 1.188110
26, 28, 14, 1.782405
26, 28, 15, 100.000000
26, 28, 16, 100.000000
26, 28, 17, 100.000000
26, 28, 18, 100.000000
26, 28, 19, 100.000000
26, 28, 20, 100.000000
26, 28, 21, 100.000000
26, 28, 22, 100.000000
26, 28, 23, 100.000000
26, 28, 24, 100.000000
26, 28, 25, 100.000000
26, 28, 26, 100.000000
26, 28, 27, 100.000000
26, 28, 28, 100.000000
26, 28, 29, 100.000000
26, 28, 30, 100.000000
26, 28, 31, 100.000000
26, 28, 32, 100.000000
26, 28, 33, 100.000000
26, 28, 34, 100.000000
26, 29, 0, 0.432386
26, 29, 1, 0.024636
26, 29, 2, -0.053377
26, 29, 3, -0.071443
26, 29, 4, -0.095037
26, 29, 5, -0.122290
26, 29, 6, -0.134590
26, 29, 7, -0.122736
26, 29, 8, -0.065056
26, 29, 9, 0.007460
26, 29, 10, 0.088992
26, 29, 11, 0.362738
26, 29, 12, 0.818774
26, 29, 13, 1.198981
26, 29, 14, 1.823138
26, 29, 15, 100.000000
26, 29, 16, 100.000000
26, 29, 17, 100.000000
26, 29, 18, 100.000000
26, 29, 19, 100.000000
26, 29, 20, 100.000000
26, 29, 21, 100.000000
26, 29, 22, 100.000000
26, 29, 23, 100.000000
26, 29, 24, 100.000000
26, 29, 25, 100.000000
26, 29, 26, 100.000000
26, 29, 27, 100.000000
26, 29, 28, 100.000000
26, 29, 29, 100.000000
26, 29, 30, 100.000000
26, 29, 31, 100.000000
26, 29, 32, 100.000000
26, 29, 33, 100.000000
26, 29, 34, 100.000000
27, 0, 0, 0.759339
27, 0, 1, 0.513224
27, 0, 2, 0.437521
27, 0, 3, 0.429247
27, 0, 4, 0.416770
27, 0, 5, 0.409837
27, 0, 6, 0.420228
27, 0, 7, 0.478290
27, 0, 8, 0.537014
27, 0, 9, 0.571067
27, 0, 10, 0.625840
27, 0, 11, 0.830347
27, 0, 12, 1.242845
27, 0, 13, 1.873838
27, 0, 14, 100.000000
27, 0, 15, 100.000000
27, 0, 16, 100.000000
27, 0, 17, 100.000000
27, 0, 18, 100.000000
27, 0, 19, 100.000000
27, 0, 20, 100.000000
27, 0, 21, 100.000000
27, 0, 22, 100.000000
27, 0, 23, 100.000000
27, 0, 24, 100.000000
27, 0, 25, 100.000000
27, 0, 26, 100.000000
27, 0, 27, 100.000000
27, 0, 28, 100.000000
27, 0, 29, 100.000000
27, 0, 30, 100.000000
27, 0, 31, 100.000000
27, 0, 32, 100.000000
27, 0, 33, 100.000000
27, 0, 34, 100.000000
27, 1, 0, 0.494712
27, 1, 1, 0.086368
27, 1, 2, -0.077930
27, 1, 3, -0.090233
27, 1, 4, -0.103478
27, 1, 5, -0.109975
27, 1, 6, -0.102215
27, 1, 7, -0.034543
27, 1, 8, 0.048368
27, 1, 9, 0.119184
27, 1, 10, 0.271989
27, 1, 11, 0.605547
27, 1, 12, 1.095289
27, 1, 13, 1.709470
27, 1, 14, 100.000000
27, 1, 15, 100.000000
27, 1, 16, 100.000000
27, 1, 17, 100.000000
27, 1, 18, 100.000000
27, 1, 19, 100.000000
27, 1, 20, 100.000000
27, 1, 21, 100.000000
27, 1, 22, 100.000000
27, 1, 23, 100.000000
27, 1, 24, 100.000000
27, 1, 25, 100.000000
27, 1, 26, 100.000000
27, 1, 27, 100.000000
27, 1, 28, 100.000000
27, 1, 29, 100.000000
27, 1, 30, 100.000000
27, 1, 31, 100.000000
27, 1, 32, 100.000000
27, 1, 33, 100.000000
27, 1, 34, 100.000000
27, 2, 0, 0.420751
27, 2, 1, -0.090171
27, 2, 2, -0.389791
27, 2, 3, -0.365629
27, 2, 4, -0.384790
27, 2, 5, -0.398795
27, 2, 6, -0.394531
27, 2, 7, -0.360741
27, 2, 8, -0.303188
27, 2, 9, -0.193827
27, 2, 10, 0.080310
27, 2, 11, 0.475550
27, 2, 12, 1.011469
27, 2, 13, 1.587871
27, 2, 14, 2.343207
27, 2, 15, 100.000000
27, 2, 16, 100.000000
27, 2, 17, 100.000000
27, 2, 18, 100.000000
27, 2, 19, 100.000000
27, 2, 20, 100.000000
27, 2, 21, 100.000000
27, 2, 22, 100.000000
27, 2, 23, 100.000000
27, 2, 24, 100.000000
27, 2, 25, 100.000000
27, 2, 26, 100.000000
27, 2, 27, 100.000000
27, 2, 28, 100.000000
27, 2, 29, 100.000000
27, 2, 30, 100.000000
27, 2, 31, 100.000000
27, 2, 32, 100.000000
27, 2, 33, 100.000000
27, 2, 34, 100.000000
27, 3, 0, 0.418041
27, 3, 1, -0.102835
27, 3, 2, -0.460499
27, 3, 3, -0.425571
27, 3, 4, -0.468417
27, 3, 5, -0.473126
27, 3, 6, -0.460109
27, 3, 7, -0.445518
27, 3, 8, -0.447225
27, 3, 9, -0.315499
27, 3, 10, -0.013229
27, 3, 11, 0.410804
27, 3, 12, 0.890591
27, 3, 13, 1.402079
27, 3, 14, 2.036535
27, 3, 15, 100.000000
27, 3, 16, 100.000000
27, 3, 17, 100.000000
27, 3, 18, 100.000000
27, 3, 19, 100.000000
27, 3, 20, 100.000000
27, 3, 21, 100.000000
27, 3, 22, 100.000000
27, 3, 23, 100.000000
27, 3, 24, 100.000000
27, 3, 25, 100.000000
27, 3, 26, 100.000000
27, 3, 27, 100.000000
27, 3, 28, 100.000000
27, 3, 29, 100.000000
27, 3, 30, 100.000000
27, 3, 31, 100.000000
27, 3, 32, 100.000000
27, 3, 33, 100.000000
27, 3, 34, 100.000000
27, 4, 0, 0.435888
27, 4, 1, -0.080745
27, 4, 2, -0.427192
27, 4, 3, -0.432182
27, 4, 4, -0.456791
27, 4, 5, -0.480175
27, 4, 6, -0.479095
27, 4, 7, -0.467264
27, 4, 8, -0.445348
27, 4, 9, -0.311106
27, 4, 10, -0.017090
27, 4, 11, 0.416072
27, 4, 12, 0.918002
27, 4, 13, 1.402932
27, 4, 14, 2.106557
27, 4, 15, 100.000000
27, 4, 16, 100.000000
27, 4, 17, 100.000000
27, 4, 18, 100.000000
27, 4, 19, 100.000000
27, 4, 20, 100.000000
27, 4, 21, 100.000000
27, 4, 22, 100.000000
27, 4, 23, 100.000000
27, 4, 24, 100.000000
27, 4, 25, 100.000000
27, 4, 26, 100.000000
27, 4, 27, 100.000000
27, 4, 28, 100.000000
27, 4, 29, 100.000000
27, 4, 30, 100.000000
27, 4, 31, 100.000000
27, 4, 32, 100.000000
27, 4, 33, 100.000000
27, 4, 34, 100.000000
27, 5, 0, 0.446479
27, 5, 1, -0.067762
27, 5, 2, -0.418303
27, 5, 3, -0.451037
27, 5, 4, -0.457081
27, 5, 5, -0.484371
27, 5, 6, -0.485902
27, 5, 7, -0.468039
27, 5, 8, -0.436584
27, 5, 9, -0.304204
27, 5, 10, 0.021799
27, 5, 11, 0.489754
27, 5, 12, 1.022139
27, 5, 13, 1.645701
27, 5, 14, 100.000000
27, 5, 15, 100.000000
27, 5, 16, 100.000000
27, 5, 17, 100.000000
27, 5, 18, 100.000000
27, 5, 19, 100.000000
27, 5, 20, 100.000000
27, 5, 21, 100.000000
27, 5, 22, 100.000000
27, 5, 23, 100.000000
27, 5, 24, 100.000000
27, 5, 25, 100.000000
27, 5, 26, 100.000000
27, 5, 27, 100.000000
27, 5, 28, 100.000000
27, 5, 29, 100.000000
27, 5, 30, 100.000000
27, 5, 31, 100.000000
27, 5, 32, 100.000000
27, 5, 33, 100.000000
27, 5, 34, 100.000000
27, 6, 0, 0.437943
27, 6, 1, -0.078773
27, 6, 2, -0.404176
27, 6, 3, -0.463458
27, 6, 4, -0.446353
27, 6, 5, -0.491586
27, 6, 6, -0.484226
27, 6, 7, -0.464101
27, 6, 8, -0.435636
27, 6, 9, -0.323334
27, 6, 10, 0.011325
27, 6, 11, 0.495506
27, 6, 12, 1.064200
27, 6, 13, 1.696999
27, 6, 14, 100.000000
27, 6, 15, 100.000000
27, 6, 16, 100.000000
27, 6, 17, 100.000000
27, 6, 18, 100.000000
27, 6, 19, 100.000000
27, 6, 20, 100.000000
27, 6, 21, 100.000000
27, 6, 22, 100.000000
27, 6, 23, 100.000000
27, 6, 24, 100.000000
27, 6, 25, 100.000000
27, 6, 26, 100.000000
27, 6, 27, 100.000000
27, 6, 28, 100.000000
27, 6, 29, 100.000000
27, 6, 30, 100.000000
27, 6, 31, 100.000000
27, 6, 32, 100.000000
27, 6, 33, 100.000000
27, 6, 34, 100.000000
27, 7, 0, 0.427840
27, 7, 1, -0.092993
27, 7, 2, -0.408972
27, 7, 3, -0.457602
27, 7, 4, -0.433828
27, 7, 5, -0.477607
27, 7, 6, -0.481425
27, 7, 7, -0.454896
27, 7, 8, -0.431486
27, 7, 9, -0.349664
27, 7, 10, -0.038624
27, 7, 11, 0.421050
27, 7, 12, 0.994674
27, 7, 13, 1.524389
27, 7, 14, 100.000000
27, 7, 15, 100.000000
27, 7, 16, 100.000000
27, 7, 17, 100.000000
27, 7, 18, 100.000000
27, 7, 19, 100.000000
27, 7, 20, 100.000000
27, 7, 21, 100.000000
27, 7, 22, 100.000000
27, 7, 23, 100.000000
27, 7, 24, 100.000000
27, 7, 25, 100.000000
27, 7, 26, 100.000000
27, 7, 27, 100.000000
27, 7, 28, 100.000000
27, 7, 29, 100.000000
27, 7, 30, 100.000000
27, 7, 31, 100.000000
27, 7, 32, 100.000000
27, 7, 33, 100.000000
27, 7, 34, 100.000000
27, 8, 0, 0.442425
27, 8, 1, -0.094681
27, 8, 2, -0.426414
27, 8, 3, -0.432954
27, 8, 4, -0.426019
27, 8, 5, -0.473080
27, 8, 6, -0.459747
27, 8, 7, -0.437293
27, 8, 8, -0.415507
27, 8, 9, -0.341070
27, 8, 10, -0.055306
27, 8, 11, 0.366461
27, 8, 12, 0.918967
27, 8, 13, 1.467367
27, 8, 14, 2.475303
27, 8, 15, 100.000000
27, 8, 16, 100.000000
27, 8, 17, 100.000000
27, 8, 18, 100.000000
27, 8, 19, 100.000000
27, 8, 20, 100.000000
27, 8, 21, 100.000000
27, 8, 22, 100.000000
27, 8, 23, 100.000000
27, 8, 24, 100.000000
27, 8, 25, 100.000000
27, 8, 26, 100.000000
27, 8, 27, 100.000000
27, 8, 28, 100.000000
27, 8, 29, 100.000000
27, 8, 30, 100.000000
27, 8, 31, 100.000000
27, 8, 32, 100.000000
27, 8, 33, 100.000000
27, 8, 34, 100.000000
27, 9, 0, 0.466382
27, 9, 1, -0.092487
27, 9, 2, -0.461700
27, 9, 3, -0.399874
27, 9, 4, -0.431288
27, 9, 5, -0.471176
27, 9, 6, -0.459021
27, 9, 7, -0.419172
27, 9, 8, -0.424214
27, 9, 9, -0.330289
27, 9, 10, -0.046272
27, 9, 11, 0.360132
27, 9, 12, 0.857882
27, 9, 13, 1.462901
27, 9, 14, 2.423506
27, 9, 15, 100.000000
27, 9, 16, 100.000000
27, 9, 17, 100.000000
27, 9, 18, 100.000000
27, 9, 19, 100.000000
27, 9, 20, 100.000000
27, 9, 21, 100.000000
27, 9, 22, 100.000000
27, 9, 23, 100.000000
27, 9, 24, 100.000000
27, 9, 25, 100.000000
27, 9, 26, 100.000000
27, 9, 27, 100.000000
27, 9, 28, 100.000000
27, 9, 29, 100.000000
27, 9, 30, 100.000000
27, 9, 31, 100.000000
27, 9, 32, 100.000000
27, 9, 33, 100.000000
27, 9, 34, 100.000000
27, 10, 0, 0.466946
27, 10, 1, -0.096623
27, 10, 2, -0.463339
27, 10, 3, -0.414808
27, 10, 4, -0.440896
27, 10, 5, -0.447884
27, 10, 6, -0.457024
27, 10, 7, -0.435855
27, 10, 8, -0.445016
27, 10, 9, -0.332566
27, 10, 10, -0.063546
27, 10, 11, 0.345621
27, 10, 12, 0.812662
27, 10, 13, 1.445331
27, 10, 14, 2.406077
27, 10, 15, 100.000000
27, 10, 16, 100.000000
27, 10, 17, 100.000000
27, 10, 18, 100.000000
27, 10, 19, 100.000000
27, 10, 20, 100.000000
27, 10, 21, 100.000000
27, 10, 22, 100.000000
27, 10, 23, 100.000000
27, 10, 24, 100.000000
27, 10, 25, 100.000000
27, 10, 26, 100.000000
27, 10, 27, 100.000000
27, 10, 28, 100.000000
27, 10, 29, 100.000000
27, 10, 30, 100.000000
27, 10, 31, 100.000000
27, 10, 32, 100.000000
27, 10, 33, 100.000000
27, 10, 34, 100.000000
27, 11, 0, 0.471733
27, 11, 1, -0.086254
27, 11, 2, -0.440336
27, 11, 3, -0.438143
27, 11, 4, -0.436675
27, 11, 5, -0.445887
27, 11, 6, -0.451399
27, 11, 7, -0.430643
27, 11, 8, -0.415072
27, 11, 9, -0.337910
27, 11, 10, -0.114280
27, 11, 11, 0.301163
27, 11, 12, 0.818383
27, 11, 13, 1.470500
27, 11, 14, 2.324455
27, 11, 15, 100.000000
27, 11, 16, 100.000000
27, 11, 17, 100.000000
27, 11, 18, 100.000000
27, 11, 19, 100.000000
27, 11, 20, 100.000000
27, 11, 21, 100.000000
27, 11, 22, 100.000000
27, 11, 23, 100.000000
27, 11, 24, 100.000000
27, 11, 25, 100.000000
27, 11, 26, 100.000000
27, 11, 27, 100.000000
27, 11, 28, 100.000000
27, 11, 29, 100.000000
27, 11, 30, 100.000000
27, 11, 31, 100.000000
27, 11, 32, 100.000000
27, 11, 33, 100.000000
27, 11, 34, 100.000000
27, 12, 0, 0.456533
27, 12, 1, -0.092661
27, 12, 2, -0.434043
27, 12, 3, -0.470045
27, 12, 4, -0.438744
27, 12, 5, -0.434885
27, 12, 6, -0.465928
27, 12, 7, -0.450912
27, 12, 8, -0.407813
27, 12, 9, -0.342756
27, 12, 10, -0.146371
27, 12, 11, 0.254620
27, 12, 12, 0.820181
27, 12, 13, 1.484328
27, 12, 14, 2.398466
27, 12, 15, 100.000000
27, 12, 16, 100.000000
27, 12, 17, 100.000000
27, 12, 18, 100.000000
27, 12, 19, 100.000000
27, 12, 20, 100.000000
27, 12, 21, 100.000000
27, 12, 22, 100.000000
27, 12, 23, 100.000000
27, 12, 24, 100.000000
27, 12, 25, 100.000000
27, 12, 26, 100.000000
27, 12, 27, 100.000000
27, 12, 28, 100.000000
27, 12, 29, 100.000000
27, 12, 30, 100.000000
27, 12, 31, 100.000000
27, 12, 32, 100.000000
27, 12, 33, 100.000000
27, 12, 34, 100.000000
27, 13, 0, 0.443189
27, 13, 1, -0.117732
27, 13, 2, -0.452023
27, 13, 3, -0.465239
27, 13, 4, -0.441955
27, 13, 5, -0.426811
27, 13, 6, -0.459814
27, 13, 7, -0.452024
27, 13, 8, -0.421918
27, 13, 9, -0.389336
27, 13, 10, -0.190889
27, 13, 11, 0.228176
27, 13, 12, 0.795779
27, 13, 13, 1.422475
27, 13, 14, 2.144620
27, 13, 15, 100.000000
27, 13, 16, 100.000000
27, 13, 17, 100.000000
27, 13, 18, 100.000000
27, 13, 19, 100.000000
27, 13, 20, 100.000000
27, 13, 21, 100.000000
27, 13, 22, 100.000000
27, 13, 23, 100.000000
27, 13, 24, 100.000000
27, 13, 25, 100.000000
27, 13, 26, 100.000000
27, 13, 27, 100.000000
27, 13, 28, 100.000000
27, 13, 29, 100.000000
27, 13, 30, 100.000000
27, 13, 31, 100.000000
27, 13, 32, 100.000000
27, 13, 33, 100.000000
27, 13, 34, 100.000000
27, 14, 0, 0.426823
27, 14, 1, -0.143339
27, 14, 2, -0.460966
27, 14, 3, -0.426229
27, 14, 4, -0.405730
27, 14, 5, -0.416611
27, 14, 6, -0.455774
27, 14, 7, -0.436797
27, 14, 8, -0.401461
27, 14, 9, -0.373410
27, 14, 10, -0.196165
27, 14, 11, 0.206107
27, 14, 12, 0.772120
27, 14, 13, 1.391492
27, 14, 14, 2.179902
27, 14, 15, 100.000000
27, 14, 16, 100.000000
27, 14, 17, 100.000000
27, 14, 18, 100.000000
27, 14, 19, 100.000000
27, 14, 20, 100.000000
27, 14, 21, 100.000000
27, 14, 22, 100.000000
27, 14, 23, 100.000000
27, 14, 24, 100.000000
27, 14, 25, 100.000000
27, 14, 26, 100.000000
27, 14, 27, 100.000000
27, 14, 28, 100.000000
27, 14, 29, 100.000000
27, 14, 30, 100.000000
27, 14, 31, 100.000000
27, 14, 32, 100.000000
27, 14, 33, 100.000000
27, 14, 34, 100.000000
27, 15, 0, 0.424787
27, 15, 1, -0.148920
27, 15, 2, -0.472603
27, 15, 3, -0.421198
27, 15, 4, -0.420257
27, 15, 5, -0.455995
27, 15, 6, -0.473118
27, 15, 7, -0.448876
27, 15, 8, -0.393570
27, 15, 9, -0.371606
27, 15, 10, -0.217231
27, 15, 11, 0.170781
27, 15, 12, 0.766806
27, 15, 13, 1.474792
27, 15, 14, 2.285885
27, 15, 15, 100.000000
27, 15, 16, 100.000000
27, 15, 17, 100.000000
27, 15, 18, 100.000000
27, 15, 19, 100.000000
27, 15, 20, 100.000000
27, 15, 21, 100.000000
27, 15, 22, 100.000000
27, 15, 23, 100.000000
27, 15, 24, 100.000000
27, 15, 25, 100.000000
27, 15, 26, 100.000000
27, 15, 27, 100.000000
27, 15, 28, 100.000000
27, 15, 29, 100.000000
27, 15, 30, 100.000000
27, 15, 31, 100.000000
27, 15, 32, 100.000000
27, 15, 33, 100.000000
27, 15, 34, 100.000000
27, 16, 0, 0.424678
27, 16, 1, -0.153958
27, 16, 2, -0.457545
27, 16, 3, -0.429998
27, 16, 4, -0.470729
27, 16, 5, -0.469811
27, 16, 6, -0.479016
27, 16, 7, -0.457426
27, 16, 8, -0.431707
27, 16, 9, -0.360113
27, 16, 10, -0.208859
27, 16, 11, 0.164127
27, 16, 12, 0.755531
27, 16, 13, 1.475580
27, 16, 14, 2.147631
27, 16, 15, 100.000000
27, 16, 16, 100.000000
27, 16, 17, 100.000000
27, 16, 18, 100.000000
27, 16, 19, 100.000000
27, 16, 20, 100.000000
27, 16, 21, 100.000000
27, 16, 22, 100.000000
27, 16, 23, 100.000000
27, 16, 24, 100.000000
27, 16, 25, 100.000000
27, 16, 26, 100.000000
27, 16, 27, 100.000000
27, 16, 28, 100.000000
27, 16, 29, 100.000000
27, 16, 30, 100.000000
27, 16, 31, 100.000000
27, 16, 32, 100.000000
27, 16, 33, 100.000000
27, 16, 34, 100.000000
27, 17, 0, 0.409966
27, 17, 1, -0.176888
27, 17, 2, -0.429180
27, 17, 3, -0.448334
27, 17, 4, -0.494669
27, 17, 5, -0.470003
27, 17, 6, -0.479102
27, 17, 7, -0.450396
27, 17, 8, -0.467889
27, 17, 9, -0.421832
27, 17, 10, -0.233648
27, 17, 11, 0.130363
27, 17, 12, 0.694368
27, 17, 13, 1.357286
27, 17, 14, 1.917864
27, 17, 15, 100.000000
27, 17, 16, 100.000000
27, 17, 17, 100.000000
27, 17, 18, 100.000000
27, 17, 19, 100.000000
27, 17, 20, 100.000000
27, 17, 21, 100.000000
27, 17, 22, 100.000000
27, 17, 23, 100.000000
27, 17, 24, 100.000000
27, 17, 25, 100.000000
27, 17, 26, 100.000000
27, 17, 27, 100.000000
27, 17, 28, 100.000000
27, 17, 29, 100.000000
27, 17, 30, 100.000000
27, 17, 31, 100.000000
27, 17, 32, 100.000000
27, 17, 33, 100.000000
27, 17, 34, 100.000000
27, 18, 0, 0.395842
27, 18, 1, -0.186450
27, 18, 2, -0.423019
27, 18, 3, -0.447790
27, 18, 4, -0.483412
27, 18, 5, -0.472785
27, 18, 6, -0.479810
27, 18, 7, -0.444405
27, 18, 8, -0.469263
27, 18, 9, -0.423724
27, 18, 10, -0.231441
27, 18, 11, 0.137092
27, 18, 12, 0.661467
27, 18, 13, 1.280809
27, 18, 14, 1.878967
27, 18, 15, 100.000000
27, 18, 16, 100.000000
27, 18, 17, 100.000000
27, 18, 18, 100.000000
27, 18, 19, 100.000000
27, 18, 20, 100.000000
27, 18, 21, 100.000000
27, 18, 22, 100.000000
27, 18, 23, 100.000000
27, 18, 24, 100.000000
27, 18, 25, 100.000000
27, 18, 26, 100.000000
27, 18, 27, 100.000000
27, 18, 28, 100.000000
27, 18, 29, 100.000000
27, 18, 30, 100.000000
27, 18, 31, 100.000000
27, 18, 32, 100.000000
27, 18, 33, 100.000000
27, 18, 34, 100.000000
27, 19, 0, 0.399895
27, 19, 1, -0.166180
27, 19, 2, -0.433954
27, 19, 3, -0.431620
27, 19, 4, -0.465876
27, 19, 5, -0.494343
27, 19, 6, -0.490451
27, 19, 7, -0.457463
27, 19, 8, -0.445323
27, 19, 9, -0.410744
27, 19, 10, -0.227473
27, 19, 11, 0.135447
27, 19, 12, 0.637056
27, 19, 13, 1.234126
27, 19, 14, 1.867307
27, 19, 15, 100.000000
27, 19, 16, 100.000000
27, 19, 17, 100.000000
27, 19, 18, 100.000000
27, 19, 19, 100.000000
27, 19, 20, 100.000000
27, 19, 21, 100.000000
27, 19, 22, 100.000000
27, 19, 23, 100.000000
27, 19, 24, 100.000000
27, 19, 25, 100.000000
27, 19, 26, 100.000000
27, 19, 27, 100.000000
27, 19, 28, 100.000000
27, 19, 29, 100.000000
27, 19, 30, 100.000000
27, 19, 31, 100.000000
27, 19, 32, 100.000000
27, 19, 33, 100.000000
27, 19, 34, 100.000000
27, 20, 0, 0.397762
27, 20, 1, -0.143444
27, 20, 2, -0.468974
27, 20, 3, -0.429950
27, 20, 4, -0.458884
27, 20, 5, -0.474460
27, 20, 6, -0.485466
27, 20, 7, -0.475997
27, 20, 8, -0.436029
27, 20, 9, -0.399705
27, 20, 10, -0.243423
27, 20, 11, 0.130925
27, 20, 12, 0.659736
27, 20, 13, 1.287517
27, 20, 14, 1.779391
27, 20, 15, 100.000000
27, 20, 16, 100.000000
27, 20, 17, 100.000000
27, 20, 18, 100.000000
27, 20, 19, 100.000000
27, 20, 20, 100.000000
27, 20, 21, 100.000000
27, 20, 22, 100.000000
27, 20, 23, 100.000000
27, 20, 24, 100.000000
27, 20, 25, 100.000000
27, 20, 26, 100.000000
27, 20, 27, 100.000000
27, 20, 28, 100.000000
27, 20, 29, 100.000000
27, 20, 30, 100.000000
27, 20, 31, 100.000000
27, 20, 32, 100.000000
27, 20, 33, 100.000000
27, 20, 34, 100.000000
27, 21, 0, 0.405933
27, 21, 1, -0.147188
27, 21, 2, -0.464446
27, 21, 3, -0.414792
27, 21, 4, -0.450819
27, 21, 5, -0.468023
27, 21, 6, -0.472724
27, 21, 7, -0.472435
27, 21, 8, -0.437386
27, 21, 9, -0.389443
27, 21, 10, -0.249131
27, 21, 11, 0.125139
27, 21, 12, 0.656086
27, 21, 13, 1.338800
27, 21, 14, 1.895175
27, 21, 15, 100.000000
27, 21, 16, 100.000000
27, 21, 17, 100.000000
27, 21, 18, 100.000000
27, 21, 19, 100.000000
27, 21, 20, 100.000000
27, 21, 21, 100.000000
27, 21, 22, 100.000000
27, 21, 23, 100.000000
27, 21, 24, 100.000000
27, 21, 25, 100.000000
27, 21, 26, 100.000000
27, 21, 27, 100.000000
27, 21, 28, 100.000000
27, 21, 29, 100.000000
27, 21, 30, 100.000000
27, 21, 31, 100.000000
27, 21, 32, 100.000000
27, 21, 33, 100.000000
27, 21, 34, 100.000000
27, 22, 0, 0.412032
27, 22, 1, -0.153546
27, 22, 2, -0.455556
27, 22, 3, -0.404386
27, 22, 4, -0.448018
27, 22, 5, -0.474020
27, 22, 6, -0.497132
27, 22, 7, -0.472660
27, 22, 8, -0.443416
27, 22, 9, -0.350365
27, 22, 10, -0.193810
27, 22, 11, 0.155631
27, 22, 12, 0.702568
27, 22, 13, 1.366990
27, 22, 14, 2.146231
27, 22, 15, 100.000000
27, 22, 16, 100.000000
27, 22, 17, 100.000000
27, 22, 18, 100.000000
27, 22, 19, 100.000000
27, 22, 20, 100.000000
27, 22, 21, 100.000000
27, 22, 22, 100.000000
27, 22, 23, 100.000000
27, 22, 24, 100.000000
27, 22, 25, 100.000000
27, 22, 26, 100.000000
27, 22, 27, 100.000000
27, 22, 28, 100.000000
27, 22, 29, 100.000000
27, 22, 30, 100.000000
27, 22, 31, 100.000000
27, 22, 32, 100.000000
27, 22, 33, 100.000000
27, 22, 34, 100.000000
27, 23, 0, 0.402692
27, 23, 1, -0.168617
27, 23, 2, -0.458026
27, 23, 3, -0.401733
27, 23, 4, -0.445239
27, 23, 5, -0.451915
27, 23, 6, -0.461759
27, 23, 7, -0.435070
27, 23, 8, -0.488695
27, 23, 9, -0.341250
27, 23, 10, -0.142525
27, 23, 11, 0.212239
27, 23, 12, 0.753216
27, 23, 13, 1.345297
27, 23, 14, 2.079510
27, 23, 15, 100.000000
27, 23, 16, 100.000000
27, 23, 17, 100.000000
27, 23, 18, 100.000000
27, 23, 19, 100.000000
27, 23, 20, 100.000000
27, 23, 21, 100.000000
27, 23, 22, 100.000000
27, 23, 23, 100.000000
27, 23, 24, 100.000000
27, 23, 25, 100.000000
27, 23, 26, 100.000000
27, 23, 27, 100.000000
27, 23, 28, 100.000000
27, 23, 29, 100.000000
27, 23, 30, 100.000000
27, 23, 31, 100.000000
27, 23, 32, 100.000000
27, 23, 33, 100.000000
27, 23, 34, 100.000000
27, 24, 0, 0.387968
27, 24, 1, -0.179068
27, 24, 2, -0.414234
27, 24, 3, -0.399354
27, 24, 4, -0.469470
27, 24, 5, -0.470008
27, 24, 6, -0.485333
27, 24, 7, -0.426982
27, 24, 8, -0.487803
27, 24, 9, -0.355774
27, 24, 10, -0.135288
27, 24, 11, 0.236540
27, 24, 12, 0.726712
27, 24, 13, 1.257525
27, 24, 14, 1.963412
27, 24, 15, 100.000000
27, 24, 16, 100.000000
27, 24, 17, 100.000000
27, 24, 18, 100.000000
27, 24, 19, 100.000000
27, 24, 20, 100.000000
27, 24, 21, 100.000000
27, 24, 22, 100.000000
27, 24, 23, 100.000000
27, 24, 24, 100.000000
27, 24, 25, 100.000000
27, 24, 26, 100.000000
27, 24, 27, 100.000000
27, 24, 28, 100.000000
27, 24, 29, 100.000000
27, 24, 30, 100.000000
27, 24, 31, 100.000000
27, 24, 32, 100.000000
27, 24, 33, 100.000000
27, 24, 34, 100.000000
27, 25, 0, 0.388207
27, 25, 1, -0.188835
27, 25, 2, -0.442996
27, 25, 3, -0.455759
27, 25, 4, -0.457013
27, 25, 5, -0.444056
27, 25, 6, -0.449996
27, 25, 7, -0.441482
27, 25, 8, -0.486283
27, 25, 9, -0.371923
27, 25, 10, -0.125603
27, 25, 11, 0.255253
27, 25, 12, 0.698800
27, 25, 13, 1.218704
27, 25, 14, 1.962977
27, 25, 15, 100.000000
27, 25, 16, 100.000000
27, 25, 17, 100.000000
27, 25, 18, 100.000000
27, 25, 19, 100.000000
27, 25, 20, 100.000000
27, 25, 21, 100.000000
27, 25, 22, 100.000000
27, 25, 23, 100.000000
27, 25, 24, 100.000000
27, 25, 25, 100.000000
27, 25, 26, 100.000000
27, 25, 27, 100.000000
27, 25, 28, 100.000000
27, 25, 29, 100.000000
27, 25, 30, 100.000000
27, 25, 31, 100.000000
27, 25, 32, 100.000000
27, 25, 33, 100.000000
27, 25, 34, 100.000000
27, 26, 0, 0.396293
27, 26, 1, -0.182964
27, 26, 2, -0.464675
27, 26, 3, -0.468309
27, 26, 4, -0.472274
27, 26, 5, -0.460374
27, 26, 6, -0.459878
27, 26, 7, -0.453940
27, 26, 8, -0.481633
27, 26, 9, -0.366203
27, 26, 10, -0.086640
27, 26, 11, 0.283146
27, 26, 12, 0.711545
27, 26, 13, 1.274418
27, 26, 14, 1.879081
27, 26, 15, 100.000000
27, 26, 16, 100.000000
27, 26, 17, 100.000000
27, 26, 18, 100.000000
27, 26, 19, 100.000000
27, 26, 20, 100.000000
27, 26, 21, 100.000000
27, 26, 22, 100.000000
27, 26, 23, 100.000000
27, 26, 24, 100.000000
27, 26, 25, 100.000000
27, 26, 26, 100.000000
27, 26, 27, 100.000000
27, 26, 28, 100.000000
27, 26, 29, 100.000000
27, 26, 30, 100.000000
27, 26, 31, 100.000000
27, 26, 32, 100.000000
27, 26, 33, 100.000000
27, 26, 34, 100.000000
27, 27, 0, 0.402768
27, 27, 1, -0.179181
27, 27, 2, -0.478486
27, 27, 3, -0.482070
27, 27, 4, -0.465498
27, 27, 5, -0.452208
27, 27, 6, -0.432188
27, 27, 7, -0.444401
27, 27, 8, -0.473588
27, 27, 9, -0.341780
27, 27, 10, -0.081949
27, 27, 11, 0.283398
27, 27, 12, 0.736374
27, 27, 13, 1.194010
27, 27, 14, 1.853597
27, 27, 15, 100.000000
27, 27, 16, 100.000000
27, 27, 17, 100.000000
27, 27, 18, 100.000000
27, 27, 19, 100.000000
27, 27, 20, 100.000000
27, 27, 21, 100.000000
27, 27, 22, 100.000000
27, 27, 23, 100.000000
27, 27, 24, 100.000000
27, 27, 25, 100.000000
27, 27, 26, 100.000000
27, 27, 27, 100.000000
27, 27, 28, 100.000000
27, 27, 29, 100.000000
27, 27, 30, 100.000000
27, 27, 31, 100.000000
27, 27, 32, 100.000000
27, 27, 33, 100.000000
27, 27, 34, 100.000000
27, 28, 0, 0.400973
27, 28, 1, -0.161606
27, 28, 2, -0.380479
27, 28, 3, -0.403898
27, 28, 4, -0.415886
27, 28, 5, -0.463600
27, 28, 6, -0.478746
27, 28, 7, -0.477952
27, 28, 8, -0.419372
27, 28, 9, -0.290217
27, 28, 10, -0.085807
27, 28, 11, 0.266320
27, 28, 12, 0.752415
27, 28, 13, 1.187111
27, 28, 14, 1.852326
27, 28, 15, 100.000000
27, 28, 16, 100.000000
27, 28, 17, 100.000000
27, 28, 18, 100.000000
27, 28, 19, 100.000000
27, 28, 20, 100.000000
27, 28, 21, 100.000000
27, 28, 22, 100.000000
27, 28, 23, 100.000000
27, 28, 24, 100.000000
27, 28, 25, 100.000000
27, 28, 26, 100.000000
27, 28, 27, 100.000000
27, 28, 28, 100.000000
27, 28, 29, 100.000000
27, 28, 30, 100.000000
27, 28, 31, 100.000000
27, 28, 32, 100.000000
27, 28, 33, 100.000000
27, 28, 34, 100.000000
27, 29, 0, 0.441360
27, 29, 1, 0.012308
27, 29, 2, -0.080859
27, 29, 3, -0.092215
27, 29, 4, -0.104553
27, 29, 5, -0.120917
27, 29, 6, -0.121027
27, 29, 7, -0.108554
27, 29, 8, -0.058828
27, 29, 9, 0.003314
27, 29, 10, 0.087137
27, 29, 11, 0.378305
27, 29, 12, 0.811296
27, 29, 13, 1.232297
27, 29, 14, 1.875618
27, 29, 15, 100.000000
27, 29, 16, 100.000000
27, 29, 17, 100.000000
27, 29, 18, 100.000000
27, 29, 19, 100.000000
27, 29, 20, 100.000000
27, 29, 21, 100.000000
27, 29, 22, 100.000000
27, 29, 23, 100.000000
27, 29, 24, 100.000000
27, 29, 25, 100.000000
27, 29, 26, 100.000000
27, 29, 27, 100.000000
27, 29, 28, 100.000000
27, 29, 29, 100.000000
27, 29, 30, 100.000000
27, 29, 31, 100.000000
27, 29, 32, 100.000000
27, 29, 33, 100.000000
27, 29, 34, 100.000000
28, 0, 0, 0.752476
28, 0, 1, 0.490347
28, 0, 2, 0.424958
28, 0, 3, 0.437146
28, 0, 4, 0.434160
28, 0, 5, 0.413021
28, 0, 6, 0.412357
28, 0, 7, 0.466817
28, 0, 8, 0.519347
28, 0, 9, 0.554758
28, 0, 10, 0.609195
28, 0, 11, 0.767816
28, 0, 12, 1.159878
28, 0, 13, 1.771405
28, 0, 14, 100.000000
28, 0, 15, 100.000000
28, 0, 16, 100.000000
28, 0, 17, 100.000000
28, 0, 18, 100.000000
28, 0, 19, 100.000000
28, 0, 20, 100.000000
28, 0, 21, 100.000000
28, 0, 22, 100.000000
28, 0, 23, 100.000000
28, 0, 24, 100.000000
28, 0, 25, 100.000000
28, 0, 26, 100.000000
28, 0, 27, 100.000000
28, 0, 28, 100.000000
28, 0, 29, 100.000000
28, 0, 30, 100.000000
28, 0, 31, 100.000000
28, 0, 32, 100.000000
28, 0, 33, 100.000000
28, 0, 34, 100.000000
28, 1, 0, 0.510653
28, 1, 1, 0.074641
28, 1, 2, -0.091999
28, 1, 3, -0.090813
28, 1, 4, -0.098748
28, 1, 5, -0.118948
28, 1, 6, -0.108539
28, 1, 7, -0.036358
28, 1, 8, 0.040557
28, 1, 9, 0.102242
28, 1, 10, 0.244577
28, 1, 11, 0.539382
28, 1, 12, 0.989342
28, 1, 13, 1.629050
28, 1, 14, 100.000000
28, 1, 15, 100.000000
28, 1, 16, 100.000000
28, 1, 17, 100.000000
28, 1, 18, 100.000000
28, 1, 19, 100.000000
28, 1, 20, 100.000000
28, 1, 21, 100.000000
28, 1, 22, 100.000000
28, 1, 23, 100.000000
28, 1, 24, 100.000000
28, 1, 25, 100.000000
28, 1, 26, 100.000000
28, 1, 27, 100.000000
28, 1, 28, 100.000000
28, 1, 29, 100.000000
28, 1, 30, 100.000000
28, 1, 31, 100.000000
28, 1, 32, 100.000000
28, 1, 33, 100.000000
28, 1, 34, 100.000000
28, 2, 0, 0.439889
28, 2, 1, -0.091410
28, 2, 2, -0.386687
28, 2, 3, -0.373143
28, 2, 4, -0.390513
28, 2, 5, -0.419609
28, 2, 6, -0.412383
28, 2, 7, -0.364112
28, 2, 8, -0.282386
28, 2, 9, -0.165579
28, 2, 10, 0.079625
28, 2, 11, 0.449138
28, 2, 12, 0.979178
28, 2, 13, 1.539043
28, 2, 14, 100.000000
28, 2, 15, 100.000000
28, 2, 16, 100.000000
28, 2, 17, 100.000000
28, 2, 18, 100.000000
28, 2, 19, 100.000000
28, 2, 20, 100.000000
28, 2, 21, 100.000000
28, 2, 22, 100.000000
28, 2, 23, 100.000000
28, 2, 24, 100.000000
28, 2, 25, 100.000000
28, 2, 26, 100.000000
28, 2, 27, 100.000000
28, 2, 28, 100.000000
28, 2, 29, 100.000000
28, 2, 30, 100.000000
28, 2, 31, 100.000000
28, 2, 32, 100.000000
28, 2, 33, 100.000000
28, 2, 34, 100.000000
28, 3, 0, 0.439332
28, 3, 1, -0.104214
28, 3, 2, -0.452596
28, 3, 3, -0.431547
28, 3, 4, -0.445619
28, 3, 5, -0.472678
28, 3, 6, -0.483109
28, 3, 7, -0.487159
28, 3, 8, -0.407141
28, 3, 9, -0.275473
28, 3, 10, 0.004035
28, 3, 11, 0.414693
28, 3, 12, 0.944598
28, 3, 13, 1.587948
28, 3, 14, 2.320421
28, 3, 15, 100.000000
28, 3, 16, 100.000000
28, 3, 17, 100.000000
28, 3, 18, 100.000000
28, 3, 19, 100.000000
28, 3, 20, 100.000000
28, 3, 21, 100.000000
28, 3, 22, 100.000000
28, 3, 23, 100.000000
28, 3, 24, 100.000000
28, 3, 25, 100.000000
28, 3, 26, 100.000000
28, 3, 27, 100.000000
28, 3, 28, 100.000000
28, 3, 29, 100.000000
28, 3, 30, 100.000000
28, 3, 31, 100.000000
28, 3, 32, 100.000000
28, 3, 33, 100.000000
28, 3, 34, 100.000000
28, 4, 0, 0.453420
28, 4, 1, -0.089408
28, 4, 2, -0.425912
28, 4, 3, -0.428382
28, 4, 4, -0.437757
28, 4, 5, -0.464327
28, 4, 6, -0.476512
28, 4, 7, -0.486553
28, 4, 8, -0.449750
28, 4, 9, -0.311950
28, 4, 10, -0.027123
28, 4, 11, 0.409235
28, 4, 12, 0.939330
28, 4, 13, 1.511533
28, 4, 14, 2.380786
28, 4, 15, 100.000000
28, 4, 16, 100.000000
28, 4, 17, 100.000000
28, 4, 18, 100.000000
28, 4, 19, 100.000000
28, 4, 20, 100.000000
28, 4, 21, 100.000000
28, 4, 22, 100.000000
28, 4, 23, 100.000000
28, 4, 24, 100.000000
28, 4, 25, 100.000000
28, 4, 26, 100.000000
28, 4, 27, 100.000000
28, 4, 28, 100.000000
28, 4, 29, 100.000000
28, 4, 30, 100.000000
28, 4, 31, 100.000000
28, 4, 32, 100.000000
28, 4, 33, 100.000000
28, 4, 34, 100.000000
28, 5, 0, 0.462740
28, 5, 1, -0.072205
28, 5, 2, -0.414961
28, 5, 3, -0.434182
28, 5, 4, -0.439518
28, 5, 5, -0.457540
28, 5, 6, -0.462641
28, 5, 7, -0.477836
28, 5, 8, -0.459641
28, 5, 9, -0.309628
28, 5, 10, -0.002411
28, 5, 11, 0.450216
28, 5, 12, 0.952058
28, 5, 13, 1.538464
28, 5, 14, 2.443943
28, 5, 15, 100.000000
28, 5, 16, 100.000000
28, 5, 17, 100.000000
28, 5, 18, 100.000000
28, 5, 19, 100.000000
28, 5, 20, 100.000000
28, 5, 21, 100.000000
28, 5, 22, 100.000000
28, 5, 23, 100.000000
28, 5, 24, 100.000000
28, 5, 25, 100.000000
28, 5, 26, 100.000000
28, 5, 27, 100.000000
28, 5, 28, 100.000000
28, 5, 29, 100.000000
28, 5, 30, 100.000000
28, 5, 31, 100.000000
28, 5, 32, 100.000000
28, 5, 33, 100.000000
28, 5, 34, 100.000000
28, 6, 0, 0.458662
28, 6, 1, -0.081202
28, 6, 2, -0.411430
28, 6, 3, -0.450511
28, 6, 4, -0.437553
28, 6, 5, -0.472076
28, 6, 6, -0.473105
28, 6, 7, -0.469136
28, 6, 8, -0.439067
28, 6, 9, -0.312110
28, 6, 10, -0.014735
28, 6, 11, 0.425914
28, 6, 12, 0.972348
28, 6, 13, 1.564699
28, 6, 14, 2.356824
28, 6, 15, 100.000000
28, 6, 16, 100.000000
28, 6, 17, 100.000000
28, 6, 18, 100.000000
28, 6, 19, 100.000000
28, 6, 20, 100.000000
28, 6, 21, 100.000000
28, 6, 22, 100.000000
28, 6, 23, 100.000000
28, 6, 24, 100.000000
28, 6, 25, 100.000000
28, 6, 26, 100.000000
28, 6, 27, 100.000000
28, 6, 28, 100.000000
28, 6, 29, 100.000000
28, 6, 30, 100.000000
28, 6, 31, 100.000000
28, 6, 32, 100.000000
28, 6, 33, 100.000000
28, 6, 34, 100.000000
28, 7, 0, 0.437926
28, 7, 1, -0.107601
28, 7, 2, -0.427947
28, 7, 3, -0.460529
28, 7, 4, -0.436269
28, 7, 5, -0.475531
28, 7, 6, -0.484231
28, 7, 7, -0.447689
28, 7, 8, -0.429780
28, 7, 9, -0.350637
28, 7, 10, -0.071331
28, 7, 11, 0.378281
28, 7, 12, 0.966176
28, 7, 13, 1.584828
28, 7, 14, 2.417289
28, 7, 15, 100.000000
28, 7, 16, 100.000000
28, 7, 17, 100.000000
28, 7, 18, 100.000000
28, 7, 19, 100.000000
28, 7, 20, 100.000000
28, 7, 21, 100.000000
28, 7, 22, 100.000000
28, 7, 23, 100.000000
28, 7, 24, 100.000000
28, 7, 25, 100.000000
28, 7, 26, 100.000000
28, 7, 27, 100.000000
28, 7, 28, 100.000000
28, 7, 29, 100.000000
28, 7, 30, 100.000000
28, 7, 31, 100.000000
28, 7, 32, 100.000000
28, 7, 33, 100.000000
28, 7, 34, 100.000000
28, 8, 0, 0.433142
28, 8, 1, -0.117483
28, 8, 2, -0.442826
28, 8, 3, -0.421578
28, 8, 4, -0.420375
28, 8, 5, -0.463876
28, 8, 6, -0.462576
28, 8, 7, -0.439188
28, 8, 8, -0.431918
28, 8, 9, -0.362109
28, 8, 10, -0.093890
28, 8, 11, 0.341846
28, 8, 12, 0.900138
28, 8, 13, 1.495176
28, 8, 14, 2.399753
28, 8, 15, 100.000000
28, 8, 16, 100.000000
28, 8, 17, 100.000000
28, 8, 18, 100.000000
28, 8, 19, 100.000000
28, 8, 20, 100.000000
28, 8, 21, 100.000000
28, 8, 22, 100.000000
28, 8, 23, 100.000000
28, 8, 24, 100.000000
28, 8, 25, 100.000000
28, 8, 26, 100.000000
28, 8, 27, 100.000000
28, 8, 28, 100.000000
28, 8, 29, 100.000000
28, 8, 30, 100.000000
28, 8, 31, 100.000000
28, 8, 32, 100.000000
28, 8, 33, 100.000000
28, 8, 34, 100.000000
28, 9, 0, 0.452597
28, 9, 1, -0.119663
28, 9, 2, -0.470562
28, 9, 3, -0.377034
28, 9, 4, -0.439743
28, 9, 5, -0.476670
28, 9, 6, -0.478531
28, 9, 7, -0.442837
28, 9, 8, -0.426556
28, 9, 9, -0.336229
28, 9, 10, -0.077315
28, 9, 11, 0.344438
28, 9, 12, 0.838414
28, 9, 13, 1.435858
28, 9, 14, 2.354874
28, 9, 15, 100.000000
28, 9, 16, 100.000000
28, 9, 17, 100.000000
28, 9, 18, 100.000000
28, 9, 19, 100.000000
28, 9, 20, 100.000000
28, 9, 21, 100.000000
28, 9, 22, 100.000000
28, 9, 23, 100.000000
28, 9, 24, 100.000000
28, 9, 25, 100.000000
28, 9, 26, 100.000000
28, 9, 27, 100.000000
28, 9, 28, 100.000000
28, 9, 29, 100.000000
28, 9, 30, 100.000000
28, 9, 31, 100.000000
28, 9, 32, 100.000000
28, 9, 33, 100.000000
28, 9, 34, 100.000000
28, 10, 0, 0.458595
28, 10, 1, -0.121154
28, 10, 2, -0.482083
28, 10, 3, -0.384087
28, 10, 4, -0.443011
28, 10, 5, -0.460963
28, 10, 6, -0.477586
28, 10, 7, -0.435055
28, 10, 8, -0.420486
28, 10, 9, -0.338896
28, 10, 10, -0.089419
28, 10, 11, 0.337234
28, 10, 12, 0.825065
28, 10, 13, 1.451286
28, 10, 14, 2.486836
28, 10, 15, 100.000000
28, 10, 16, 100.000000
28, 10, 17, 100.000000
28, 10, 18, 100.000000
28, 10, 19, 100.000000
28, 10, 20, 100.000000
28, 10, 21, 100.000000
28, 10, 22, 100.000000
28, 10, 23, 100.000000
28, 10, 24, 100.000000
28, 10, 25, 100.000000
28, 10, 26, 100.000000
28, 10, 27, 100.000000
28, 10, 28, 100.000000
28, 10, 29, 100.000000
28, 10, 30, 100.000000
28, 10, 31, 100.000000
28, 10, 32, 100.000000
28, 10, 33, 100.000000
28, 10, 34, 100.000000
28, 11, 0, 0.475723
28, 11, 1, -0.111533
28, 11, 2, -0.477889
28, 11, 3, -0.402529
28, 11, 4, -0.446350
28, 11, 5, -0.486675
28, 11, 6, -0.472382
28, 11, 7, -0.429114
28, 11, 8, -0.399207
28, 11, 9, -0.350426
28, 11, 10, -0.123247
28, 11, 11, 0.313751
28, 11, 12, 0.818716
28, 11, 13, 1.446241
28, 11, 14, 2.264265
28, 11, 15, 100.000000
28, 11, 16, 100.000000
28, 11, 17, 100.000000
28, 11, 18, 100.000000
28, 11, 19, 100.000000
28, 11, 20, 100.000000
28, 11, 21, 100.000000
28, 11, 22, 100.000000
28, 11, 23, 100.000000
28, 11, 24, 100.000000
28, 11, 25, 100.000000
28, 11, 26, 100.000000
28, 11, 27, 100.000000
28, 11, 28, 100.000000
28, 11, 29, 100.000000
28, 11, 30, 100.000000
28, 11, 31, 100.000000
28, 11, 32, 100.000000
28, 11, 33, 100.000000
28, 11, 34, 100.000000
28, 12, 0, 0.478467
28, 12, 1, -0.111328
28, 12, 2, -0.465040
28, 12, 3, -0.424225
28, 12, 4, -0.439551
28, 12, 5, -0.465659
28, 12, 6, -0.481765
28, 12, 7, -0.443524
28, 12, 8, -0.392867
28, 12, 9, -0.368342
28, 12, 10, -0.167779
28, 12, 11, 0.251078
28, 12, 12, 0.781591
28, 12, 13, 1.379558
28, 12, 14, 2.266281
28, 12, 15, 100.000000
28, 12, 16, 100.000000
28, 12, 17, 100.000000
28, 12, 18, 100.000000
28, 12, 19, 100.000000
28, 12, 20, 100.000000
28, 12, 21, 100.000000
28, 12, 22, 100.000000
28, 12, 23, 100.000000
28, 12, 24, 100.000000
28, 12, 25, 100.000000
28, 12, 26, 100.000000
28, 12, 27, 100.000000
28, 12, 28, 100.000000
28, 12, 29, 100.000000
28, 12, 30, 100.000000
28, 12, 31, 100.000000
28, 12, 32, 100.000000
28, 12, 33, 100.000000
28, 12, 34, 100.000000
28, 13, 0, 0.472463
28, 13, 1, -0.119640
28, 13, 2, -0.452392
28, 13, 3, -0.421799
28, 13, 4, -0.443436
28, 13, 5, -0.450944
28, 13, 6, -0.474513
28, 13, 7, -0.461051
28, 13, 8, -0.422388
28, 13, 9, -0.400130
28, 13, 10, -0.204876
28, 13, 11, 0.195630
28, 13, 12, 0.729922
28, 13, 13, 1.356487
28, 13, 14, 2.161950
28, 13, 15, 100.000000
28, 13, 16, 100.000000
28, 13, 17, 100.000000
28, 13, 18, 100.000000
28, 13, 19, 100.000000
28, 13, 20, 100.000000
28, 13, 21, 100.000000
28, 13, 22, 100.000000
28, 13, 23, 100.000000
28, 13, 24, 100.000000
28, 13, 25, 100.000000
28, 13, 26, 100.000000
28, 13, 27, 100.000000
28, 13, 28, 100.000000
28, 13, 29, 100.000000
28, 13, 30, 100.000000
28, 13, 31, 100.000000
28, 13, 32, 100.000000
28, 13, 33, 100.000000
28, 13, 34, 100.000000
28, 14, 0, 0.454160
28, 14, 1, -0.133449
28, 14, 2, -0.434114
28, 14, 3, -0.397699
28, 14, 4, -0.417326
28, 14, 5, -0.435828
28, 14, 6, -0.484661
28, 14, 7, -0.461132
28, 14, 8, -0.418125
28, 14, 9, -0.392551
28, 14, 10, -0.204521
28, 14, 11, 0.180055
28, 14, 12, 0.731278
28, 14, 13, 1.371004
28, 14, 14, 2.199750
28, 14, 15, 100.000000
28, 14, 16, 100.000000
28, 14, 17, 100.000000
28, 14, 18, 100.000000
28, 14, 19, 100.000000
28, 14, 20, 100.000000
28, 14, 21, 100.000000
28, 14, 22, 100.000000
28, 14, 23, 100.000000
28, 14, 24, 100.000000
28, 14, 25, 100.000000
28, 14, 26, 100.000000
28, 14, 27, 100.000000
28, 14, 28, 100.000000
28, 14, 29, 100.000000
28, 14, 30, 100.000000
28, 14, 31, 100.000000
28, 14, 32, 100.000000
28, 14, 33, 100.000000
28, 14, 34, 100.000000
28, 15, 0, 0.434195
28, 15, 1, -0.150415
28, 15, 2, -0.459283
28, 15, 3, -0.399210
28, 15, 4, -0.450584
28, 15, 5, -0.477543
28, 15, 6, -0.471254
28, 15, 7, -0.457667
28, 15, 8, -0.410449
28, 15, 9, -0.360758
28, 15, 10, -0.193957
28, 15, 11, 0.185292
28, 15, 12, 0.765782
28, 15, 13, 1.482075
28, 15, 14, 2.300048
28, 15, 15, 100.000000
28, 15, 16, 100.000000
28, 15, 17, 100.000000
28, 15, 18, 100.000000
28, 15, 19, 100.000000
28, 15, 20, 100.000000
28, 15, 21, 100.000000
28, 15, 22, 100.000000
28, 15, 23, 100.000000
28, 15, 24, 100.000000
28, 15, 25, 100.000000
28, 15, 26, 100.000000
28, 15, 27, 100.000000
28, 15, 28, 100.000000
28, 15, 29, 100.000000
28, 15, 30, 100.000000
28, 15, 31, 100.000000
28, 15, 32, 100.000000
28, 15, 33, 100.000000
28, 15, 34, 100.000000
28, 16, 0, 0.413343
28, 16, 1, -0.171197
28, 16, 2, -0.453502
28, 16, 3, -0.406172
28, 16, 4, -0.484475
28, 16, 5, -0.455795
28, 16, 6, -0.483797
28, 16, 7, -0.453202
28, 16, 8, -0.446711
28, 16, 9, -0.363876
28, 16, 10, -0.181588
28, 16, 11, 0.194484
28, 16, 12, 0.780631
28, 16, 13, 1.447480
28, 16, 14, 2.196440
28, 16, 15, 100.000000
28, 16, 16, 100.000000
28, 16, 17, 100.000000
28, 16, 18, 100.000000
28, 16, 19, 100.000000
28, 16, 20, 100.000000
28, 16, 21, 100.000000
28, 16, 22, 100.000000
28, 16, 23, 100.000000
28, 16, 24, 100.000000
28, 16, 25, 100.000000
28, 16, 26, 100.000000
28, 16, 27, 100.000000
28, 16, 28, 100.000000
28, 16, 29, 100.000000
28, 16, 30, 100.000000
28, 16, 31, 100.000000
28, 16, 32, 100.000000
28, 16, 33, 100.000000
28, 16, 34, 100.000000
28, 17, 0, 0.401352
28, 17, 1, -0.192850
28, 17, 2, -0.436681
28, 17, 3, -0.413537
28, 17, 4, -0.491063
28, 17, 5, -0.455955
28, 17, 6, -0.470895
28, 17, 7, -0.454525
28, 17, 8, -0.471375
28, 17, 9, -0.397354
28, 17, 10, -0.195478
28, 17, 11, 0.173046
28, 17, 12, 0.703010
28, 17, 13, 1.294507
28, 17, 14, 1.855693
28, 17, 15, 100.000000
28, 17, 16, 100.000000
28, 17, 17, 100.000000
28, 17, 18, 100.000000
28, 17, 19, 100.000000
28, 17, 20, 100.000000
28, 17, 21, 100.000000
28, 17, 22, 100.000000
28, 17, 23, 100.000000
28, 17, 24, 100.000000
28, 17, 25, 100.000000
28, 17, 26, 100.000000
28, 17, 27, 100.000000
28, 17, 28, 100.000000
28, 17, 29, 100.000000
28, 17, 30, 100.000000
28, 17, 31, 100.000000
28, 17, 32, 100.000000
28, 17, 33, 100.000000
28, 17, 34, 100.000000
28, 18, 0, 0.398653
28, 18, 1, -0.196221
28, 18, 2, -0.424927
28, 18, 3, -0.413025
28, 18, 4, -0.486826
28, 18, 5, -0.457163
28, 18, 6, -0.475177
28, 18, 7, -0.448123
28, 18, 8, -0.452806
28, 18, 9, -0.380468
28, 18, 10, -0.194053
28, 18, 11, 0.155687
28, 18, 12, 0.603308
28, 18, 13, 1.183490
28, 18, 14, 1.832249
28, 18, 15, 100.000000
28, 18, 16, 100.000000
28, 18, 17, 100.000000
28, 18, 18, 100.000000
28, 18, 19, 100.000000
28, 18, 20, 100.000000
28, 18, 21, 100.000000
28, 18, 22, 100.000000
28, 18, 23, 100.000000
28, 18, 24, 100.000000
28, 18, 25, 100.000000
28, 18, 26, 100.000000
28, 18, 27, 100.000000
28, 18, 28, 100.000000
28, 18, 29, 100.000000
28, 18, 30, 100.000000
28, 18, 31, 100.000000
28, 18, 32, 100.000000
28, 18, 33, 100.000000
28, 18, 34, 100.000000
28, 19, 0, 0.412829
28, 19, 1, -0.171990
28, 19, 2, -0.454502
28, 19, 3, -0.412142
28, 19, 4, -0.467103
28, 19, 5, -0.479607
28, 19, 6, -0.477404
28, 19, 7, -0.451448
28, 19, 8, -0.435800
28, 19, 9, -0.382520
28, 19, 10, -0.213010
28, 19, 11, 0.126427
28, 19, 12, 0.579982
28, 19, 13, 1.189430
28, 19, 14, 1.859492
28, 19, 15, 100.000000
28, 19, 16, 100.000000
28, 19, 17, 100.000000
28, 19, 18, 100.000000
28, 19, 19, 100.000000
28, 19, 20, 100.000000
28, 19, 21, 100.000000
28, 19, 22, 100.000000
28, 19, 23, 100.000000
28, 19, 24, 100.000000
28, 19, 25, 100.000000
28, 19, 26, 100.000000
28, 19, 27, 100.000000
28, 19, 28, 100.000000
28, 19, 29, 100.000000
28, 19, 30, 100.000000
28, 19, 31, 100.000000
28, 19, 32, 100.000000
28, 19, 33, 100.000000
28, 19, 34, 100.000000
28, 20, 0, 0.409439
28, 20, 1, -0.154298
28, 20, 2, -0.483481
28, 20, 3, -0.408826
28, 20, 4, -0.459760
28, 20, 5, -0.477094
28, 20, 6, -0.482923
28, 20, 7, -0.471960
28, 20, 8, -0.431929
28, 20, 9, -0.383087
28, 20, 10, -0.221130
28, 20, 11, 0.132418
28, 20, 12, 0.633130
28, 20, 13, 1.248778
28, 20, 14, 1.868184
28, 20, 15, 100.000000
28, 20, 16, 100.000000
28, 20, 17, 100.000000
28, 20, 18, 100.000000
28, 20, 19, 100.000000
28, 20, 20, 100.000000
28, 20, 21, 100.000000
28, 20, 22, 100.000000
28, 20, 23, 100.000000
28, 20, 24, 100.000000
28, 20, 25, 100.000000
28, 20, 26, 100.000000
28, 20, 27, 100.000000
28, 20, 28, 100.000000
28, 20, 29, 100.000000
28, 20, 30, 100.000000
28, 20, 31, 100.000000
28, 20, 32, 100.000000
28, 20, 33, 100.000000
28, 20, 34, 100.000000
28, 21, 0, 0.401633
28, 21, 1, -0.159724
28, 21, 2, -0.460625
28, 21, 3, -0.394926
28, 21, 4, -0.450232
28, 21, 5, -0.470953
28, 21, 6, -0.473985
28, 21, 7, -0.461096
28, 21, 8, -0.450650
28, 21, 9, -0.379092
28, 21, 10, -0.210050
28, 21, 11, 0.154475
28, 21, 12, 0.674478
28, 21, 13, 1.350659
28, 21, 14, 2.048569
28, 21, 15, 100.000000
28, 21, 16, 100.000000
28, 21, 17, 100.000000
28, 21, 18, 100.000000
28, 21, 19, 100.000000
28, 21, 20, 100.000000
28, 21, 21, 100.000000
28, 21, 22, 100.000000
28, 21, 23, 100.000000
28, 21, 24, 100.000000
28, 21, 25, 100.000000
28, 21, 26, 100.000000
28, 21, 27, 100.000000
28, 21, 28, 100.000000
28, 21, 29, 100.000000
28, 21, 30, 100.000000
28, 21, 31, 100.000000
28, 21, 32, 100.000000
28, 21, 33, 100.000000
28, 21, 34, 100.000000
28, 22, 0, 0.410425
28, 22, 1, -0.155376
28, 22, 2, -0.428001
28, 22, 3, -0.374417
28, 22, 4, -0.421455
28, 22, 5, -0.446145
28, 22, 6, -0.461043
28, 22, 7, -0.441341
28, 22, 8, -0.429414
28, 22, 9, -0.321287
28, 22, 10, -0.156962
28, 22, 11, 0.185862
28, 22, 12, 0.740655
28, 22, 13, 1.408715
28, 22, 14, 2.219146
28, 22, 15, 100.000000
28, 22, 16, 100.000000
28, 22, 17, 100.000000
28, 22, 18, 100.000000
28, 22, 19, 100.000000
28, 22, 20, 100.000000
28, 22, 21, 100.000000
28, 22, 22, 100.000000
28, 22, 23, 100.000000
28, 22, 24, 100.000000
28, 22, 25, 100.000000
28, 22, 26, 100.000000
28, 22, 27, 100.000000
28, 22, 28, 100.000000
28, 22, 29, 100.000000
28, 22, 30, 100.000000
28, 22, 31, 100.000000
28, 22, 32, 100.000000
28, 22, 33, 100.000000
28, 22, 34, 100.000000
28, 23, 0, 0.414228
28, 23, 1, -0.167417
28, 23, 2, -0.453376
28, 23, 3, -0.395581
28, 23, 4, -0.447631
28, 23, 5, -0.452817
28, 23, 6, -0.452970
28, 23, 7, -0.422157
28, 23, 8, -0.432508
28, 23, 9, -0.301955
28, 23, 10, -0.117691
28, 23, 11, 0.211746
28, 23, 12, 0.735031
28, 23, 13, 1.350105
28, 23, 14, 2.086477
28, 23, 15, 100.000000
28, 23, 16, 100.000000
28, 23, 17, 100.000000
28, 23, 18, 100.000000
28, 23, 19, 100.000000
28, 23, 20, 100.000000
28, 23, 21, 100.000000
28, 23, 22, 100.000000
28, 23, 23, 100.000000
28, 23, 24, 100.000000
28, 23, 25, 100.000000
28, 23, 26, 100.000000
28, 23, 27, 100.000000
28, 23, 28, 100.000000
28, 23, 29, 100.000000
28, 23, 30, 100.000000
28, 23, 31, 100.000000
28, 23, 32, 100.000000
28, 23, 33, 100.000000
28, 23, 34, 100.000000
28, 24, 0, 0.409984
28, 24, 1, -0.176604
28, 24, 2, -0.416144
28, 24, 3, -0.383430
28, 24, 4, -0.450225
28, 24, 5, -0.464280
28, 24, 6, -0.477013
28, 24, 7, -0.421834
28, 24, 8, -0.463190
28, 24, 9, -0.335202
28, 24, 10, -0.119514
28, 24, 11, 0.220461
28, 24, 12, 0.708377
28, 24, 13, 1.256370
28, 24, 14, 1.999491
28, 24, 15, 100.000000
28, 24, 16, 100.000000
28, 24, 17, 100.000000
28, 24, 18, 100.000000
28, 24, 19, 100.000000
28, 24, 20, 100.000000
28, 24, 21, 100.000000
28, 24, 22, 100.000000
28, 24, 23, 100.000000
28, 24, 24, 100.000000
28, 24, 25, 100.000000
28, 24, 26, 100.000000
28, 24, 27, 100.000000
28, 24, 28, 100.000000
28, 24, 29, 100.000000
28, 24, 30, 100.000000
28, 24, 31, 100.000000
28, 24, 32, 100.000000
28, 24, 33, 100.000000
28, 24, 34, 100.000000
28, 25, 0, 0.406436
28, 25, 1, -0.177131
28, 25, 2, -0.427775
28, 25, 3, -0.422038
28, 25, 4, -0.453203
28, 25, 5, -0.433218
28, 25, 6, -0.446013
28, 25, 7, -0.432467
28, 25, 8, -0.481185
28, 25, 9, -0.359761
28, 25, 10, -0.118038
28, 25, 11, 0.244658
28, 25, 12, 0.692197
28, 25, 13, 1.216015
28, 25, 14, 1.939184
28, 25, 15, 100.000000
28, 25, 16, 100.000000
28, 25, 17, 100.000000
28, 25, 18, 100.000000
28, 25, 19, 100.000000
28, 25, 20, 100.000000
28, 25, 21, 100.000000
28, 25, 22, 100.000000
28, 25, 23, 100.000000
28, 25, 24, 100.000000
28, 25, 25, 100.000000
28, 25, 26, 100.000000
28, 25, 27, 100.000000
28, 25, 28, 100.000000
28, 25, 29, 100.000000
28, 25, 30, 100.000000
28, 25, 31, 100.000000
28, 25, 32, 100.000000
28, 25, 33, 100.000000
28, 25, 34, 100.000000
28, 26, 0, 0.403030
28, 26, 1, -0.163543
28, 26, 2, -0.436974
28, 26, 3, -0.439350
28, 26, 4, -0.472332
28, 26, 5, -0.444550
28, 26, 6, -0.456924
28, 26, 7, -0.452771
28, 26, 8, -0.492803
28, 26, 9, -0.347815
28, 26, 10, -0.071507
28, 26, 11, 0.284190
28, 26, 12, 0.697916
28, 26, 13, 1.251441
28, 26, 14, 1.819863
28, 26, 15, 100.000000
28, 26, 16, 100.000000
28, 26, 17, 100.000000
28, 26, 18, 100.000000
28, 26, 19, 100.000000
28, 26, 20, 100.000000
28, 26, 21, 100.000000
28, 26, 22, 100.000000
28, 26, 23, 100.000000
28, 26, 24, 100.000000
28, 26, 25, 100.000000
28, 26, 26, 100.000000
28, 26, 27, 100.000000
28, 26, 28, 100.000000
28, 26, 29, 100.000000
28, 26, 30, 100.000000
28, 26, 31, 100.000000
28, 26, 32, 100.000000
28, 26, 33, 100.000000
28, 26, 34, 100.000000
28, 27, 0, 0.406741
28, 27, 1, -0.153797
28, 27, 2, -0.420855
28, 27, 3, -0.444941
28, 27, 4, -0.481517
28, 27, 5, -0.449439
28, 27, 6, -0.431859
28, 27, 7, -0.444761
28, 27, 8, -0.475504
28, 27, 9, -0.319222
28, 27, 10, -0.052312
28, 27, 11, 0.296137
28, 27, 12, 0.725976
28, 27, 13, 1.265158
28, 27, 14, 2.017355
28, 27, 15, 100.000000
28, 27, 16, 100.000000
28, 27, 17, 100.000000
28, 27, 18, 100.000000
28, 27, 19, 100.000000
28, 27, 20, 100.000000
28, 27, 21, 100.000000
28, 27, 22, 100.000000
28, 27, 23, 100.000000
28, 27, 24, 100.000000
28, 27, 25, 100.000000
28, 27, 26, 100.000000
28, 27, 27, 100.000000
28, 27, 28, 100.000000
28, 27, 29, 100.000000
28, 27, 30, 100.000000
28, 27, 31, 100.000000
28, 27, 32, 100.000000
28, 27, 33, 100.000000
28, 27, 34, 100.000000
28, 28, 0, 0.407104
28, 28, 1, -0.127285
28, 28, 2, -0.341813
28, 28, 3, -0.382384
28, 28, 4, -0.428631
28, 28, 5, -0.477457
28, 28, 6, -0.469861
28, 28, 7, -0.483483
28, 28, 8, -0.419536
28, 28, 9, -0.272979
28, 28, 10, -0.048289
28, 28, 11, 0.286599
28, 28, 12, 0.762051
28, 28, 13, 1.255603
28, 28, 14, 1.920370
28, 28, 15, 100.000000
28, 28, 16, 100.000000
28, 28, 17, 100.000000
28, 28, 18, 100.000000
28, 28, 19, 100.000000
28, 28, 20, 100.000000
28, 28, 21, 100.000000
28, 28, 22, 100.000000
28, 28, 23, 100.000000
28, 28, 24, 100.000000
28, 28, 25, 100.000000
28, 28, 26, 100.000000
28, 28, 27, 100.000000
28, 28, 28, 100.000000
28, 28, 29, 100.000000
28, 28, 30, 100.000000
28, 28, 31, 100.000000
28, 28, 32, 100.000000
28, 28, 33, 100.000000
28, 28, 34, 100.000000
28, 29, 0, 0.445270
28, 29, 1, 0.019266
28, 29, 2, -0.085669
28, 29, 3, -0.103460
28, 29, 4, -0.125707
28, 29, 5, -0.136598
28, 29, 6, -0.135332
28, 29, 7, -0.124953
28, 29, 8, -0.077400
28, 29, 9, 0.007344
28, 29, 10, 0.128774
28, 29, 11, 0.397447
28, 29, 12, 0.845390
28, 29, 13, 1.309170
28, 29, 14, 1.940432
28, 29, 15, 100.000000
28, 29, 16, 100.000000
28, 29, 17, 100.000000
28, 29, 18, 100.000000
28, 29, 19, 100.000000
28, 29, 20, 100.000000
28, 29, 21, 100.000000
28, 29, 22, 100.000000
28, 29, 23, 100.000000
28, 29, 24, 100.000000
28, 29, 25, 100.000000
28, 29, 26, 100.000000
28, 29, 27, 100.000000
28, 29, 28, 100.000000
28, 29, 29, 100.000000
28, 29, 30, 100.000000
28, 29, 31, 100.000000
28, 29, 32, 100.000000
28, 29, 33, 100.000000
28, 29, 34, 100.000000
29, 0, 0, 0.753075
29, 0, 1, 0.476328
29, 0, 2, 0.415938
29, 0, 3, 0.435674
29, 0, 4, 0.443438
29, 0, 5, 0.427150
29, 0, 6, 0.415848
29, 0, 7, 0.449413
29, 0, 8, 0.484468
29, 0, 9, 0.531936
29, 0, 10, 0.611989
29, 0, 11, 0.757079
29, 0, 12, 1.068966
29, 0, 13, 1.669534
29, 0, 14, 100.000000
29, 0, 15, 100.000000
29, 0, 16, 100.000000
29, 0, 17, 100.000000
29, 0, 18, 100.000000
29, 0, 19, 100.000000
29, 0, 20, 100.000000
29, 0, 21, 100.000000
29, 0, 22, 100.000000
29, 0, 23, 100.000000
29, 0, 24, 100.000000
29, 0, 25, 100.000000
29, 0, 26, 100.000000
29, 0, 27, 100.000000
29, 0, 28, 100.000000
29, 0, 29, 100.000000
29, 0, 30, 100.000000
29, 0, 31, 100.000000
29, 0, 32, 100.000000
29, 0, 33, 100.000000
29, 0, 34, 100.000000
29, 1, 0, 0.537351
29, 1, 1, 0.074803
29, 1, 2, -0.088417
29, 1, 3, -0.082889
29, 1, 4, -0.092354
29, 1, 5, -0.118963
29, 1, 6, -0.103603
29, 1, 7, -0.056812
29, 1, 8, -0.017620
29, 1, 9, 0.042719
29, 1, 10, 0.214225
29, 1, 11, 0.512781
29, 1, 12, 0.909131
29, 1, 13, 1.488369
29, 1, 14, 2.480006
29, 1, 15, 100.000000
29, 1, 16, 100.000000
29, 1, 17, 100.000000
29, 1, 18, 100.000000
29, 1, 19, 100.000000
29, 1, 20, 100.000000
29, 1, 21, 100.000000
29, 1, 22, 100.000000
29, 1, 23, 100.000000
29, 1, 24, 100.000000
29, 1, 25, 100.000000
29, 1, 26, 100.000000
29, 1, 27, 100.000000
29, 1, 28, 100.000000
29, 1, 29, 100.000000
29, 1, 30, 100.000000
29, 1, 31, 100.000000
29, 1, 32, 100.000000
29, 1, 33, 100.000000
29, 1, 34, 100.000000
29, 2, 0, 0.456875
29, 2, 1, -0.092744
29, 2, 2, -0.375533
29, 2, 3, -0.374550
29, 2, 4, -0.381704
29, 2, 5, -0.411229
29, 2, 6, -0.409438
29, 2, 7, -0.356837
29, 2, 8, -0.308849
29, 2, 9, -0.229238
29, 2, 10, 0.013787
29, 2, 11, 0.419304
29, 2, 12, 0.963056
29, 2, 13, 1.617438
29, 2, 14, 100.000000
29, 2, 15, 100.000000
29, 2, 16, 100.000000
29, 2, 17, 100.000000
29, 2, 18, 100.000000
29, 2, 19, 100.000000
29, 2, 20, 100.000000
29, 2, 21, 100.000000
29, 2, 22, 100.000000
29, 2, 23, 100.000000
29, 2, 24, 100.000000
29, 2, 25, 100.000000
29, 2, 26, 100.000000
29, 2, 27, 100.000000
29, 2, 28, 100.000000
29, 2, 29, 100.000000
29, 2, 30, 100.000000
29, 2, 31, 100.000000
29, 2, 32, 100.000000
29, 2, 33, 100.000000
29, 2, 34, 100.000000
29, 3, 0, 0.440989
29, 3, 1, -0.114988
29, 3, 2, -0.466024
29, 3, 3, -0.444940
29, 3, 4, -0.452212
29, 3, 5, -0.459392
29, 3, 6, -0.491463
29, 3, 7, -0.450053
29, 3, 8, -0.385924
29, 3, 9, -0.299366
29, 3, 10, -0.039091
29, 3, 11, 0.384341
29, 3, 12, 0.966273
29, 3, 13, 1.686419
29, 3, 14, 100.000000
29, 3, 15, 100.000000
29, 3, 16, 100.000000
29, 3, 17, 100.000000
29, 3, 18, 100.000000
29, 3, 19, 100.000000
29, 3, 20, 100.000000
29, 3, 21, 100.000000
29, 3, 22, 100.000000
29, 3, 23, 100.000000
29, 3, 24, 100.000000
29, 3, 25, 100.000000
29, 3, 26, 100.000000
29, 3, 27, 100.000000
29, 3, 28, 100.000000
29, 3, 29, 100.000000
29, 3, 30, 100.000000
29, 3, 31, 100.000000
29, 3, 32, 100.000000
29, 3, 33, 100.000000
29, 3, 34, 100.000000
29, 4, 0, 0.448882
29, 4, 1, -0.112787
29, 4, 2, -0.444565
29, 4, 3, -0.429583
29, 4, 4, -0.445349
29, 4, 5, -0.454759
29, 4, 6, -0.474887
29, 4, 7, -0.470022
29, 4, 8, -0.413682
29, 4, 9, -0.302366
29, 4, 10, -0.041156
29, 4, 11, 0.387789
29, 4, 12, 0.945831
29, 4, 13, 1.601516
29, 4, 14, 100.000000
29, 4, 15, 100.000000
29, 4, 16, 100.000000
29, 4, 17, 100.000000
29, 4, 18, 100.000000
29, 4, 19, 100.000000
29, 4, 20, 100.000000
29, 4, 21, 100.000000
29, 4, 22, 100.000000
29, 4, 23, 100.000000
29, 4, 24, 100.000000
29, 4, 25, 100.000000
29, 4, 26, 100.000000
29, 4, 27, 100.000000
29, 4, 28, 100.000000
29, 4, 29, 100.000000
29, 4, 30, 100.000000
29, 4, 31, 100.000000
29, 4, 32, 100.000000
29, 4, 33, 100.000000
29, 4, 34, 100.000000
29, 5, 0, 0.456894
29, 5, 1, -0.095828
29, 5, 2, -0.426823
29, 5, 3, -0.432870
29, 5, 4, -0.436521
29, 5, 5, -0.449325
29, 5, 6, -0.476922
29, 5, 7, -0.469909
29, 5, 8, -0.421524
29, 5, 9, -0.276020
29, 5, 10, -0.022028
29, 5, 11, 0.390296
29, 5, 12, 0.917548
29, 5, 13, 1.488980
29, 5, 14, 2.293514
29, 5, 15, 100.000000
29, 5, 16, 100.000000
29, 5, 17, 100.000000
29, 5, 18, 100.000000
29, 5, 19, 100.000000
29, 5, 20, 100.000000
29, 5, 21, 100.000000
29, 5, 22, 100.000000
29, 5, 23, 100.000000
29, 5, 24, 100.000000
29, 5, 25, 100.000000
29, 5, 26, 100.000000
29, 5, 27, 100.000000
29, 5, 28, 100.000000
29, 5, 29, 100.000000
29, 5, 30, 100.000000
29, 5, 31, 100.000000
29, 5, 32, 100.000000
29, 5, 33, 100.000000
29, 5, 34, 100.000000
29, 6, 0, 0.460446
29, 6, 1, -0.097070
29, 6, 2, -0.423317
29, 6, 3, -0.448265
29, 6, 4, -0.439446
29, 6, 5, -0.451740
29, 6, 6, -0.472773
29, 6, 7, -0.452599
29, 6, 8, -0.413115
29, 6, 9, -0.284728
29, 6, 10, -0.043303
29, 6, 11, 0.356196
29, 6, 12, 0.894154
29, 6, 13, 1.466336
29, 6, 14, 2.201549
29, 6, 15, 100.000000
29, 6, 16, 100.000000
29, 6, 17, 100.000000
29, 6, 18, 100.000000
29, 6, 19, 100.000000
29, 6, 20, 100.000000
29, 6, 21, 100.000000
29, 6, 22, 100.000000
29, 6, 23, 100.000000
29, 6, 24, 100.000000
29, 6, 25, 100.000000
29, 6, 26, 100.000000
29, 6, 27, 100.000000
29, 6, 28, 100.000000
29, 6, 29, 100.000000
29, 6, 30, 100.000000
29, 6, 31, 100.000000
29, 6, 32, 100.000000
29, 6, 33, 100.000000
29, 6, 34, 100.000000
29, 7, 0, 0.449380
29, 7, 1, -0.109413
29, 7, 2, -0.436541
29, 7, 3, -0.450505
29, 7, 4, -0.448766
29, 7, 5, -0.464907
29, 7, 6, -0.479293
29, 7, 7, -0.434543
29, 7, 8, -0.427320
29, 7, 9, -0.343399
29, 7, 10, -0.082191
29, 7, 11, 0.335420
29, 7, 12, 0.908889
29, 7, 13, 1.565002
29, 7, 14, 2.464734
29, 7, 15, 100.000000
29, 7, 16, 100.000000
29, 7, 17, 100.000000
29, 7, 18, 100.000000
29, 7, 19, 100.000000
29, 7, 20, 100.000000
29, 7, 21, 100.000000
29, 7, 22, 100.000000
29, 7, 23, 100.000000
29, 7, 24, 100.000000
29, 7, 25, 100.000000
29, 7, 26, 100.000000
29, 7, 27, 100.000000
29, 7, 28, 100.000000
29, 7, 29, 100.000000
29, 7, 30, 100.000000
29, 7, 31, 100.000000
29, 7, 32, 100.000000
29, 7, 33, 100.000000
29, 7, 34, 100.000000
29, 8, 0, 0.439058
29, 8, 1, -0.107490
29, 8, 2, -0.454994
29, 8, 3, -0.444098
29, 8, 4, -0.428791
29, 8, 5, -0.442957
29, 8, 6, -0.461302
29, 8, 7, -0.438564
29, 8, 8, -0.444079
29, 8, 9, -0.375745
29, 8, 10, -0.102950
29, 8, 11, 0.334431
29, 8, 12, 0.902677
29, 8, 13, 1.553391
29, 8, 14, 2.491287
29, 8, 15, 100.000000
29, 8, 16, 100.000000
29, 8, 17, 100.000000
29, 8, 18, 100.000000
29, 8, 19, 100.000000
29, 8, 20, 100.000000
29, 8, 21, 100.000000
29, 8, 22, 100.000000
29, 8, 23, 100.000000
29, 8, 24, 100.000000
29, 8, 25, 100.000000
29, 8, 26, 100.000000
29, 8, 27, 100.000000
29, 8, 28, 100.000000
29, 8, 29, 100.000000
29, 8, 30, 100.000000
29, 8, 31, 100.000000
29, 8, 32, 100.000000
29, 8, 33, 100.000000
29, 8, 34, 100.000000
29, 9, 0, 0.446938
29, 9, 1, -0.099232
29, 9, 2, -0.449750
29, 9, 3, -0.404068
29, 9, 4, -0.422826
29, 9, 5, -0.473009
29, 9, 6, -0.476692
29, 9, 7, -0.437923
29, 9, 8, -0.423606
29, 9, 9, -0.349163
29, 9, 10, -0.096211
29, 9, 11, 0.339243
29, 9, 12, 0.868894
29, 9, 13, 1.531788
29, 9, 14, 2.450926
29, 9, 15, 100.000000
29, 9, 16, 100.000000
29, 9, 17, 100.000000
29, 9, 18, 100.000000
29, 9, 19, 100.000000
29, 9, 20, 100.000000
29, 9, 21, 100.000000
29, 9, 22, 100.000000
29, 9, 23, 100.000000
29, 9, 24, 100.000000
29, 9, 25, 100.000000
29, 9, 26, 100.000000
29, 9, 27, 100.000000
29, 9, 28, 100.000000
29, 9, 29, 100.000000
29, 9, 30, 100.000000
29, 9, 31, 100.000000
29, 9, 32, 100.000000
29, 9, 33, 100.000000
29, 9, 34, 100.000000
29, 10, 0, 0.448863
29, 10, 1, -0.103732
29, 10, 2, -0.457232
29, 10, 3, -0.384617
29, 10, 4, -0.401849
29, 10, 5, -0.458279
29, 10, 6, -0.467653
29, 10, 7, -0.424850
29, 10, 8, -0.419421
29, 10, 9, -0.359551
29, 10, 10, -0.110876
29, 10, 11, 0.345861
29, 10, 12, 0.882414
29, 10, 13, 1.548755
29, 10, 14, 100.000000
29, 10, 15, 100.000000
29, 10, 16, 100.000000
29, 10, 17, 100.000000
29, 10, 18, 100.000000
29, 10, 19, 100.000000
29, 10, 20, 100.000000
29, 10, 21, 100.000000
29, 10, 22, 100.000000
29, 10, 23, 100.000000
29, 10, 24, 100.000000
29, 10, 25, 100.000000
29, 10, 26, 100.000000
29, 10, 27, 100.000000
29, 10, 28, 100.000000
29, 10, 29, 100.000000
29, 10, 30, 100.000000
29, 10, 31, 100.000000
29, 10, 32, 100.000000
29, 10, 33, 100.000000
29, 10, 34, 100.000000
29, 11, 0, 0.456152
29, 11, 1, -0.120685
29, 11, 2, -0.486039
29, 11, 3, -0.401182
29, 11, 4, -0.431891
29, 11, 5, -0.479671
29, 11, 6, -0.453292
29, 11, 7, -0.401379
29, 11, 8, -0.406685
29, 11, 9, -0.374558
29, 11, 10, -0.139523
29, 11, 11, 0.337948
29, 11, 12, 0.879591
29, 11, 13, 1.484469
29, 11, 14, 2.364104
29, 11, 15, 100.000000
29, 11, 16, 100.000000
29, 11, 17, 100.000000
29, 11, 18, 100.000000
29, 11, 19, 100.000000
29, 11, 20, 100.000000
29, 11, 21, 100.000000
29, 11, 22, 100.000000
29, 11, 23, 100.000000
29, 11, 24, 100.000000
29, 11, 25, 100.000000
29, 11, 26, 100.000000
29, 11, 27, 100.000000
29, 11, 28, 100.000000
29, 11, 29, 100.000000
29, 11, 30, 100.000000
29, 11, 31, 100.000000
29, 11, 32, 100.000000
29, 11, 33, 100.000000
29, 11, 34, 100.000000
29, 12, 0, 0.468438
29, 12, 1, -0.130369
29, 12, 2, -0.485367
29, 12, 3, -0.406635
29, 12, 4, -0.437940
29, 12, 5, -0.482693
29, 12, 6, -0.479917
29, 12, 7, -0.417508
29, 12, 8, -0.389344
29, 12, 9, -0.385029
29, 12, 10, -0.180689
29, 12, 11, 0.267826
29, 12, 12, 0.819386
29, 12, 13, 1.427419
29, 12, 14, 2.270623
29, 12, 15, 100.000000
29, 12, 16, 100.000000
29, 12, 17, 100.000000
29, 12, 18, 100.000000
29, 12, 19, 100.000000
29, 12, 20, 100.000000
29, 12, 21, 100.000000
29, 12, 22, 100.000000
29, 12, 23, 100.000000
29, 12, 24, 100.000000
29, 12, 25, 100.000000
29, 12, 26, 100.000000
29, 12, 27, 100.000000
29, 12, 28, 100.000000
29, 12, 29, 100.000000
29, 12, 30, 100.000000
29, 12, 31, 100.000000
29, 12, 32, 100.000000
29, 12, 33, 100.000000
29, 12, 34, 100.000000
29, 13, 0, 0.477103
29, 13, 1, -0.118647
29, 13, 2, -0.472968
29, 13, 3, -0.398238
29, 13, 4, -0.440587
29, 13, 5, -0.473498
29, 13, 6, -0.490558
29, 13, 7, -0.444225
29, 13, 8, -0.391141
29, 13, 9, -0.381494
29, 13, 10, -0.198804
29, 13, 11, 0.208239
29, 13, 12, 0.759534
29, 13, 13, 1.380719
29, 13, 14, 2.206827
29, 13, 15, 100.000000
29, 13, 16, 100.000000
29, 13, 17, 100.000000
29, 13, 18, 100.000000
29, 13, 19, 100.000000
29, 13, 20, 100.000000
29, 13, 21, 100.000000
29, 13, 22, 100.000000
29, 13, 23, 100.000000
29, 13, 24, 100.000000
29, 13, 25, 100.000000
29, 13, 26, 100.000000
29, 13, 27, 100.000000
29, 13, 28, 100.000000
29, 13, 29, 100.000000
29, 13, 30, 100.000000
29, 13, 31, 100.000000
29, 13, 32, 100.000000
29, 13, 33, 100.000000
29, 13, 34, 100.000000
29, 14, 0, 0.477019
29, 14, 1, -0.112649
29, 14, 2, -0.441049
29, 14, 3, -0.383433
29, 14, 4, -0.432300
29, 14, 5, -0.469507
29, 14, 6, -0.457414
29, 14, 7, -0.449584
29, 14, 8, -0.402914
29, 14, 9, -0.371779
29, 14, 10, -0.192835
29, 14, 11, 0.208034
29, 14, 12, 0.757727
29, 14, 13, 1.396622
29, 14, 14, 2.267868
29, 14, 15, 100.000000
29, 14, 16, 100.000000
29, 14, 17, 100.000000
29, 14, 18, 100.000000
29, 14, 19, 100.000000
29, 14, 20, 100.000000
29, 14, 21, 100.000000
29, 14, 22, 100.000000
29, 14, 23, 100.000000
29, 14, 24, 100.000000
29, 14, 25, 100.000000
29, 14, 26, 100.000000
29, 14, 27, 100.000000
29, 14, 28, 100.000000
29, 14, 29, 100.000000
29, 14, 30, 100.000000
29, 14, 31, 100.000000
29, 14, 32, 100.000000
29, 14, 33, 100.000000
29, 14, 34, 100.000000
29, 15, 0, 0.461733
29, 15, 1, -0.121262
29, 15, 2, -0.460841
29, 15, 3, -0.386558
29, 15, 4, -0.435635
29, 15, 5, -0.458173
29, 15, 6, -0.452977
29, 15, 7, -0.446624
29, 15, 8, -0.397178
29, 15, 9, -0.346365
29, 15, 10, -0.171495
29, 15, 11, 0.222188
29, 15, 12, 0.800914
29, 15, 13, 1.516917
29, 15, 14, 100.000000
29, 15, 15, 100.000000
29, 15, 16, 100.000000
29, 15, 17, 100.000000
29, 15, 18, 100.000000
29, 15, 19, 100.000000
29, 15, 20, 100.000000
29, 15, 21, 100.000000
29, 15, 22, 100.000000
29, 15, 23, 100.000000
29, 15, 24, 100.000000
29, 15, 25, 100.000000
29, 15, 26, 100.000000
29, 15, 27, 100.000000
29, 15, 28, 100.000000
29, 15, 29, 100.000000
29, 15, 30, 100.000000
29, 15, 31, 100.000000
29, 15, 32, 100.000000
29, 15, 33, 100.000000
29, 15, 34, 100.000000
29, 16, 0, 0.435270
29, 16, 1, -0.153744
29, 16, 2, -0.464316
29, 16, 3, -0.389831
29, 16, 4, -0.440503
29, 16, 5, -0.471803
29, 16, 6, -0.482244
29, 16, 7, -0.450865
29, 16, 8, -0.432677
29, 16, 9, -0.360804
29, 16, 10, -0.164055
29, 16, 11, 0.232370
29, 16, 12, 0.831803
29, 16, 13, 1.483561
29, 16, 14, 2.266273
29, 16, 15, 100.000000
29, 16, 16, 100.000000
29, 16, 17, 100.000000
29, 16, 18, 100.000000
29, 16, 19, 100.000000
29, 16, 20, 100.000000
29, 16, 21, 100.000000
29, 16, 22, 100.000000
29, 16, 23, 100.000000
29, 16, 24, 100.000000
29, 16, 25, 100.000000
29, 16, 26, 100.000000
29, 16, 27, 100.000000
29, 16, 28, 100.000000
29, 16, 29, 100.000000
29, 16, 30, 100.000000
29, 16, 31, 100.000000
29, 16, 32, 100.000000
29, 16, 33, 100.000000
29, 16, 34, 100.000000
29, 17, 0, 0.404200
29, 17, 1, -0.186711
29, 17, 2, -0.449950
29, 17, 3, -0.396112
29, 17, 4, -0.460454
29, 17, 5, -0.474238
29, 17, 6, -0.474237
29, 17, 7, -0.468973
29, 17, 8, -0.457748
29, 17, 9, -0.366099
29, 17, 10, -0.165578
29, 17, 11, 0.222291
29, 17, 12, 0.730559
29, 17, 13, 1.303807
29, 17, 14, 1.957598
29, 17, 15, 100.000000
29, 17, 16, 100.000000
29, 17, 17, 100.000000
29, 17, 18, 100.000000
29, 17, 19, 100.000000
29, 17, 20, 100.000000
29, 17, 21, 100.000000
29, 17, 22, 100.000000
29, 17, 23, 100.000000
29, 17, 24, 100.000000
29, 17, 25, 100.000000
29, 17, 26, 100.000000
29, 17, 27, 100.000000
29, 17, 28, 100.000000
29, 17, 29, 100.000000
29, 17, 30, 100.000000
29, 17, 31, 100.000000
29, 17, 32, 100.000000
29, 17, 33, 100.000000
29, 17, 34, 100.000000
29, 18, 0, 0.396597
29, 18, 1, -0.199587
29, 18, 2, -0.431967
29, 18, 3, -0.394302
29, 18, 4, -0.480440
29, 18, 5, -0.465519
29, 18, 6, -0.479709
29, 18, 7, -0.459207
29, 18, 8, -0.430431
29, 18, 9, -0.338170
29, 18, 10, -0.163058
29, 18, 11, 0.170203
29, 18, 12, 0.587672
29, 18, 13, 1.188490
29, 18, 14, 1.893717
29, 18, 15, 100.000000
29, 18, 16, 100.000000
29, 18, 17, 100.000000
29, 18, 18, 100.000000
29, 18, 19, 100.000000
29, 18, 20, 100.000000
29, 18, 21, 100.000000
29, 18, 22, 100.000000
29, 18, 23, 100.000000
29, 18, 24, 100.000000
29, 18, 25, 100.000000
29, 18, 26, 100.000000
29, 18, 27, 100.000000
29, 18, 28, 100.000000
29, 18, 29, 100.000000
29, 18, 30, 100.000000
29, 18, 31, 100.000000
29, 18, 32, 100.000000
29, 18, 33, 100.000000
29, 18, 34, 100.000000
29, 19, 0, 0.422694
29, 19, 1, -0.180709
29, 19, 2, -0.437596
29, 19, 3, -0.395967
29, 19, 4, -0.482928
29, 19, 5, -0.466884
29, 19, 6, -0.468361
29, 19, 7, -0.448542
29, 19, 8, -0.428982
29, 19, 9, -0.350028
29, 19, 10, -0.193723
29, 19, 11, 0.127582
29, 19, 12, 0.553082
29, 19, 13, 1.159686
29, 19, 14, 1.829935
29, 19, 15, 100.000000
29, 19, 16, 100.000000
29, 19, 17, 100.000000
29, 19, 18, 100.000000
29, 19, 19, 100.000000
29, 19, 20, 100.000000
29, 19, 21, 100.000000
29, 19, 22, 100.000000
29, 19, 23, 100.000000
29, 19, 24, 100.000000
29, 19, 25, 100.000000
29, 19, 26, 100.000000
29, 19, 27, 100.000000
29, 19, 28, 100.000000
29, 19, 29, 100.000000
29, 19, 30, 100.000000
29, 19, 31, 100.000000
29, 19, 32, 100.000000
29, 19, 33, 100.000000
29, 19, 34, 100.000000
29, 20, 0, 0.420079
29, 20, 1, -0.165889
29, 20, 2, -0.444086
29, 20, 3, -0.406078
29, 20, 4, -0.479770
29, 20, 5, -0.478092
29, 20, 6, -0.473273
29, 20, 7, -0.461979
29, 20, 8, -0.433680
29, 20, 9, -0.370369
29, 20, 10, -0.213531
29, 20, 11, 0.129633
29, 20, 12, 0.602020
29, 20, 13, 1.197938
29, 20, 14, 1.889704
29, 20, 15, 100.000000
29, 20, 16, 100.000000
29, 20, 17, 100.000000
29, 20, 18, 100.000000
29, 20, 19, 100.000000
29, 20, 20, 100.000000
29, 20, 21, 100.000000
29, 20, 22, 100.000000
29, 20, 23, 100.000000
29, 20, 24, 100.000000
29, 20, 25, 100.000000
29, 20, 26, 100.000000
29, 20, 27, 100.000000
29, 20, 28, 100.000000
29, 20, 29, 100.000000
29, 20, 30, 100.000000
29, 20, 31, 100.000000
29, 20, 32, 100.000000
29, 20, 33, 100.000000
29, 20, 34, 100.000000
29, 21, 0, 0.403898
29, 21, 1, -0.169194
29, 21, 2, -0.443713
29, 21, 3, -0.403746
29, 21, 4, -0.452741
29, 21, 5, -0.466473
29, 21, 6, -0.479979
29, 21, 7, -0.482406
29, 21, 8, -0.437487
29, 21, 9, -0.369221
29, 21, 10, -0.187631
29, 21, 11, 0.194568
29, 21, 12, 0.706156
29, 21, 13, 1.337903
29, 21, 14, 2.089687
29, 21, 15, 100.000000
29, 21, 16, 100.000000
29, 21, 17, 100.000000
29, 21, 18, 100.000000
29, 21, 19, 100.000000
29, 21, 20, 100.000000
29, 21, 21, 100.000000
29, 21, 22, 100.000000
29, 21, 23, 100.000000
29, 21, 24, 100.000000
29, 21, 25, 100.000000
29, 21, 26, 100.000000
29, 21, 27, 100.000000
29, 21, 28, 100.000000
29, 21, 29, 100.000000
29, 21, 30, 100.000000
29, 21, 31, 100.000000
29, 21, 32, 100.000000
29, 21, 33, 100.000000
29, 21, 34, 100.000000
29, 22, 0, 0.415420
29, 22, 1, -0.161233
29, 22, 2, -0.412738
29, 22, 3, -0.374239
29, 22, 4, -0.419198
29, 22, 5, -0.468810
29, 22, 6, -0.482963
29, 22, 7, -0.479761
29, 22, 8, -0.440075
29, 22, 9, -0.330615
29, 22, 10, -0.123184
29, 22, 11, 0.264398
29, 22, 12, 0.813595
29, 22, 13, 1.449619
29, 22, 14, 2.310748
29, 22, 15, 100.000000
29, 22, 16, 100.000000
29, 22, 17, 100.000000
29, 22, 18, 100.000000
29, 22, 19, 100.000000
29, 22, 20, 100.000000
29, 22, 21, 100.000000
29, 22, 22, 100.000000
29, 22, 23, 100.000000
29, 22, 24, 100.000000
29, 22, 25, 100.000000
29, 22, 26, 100.000000
29, 22, 27, 100.000000
29, 22, 28, 100.000000
29, 22, 29, 100.000000
29, 22, 30, 100.000000
29, 22, 31, 100.000000
29, 22, 32, 100.000000
29, 22, 33, 100.000000
29, 22, 34, 100.000000
29, 23, 0, 0.426124
29, 23, 1, -0.162137
29, 23, 2, -0.458594
29, 23, 3, -0.393106
29, 23, 4, -0.423645
29, 23, 5, -0.449203
29, 23, 6, -0.471221
29, 23, 7, -0.469740
29, 23, 8, -0.434422
29, 23, 9, -0.310995
29, 23, 10, -0.089767
29, 23, 11, 0.281418
29, 23, 12, 0.811668
29, 23, 13, 1.411876
29, 23, 14, 2.342640
29, 23, 15, 100.000000
29, 23, 16, 100.000000
29, 23, 17, 100.000000
29, 23, 18, 100.000000
29, 23, 19, 100.000000
29, 23, 20, 100.000000
29, 23, 21, 100.000000
29, 23, 22, 100.000000
29, 23, 23, 100.000000
29, 23, 24, 100.000000
29, 23, 25, 100.000000
29, 23, 26, 100.000000
29, 23, 27, 100.000000
29, 23, 28, 100.000000
29, 23, 29, 100.000000
29, 23, 30, 100.000000
29, 23, 31, 100.000000
29, 23, 32, 100.000000
29, 23, 33, 100.000000
29, 23, 34, 100.000000
29, 24, 0, 0.419498
29, 24, 1, -0.170309
29, 24, 2, -0.438759
29, 24, 3, -0.390927
29, 24, 4, -0.426435
29, 24, 5, -0.443851
29, 24, 6, -0.483585
29, 24, 7, -0.441662
29, 24, 8, -0.446962
29, 24, 9, -0.333969
29, 24, 10, -0.102255
29, 24, 11, 0.258128
29, 24, 12, 0.748183
29, 24, 13, 1.280169
29, 24, 14, 1.936051
29, 24, 15, 100.000000
29, 24, 16, 100.000000
29, 24, 17, 100.000000
29, 24, 18, 100.000000
29, 24, 19, 100.000000
29, 24, 20, 100.000000
29, 24, 21, 100.000000
29, 24, 22, 100.000000
29, 24, 23, 100.000000
29, 24, 24, 100.000000
29, 24, 25, 100.000000
29, 24, 26, 100.000000
29, 24, 27, 100.000000
29, 24, 28, 100.000000
29, 24, 29, 100.000000
29, 24, 30, 100.000000
29, 24, 31, 100.000000
29, 24, 32, 100.000000
29, 24, 33, 100.000000
29, 24, 34, 100.000000
29, 25, 0, 0.407685
29, 25, 1, -0.168730
29, 25, 2, -0.462248
29, 25, 3, -0.420004
29, 25, 4, -0.444704
29, 25, 5, -0.452623
29, 25, 6, -0.463532
29, 25, 7, -0.429438
29, 25, 8, -0.469753
29, 25, 9, -0.364643
29, 25, 10, -0.128301
29, 25, 11, 0.243305
29, 25, 12, 0.692255
29, 25, 13, 1.171775
29, 25, 14, 1.815265
29, 25, 15, 100.000000
29, 25, 16, 100.000000
29, 25, 17, 100.000000
29, 25, 18, 100.000000
29, 25, 19, 100.000000
29, 25, 20, 100.000000
29, 25, 21, 100.000000
29, 25, 22, 100.000000
29, 25, 23, 100.000000
29, 25, 24, 100.000000
29, 25, 25, 100.000000
29, 25, 26, 100.000000
29, 25, 27, 100.000000
29, 25, 28, 100.000000
29, 25, 29, 100.000000
29, 25, 30, 100.000000
29, 25, 31, 100.000000
29, 25, 32, 100.000000
29, 25, 33, 100.000000
29, 25, 34, 100.000000
29, 26, 0, 0.407392
29, 26, 1, -0.147077
29, 26, 2, -0.478620
29, 26, 3, -0.439879
29, 26, 4, -0.443466
29, 26, 5, -0.435127
29, 26, 6, -0.483464
29, 26, 7, -0.444713
29, 26, 8, -0.494682
29, 26, 9, -0.352582
29, 26, 10, -0.094035
29, 26, 11, 0.275865
29, 26, 12, 0.724609
29, 26, 13, 1.238775
29, 26, 14, 1.963353
29, 26, 15, 100.000000
29, 26, 16, 100.000000
29, 26, 17, 100.000000
29, 26, 18, 100.000000
29, 26, 19, 100.000000
29, 26, 20, 100.000000
29, 26, 21, 100.000000
29, 26, 22, 100.000000
29, 26, 23, 100.000000
29, 26, 24, 100.000000
29, 26, 25, 100.000000
29, 26, 26, 100.000000
29, 26, 27, 100.000000
29, 26, 28, 100.000000
29, 26, 29, 100.000000
29, 26, 30, 100.000000
29, 26, 31, 100.000000
29, 26, 32, 100.000000
29, 26, 33, 100.000000
29, 26, 34, 100.000000
29, 27, 0, 0.414889
29, 27, 1, -0.116313
29, 27, 2, -0.412812
29, 27, 3, -0.457059
29, 27, 4, -0.475823
29, 27, 5, -0.437243
29, 27, 6, -0.445991
29, 27, 7, -0.438243
29, 27, 8, -0.474254
29, 27, 9, -0.330075
29, 27, 10, -0.083335
29, 27, 11, 0.300850
29, 27, 12, 0.783242
29, 27, 13, 1.324060
29, 27, 14, 2.169345
29, 27, 15, 100.000000
29, 27, 16, 100.000000
29, 27, 17, 100.000000
29, 27, 18, 100.000000
29, 27, 19, 100.000000
29, 27, 20, 100.000000
29, 27, 21, 100.000000
29, 27, 22, 100.000000
29, 27, 23, 100.000000
29, 27, 24, 100.000000
29, 27, 25, 100.000000
29, 27, 26, 100.000000
29, 27, 27, 100.000000
29, 27, 28, 100.000000
29, 27, 29, 100.000000
29, 27, 30, 100.000000
29, 27, 31, 100.000000
29, 27, 32, 100.000000
29, 27, 33, 100.000000
29, 27, 34, 100.000000
29, 28, 0, 0.421803
29, 28, 1, -0.073621
29, 28, 2, -0.304018
29, 28, 3, -0.371175
29, 28, 4, -0.430357
29, 28, 5, -0.481372
29, 28, 6, -0.476728
29, 28, 7, -0.475522
29, 28, 8, -0.428090
29, 28, 9, -0.279103
29, 28, 10, -0.060561
29, 28, 11, 0.301608
29, 28, 12, 0.809239
29, 28, 13, 1.369542
29, 28, 14, 2.066213
29, 28, 15, 100.000000
29, 28, 16, 100.000000
29, 28, 17, 100.000000
29, 28, 18, 100.000000
29, 28, 19, 100.000000
29, 28, 20, 100.000000
29, 28, 21, 100.000000
29, 28, 22, 100.000000
29, 28, 23, 100.000000
29, 28, 24, 100.000000
29, 28, 25, 100.000000
29, 28, 26, 100.000000
29, 28, 27, 100.000000
29, 28, 28, 100.000000
29, 28, 29, 100.000000
29, 28, 30, 100.000000
29, 28, 31, 100.000000
29, 28, 32, 100.000000
29, 28, 33, 100.000000
29, 28, 34, 100.000000
29, 29, 0, 0.476169
29, 29, 1, 0.073622
29, 29, 2, -0.052054
29, 29, 3, -0.093303
29, 29, 4, -0.129128
29, 29, 5, -0.150240
29, 29, 6, -0.164015
29, 29, 7, -0.155795
29, 29, 8, -0.109624
29, 29, 9, -0.007383
29, 29, 10, 0.140760
29, 29, 11, 0.414061
29, 29, 12, 0.884875
29, 29, 13, 1.429881
29, 29, 14, 2.099109
29, 29, 15, 100.000000
29, 29, 16, 100.000000
29, 29, 17, 100.000000
29, 29, 18, 100.000000
29, 29, 19, 100.000000
29, 29, 20, 100.000000
29, 29, 21, 100.000000
29, 29, 22, 100.000000
29, 29, 23, 100.000000
29, 29, 24, 100.000000
29, 29, 25, 100.000000
29, 29, 26, 100.000000
29, 29, 27, 100.000000
29, 29, 28, 100.000000
29, 29, 29, 100.000000
29, 29, 30, 100.000000
29, 29, 31, 100.000000
29, 29, 32, 100.000000
29, 29, 33, 100.000000
29, 29, 34, 100.000000
30, 0, 0, 0.772986
30, 0, 1, 0.486712
30, 0, 2, 0.420031
30, 0, 3, 0.421603
30, 0, 4, 0.434386
30, 0, 5, 0.444526
30, 0, 6, 0.441660
30, 0, 7, 0.445839
30, 0, 8, 0.466715
30, 0, 9, 0.520617
30, 0, 10, 0.628920
30, 0, 11, 0.808668
30, 0, 12, 1.068441
30, 0, 13, 1.683939
30, 0, 14, 100.000000
30, 0, 15, 100.000000
30, 0, 16, 100.000000
30, 0, 17, 100.000000
30, 0, 18, 100.000000
30, 0, 19, 100.000000
30, 0, 20, 100.000000
30, 0, 21, 100.000000
30, 0, 22, 100.000000
30, 0, 23, 100.000000
30, 0, 24, 100.000000
30, 0, 25, 100.000000
30, 0, 26, 100.000000
30, 0, 27, 100.000000
30, 0, 28, 100.000000
30, 0, 29, 100.000000
30, 0, 30, 100.000000
30, 0, 31, 100.000000
30, 0, 32, 100.000000
30, 0, 33, 100.000000
30, 0, 34, 100.000000
30, 1, 0, 0.548963
30, 1, 1, 0.072780
30, 1, 2, -0.077416
30, 1, 3, -0.078924
30, 1, 4, -0.084660
30, 1, 5, -0.099131
30, 1, 6, -0.088740
30, 1, 7, -0.071955
30, 1, 8, -0.052370
30, 1, 9, 0.016357
30, 1, 10, 0.191238
30, 1, 11, 0.515496
30, 1, 12, 0.911206
30, 1, 13, 1.482846
30, 1, 14, 2.360072
30, 1, 15, 100.000000
30, 1, 16, 100.000000
30, 1, 17, 100.000000
30, 1, 18, 100.000000
30, 1, 19, 100.000000
30, 1, 20, 100.000000
30, 1, 21, 100.000000
30, 1, 22, 100.000000
30, 1, 23, 100.000000
30, 1, 24, 100.000000
30, 1, 25, 100.000000
30, 1, 26, 100.000000
30, 1, 27, 100.000000
30, 1, 28, 100.000000
30, 1, 29, 100.000000
30, 1, 30, 100.000000
30, 1, 31, 100.000000
30, 1, 32, 100.000000
30, 1, 33, 100.000000
30, 1, 34, 100.000000
30, 2, 0, 0.450329
30, 2, 1, -0.104583
30, 2, 2, -0.359391
30, 2, 3, -0.366673
30, 2, 4, -0.380018
30, 2, 5, -0.396455
30, 2, 6, -0.399046
30, 2, 7, -0.368330
30, 2, 8, -0.343024
30, 2, 9, -0.275470
30, 2, 10, -0.033548
30, 2, 11, 0.389549
30, 2, 12, 0.940208
30, 2, 13, 1.508263
30, 2, 14, 2.394343
30, 2, 15, 100.000000
30, 2, 16, 100.000000
30, 2, 17, 100.000000
30, 2, 18, 100.000000
30, 2, 19, 100.000000
30, 2, 20, 100.000000
30, 2, 21, 100.000000
30, 2, 22, 100.000000
30, 2, 23, 100.000000
30, 2, 24, 100.000000
30, 2, 25, 100.000000
30, 2, 26, 100.000000
30, 2, 27, 100.000000
30, 2, 28, 100.000000
30, 2, 29, 100.000000
30, 2, 30, 100.000000
30, 2, 31, 100.000000
30, 2, 32, 100.000000
30, 2, 33, 100.000000
30, 2, 34, 100.000000
30, 3, 0, 0.430250
30, 3, 1, -0.128852
30, 3, 2, -0.452079
30, 3, 3, -0.442031
30, 3, 4, -0.459375
30, 3, 5, -0.464266
30, 3, 6, -0.475559
30, 3, 7, -0.445992
30, 3, 8, -0.403004
30, 3, 9, -0.340196
30, 3, 10, -0.077825
30, 3, 11, 0.361175
30, 3, 12, 0.931720
30, 3, 13, 1.509126
30, 3, 14, 2.361053
30, 3, 15, 100.000000
30, 3, 16, 100.000000
30, 3, 17, 100.000000
30, 3, 18, 100.000000
30, 3, 19, 100.000000
30, 3, 20, 100.000000
30, 3, 21, 100.000000
30, 3, 22, 100.000000
30, 3, 23, 100.000000
30, 3, 24, 100.000000
30, 3, 25, 100.000000
30, 3, 26, 100.000000
30, 3, 27, 100.000000
30, 3, 28, 100.000000
30, 3, 29, 100.000000
30, 3, 30, 100.000000
30, 3, 31, 100.000000
30, 3, 32, 100.000000
30, 3, 33, 100.000000
30, 3, 34, 100.000000
30, 4, 0, 0.437203
30, 4, 1, -0.130463
30, 4, 2, -0.483703
30, 4, 3, -0.436542
30, 4, 4, -0.468033
30, 4, 5, -0.475316
30, 4, 6, -0.480777
30, 4, 7, -0.449284
30, 4, 8, -0.406253
30, 4, 9, -0.314895
30, 4, 10, -0.062849
30, 4, 11, 0.364097
30, 4, 12, 0.889500
30, 4, 13, 1.517045
30, 4, 14, 2.308334
30, 4, 15, 100.000000
30, 4, 16, 100.000000
30, 4, 17, 100.000000
30, 4, 18, 100.000000
30, 4, 19, 100.000000
30, 4, 20, 100.000000
30, 4, 21, 100.000000
30, 4, 22, 100.000000
30, 4, 23, 100.000000
30, 4, 24, 100.000000
30, 4, 25, 100.000000
30, 4, 26, 100.000000
30, 4, 27, 100.000000
30, 4, 28, 100.000000
30, 4, 29, 100.000000
30, 4, 30, 100.000000
30, 4, 31, 100.000000
30, 4, 32, 100.000000
30, 4, 33, 100.000000
30, 4, 34, 100.000000
30, 5, 0, 0.432988
30, 5, 1, -0.124325
30, 5, 2, -0.461086
30, 5, 3, -0.445340
30, 5, 4, -0.475458
30, 5, 5, -0.473073
30, 5, 6, -0.483417
30, 5, 7, -0.458509
30, 5, 8, -0.398569
30, 5, 9, -0.271784
30, 5, 10, -0.048737
30, 5, 11, 0.345625
30, 5, 12, 0.876590
30, 5, 13, 1.517533
30, 5, 14, 2.490092
30, 5, 15, 100.000000
30, 5, 16, 100.000000
30, 5, 17, 100.000000
30, 5, 18, 100.000000
30, 5, 19, 100.000000
30, 5, 20, 100.000000
30, 5, 21, 100.000000
30, 5, 22, 100.000000
30, 5, 23, 100.000000
30, 5, 24, 100.000000
30, 5, 25, 100.000000
30, 5, 26, 100.000000
30, 5, 27, 100.000000
30, 5, 28, 100.000000
30, 5, 29, 100.000000
30, 5, 30, 100.000000
30, 5, 31, 100.000000
30, 5, 32, 100.000000
30, 5, 33, 100.000000
30, 5, 34, 100.000000
30, 6, 0, 0.444060
30, 6, 1, -0.116574
30, 6, 2, -0.451789
30, 6, 3, -0.453661
30, 6, 4, -0.454584
30, 6, 5, -0.457947
30, 6, 6, -0.461290
30, 6, 7, -0.446872
30, 6, 8, -0.393657
30, 6, 9, -0.276855
30, 6, 10, -0.054875
30, 6, 11, 0.322970
30, 6, 12, 0.842607
30, 6, 13, 1.530686
30, 6, 14, 2.404357
30, 6, 15, 100.000000
30, 6, 16, 100.000000
30, 6, 17, 100.000000
30, 6, 18, 100.000000
30, 6, 19, 100.000000
30, 6, 20, 100.000000
30, 6, 21, 100.000000
30, 6, 22, 100.000000
30, 6, 23, 100.000000
30, 6, 24, 100.000000
30, 6, 25, 100.000000
30, 6, 26, 100.000000
30, 6, 27, 100.000000
30, 6, 28, 100.000000
30, 6, 29, 100.000000
30, 6, 30, 100.000000
30, 6, 31, 100.000000
30, 6, 32, 100.000000
30, 6, 33, 100.000000
30, 6, 34, 100.000000
30, 7, 0, 0.461012
30, 7, 1, -0.105782
30, 7, 2, -0.445145
30, 7, 3, -0.444000
30, 7, 4, -0.460776
30, 7, 5, -0.475677
30, 7, 6, -0.469668
30, 7, 7, -0.429883
30, 7, 8, -0.404621
30, 7, 9, -0.326517
30, 7, 10, -0.080383
30, 7, 11, 0.330327
30, 7, 12, 0.862063
30, 7, 13, 1.553880
30, 7, 14, 100.000000
30, 7, 15, 100.000000
30, 7, 16, 100.000000
30, 7, 17, 100.000000
30, 7, 18, 100.000000
30, 7, 19, 100.000000
30, 7, 20, 100.000000
30, 7, 21, 100.000000
30, 7, 22, 100.000000
30, 7, 23, 100.000000
30, 7, 24, 100.000000
30, 7, 25, 100.000000
30, 7, 26, 100.000000
30, 7, 27, 100.000000
30, 7, 28, 100.000000
30, 7, 29, 100.000000
30, 7, 30, 100.000000
30, 7, 31, 100.000000
30, 7, 32, 100.000000
30, 7, 33, 100.000000
30, 7, 34, 100.000000
30, 8, 0, 0.465935
30, 8, 1, -0.088791
30, 8, 2, -0.449940
30, 8, 3, -0.450648
30, 8, 4, -0.462578
30, 8, 5, -0.451936
30, 8, 6, -0.447590
30, 8, 7, -0.425185
30, 8, 8, -0.426464
30, 8, 9, -0.358704
30, 8, 10, -0.089936
30, 8, 11, 0.354947
30, 8, 12, 0.911839
30, 8, 13, 1.560019
30, 8, 14, 2.495216
30, 8, 15, 100.000000
30, 8, 16, 100.000000
30, 8, 17, 100.000000
30, 8, 18, 100.000000
30, 8, 19, 100.000000
30, 8, 20, 100.000000
30, 8, 21, 100.000000
30, 8, 22, 100.000000
30, 8, 23, 100.000000
30, 8, 24, 100.000000
30, 8, 25, 100.000000
30, 8, 26, 100.000000
30, 8, 27, 100.000000
30, 8, 28, 100.000000
30, 8, 29, 100.000000
30, 8, 30, 100.000000
30, 8, 31, 100.000000
30, 8, 32, 100.000000
30, 8, 33, 100.000000
30, 8, 34, 100.000000
30, 9, 0, 0.455273
30, 9, 1, -0.072079
30, 9, 2, -0.424277
30, 9, 3, -0.417214
30, 9, 4, -0.411915
30, 9, 5, -0.434960
30, 9, 6, -0.450241
30, 9, 7, -0.435026
30, 9, 8, -0.431280
30, 9, 9, -0.357593
30, 9, 10, -0.096265
30, 9, 11, 0.335883
30, 9, 12, 0.871633
30, 9, 13, 1.482514
30, 9, 14, 2.493235
30, 9, 15, 100.000000
30, 9, 16, 100.000000
30, 9, 17, 100.000000
30, 9, 18, 100.000000
30, 9, 19, 100.000000
30, 9, 20, 100.000000
30, 9, 21, 100.000000
30, 9, 22, 100.000000
30, 9, 23, 100.000000
30, 9, 24, 100.000000
30, 9, 25, 100.000000
30, 9, 26, 100.000000
30, 9, 27, 100.000000
30, 9, 28, 100.000000
30, 9, 29, 100.000000
30, 9, 30, 100.000000
30, 9, 31, 100.000000
30, 9, 32, 100.000000
30, 9, 33, 100.000000
30, 9, 34, 100.000000
30, 10, 0, 0.450059
30, 10, 1, -0.073943
30, 10, 2, -0.420093
30, 10, 3, -0.426759
30, 10, 4, -0.394602
30, 10, 5, -0.420238
30, 10, 6, -0.441829
30, 10, 7, -0.433957
30, 10, 8, -0.429121
30, 10, 9, -0.373099
30, 10, 10, -0.125377
30, 10, 11, 0.318099
30, 10, 12, 0.843612
30, 10, 13, 1.430323
30, 10, 14, 2.262298
30, 10, 15, 100.000000
30, 10, 16, 100.000000
30, 10, 17, 100.000000
30, 10, 18, 100.000000
30, 10, 19, 100.000000
30, 10, 20, 100.000000
30, 10, 21, 100.000000
30, 10, 22, 100.000000
30, 10, 23, 100.000000
30, 10, 24, 100.000000
30, 10, 25, 100.000000
30, 10, 26, 100.000000
30, 10, 27, 100.000000
30, 10, 28, 100.000000
30, 10, 29, 100.000000
30, 10, 30, 100.000000
30, 10, 31, 100.000000
30, 10, 32, 100.000000
30, 10, 33, 100.000000
30, 10, 34, 100.000000
30, 11, 0, 0.442211
30, 11, 1, -0.117316
30, 11, 2, -0.471990
30, 11, 3, -0.426338
30, 11, 4, -0.413305
30, 11, 5, -0.430060
30, 11, 6, -0.442107
30, 11, 7, -0.426158
30, 11, 8, -0.432591
30, 11, 9, -0.387177
30, 11, 10, -0.154074
30, 11, 11, 0.300519
30, 11, 12, 0.842490
30, 11, 13, 1.433138
30, 11, 14, 2.317302
30, 11, 15, 100.000000
30, 11, 16, 100.000000
30, 11, 17, 100.000000
30, 11, 18, 100.000000
30, 11, 19, 100.000000
30, 11, 20, 100.000000
30, 11, 21, 100.000000
30, 11, 22, 100.000000
30, 11, 23, 100.000000
30, 11, 24, 100.000000
30, 11, 25, 100.000000
30, 11, 26, 100.000000
30, 11, 27, 100.000000
30, 11, 28, 100.000000
30, 11, 29, 100.000000
30, 11, 30, 100.000000
30, 11, 31, 100.000000
30, 11, 32, 100.000000
30, 11, 33, 100.000000
30, 11, 34, 100.000000
30, 12, 0, 0.439882
30, 12, 1, -0.152945
30, 12, 2, -0.483931
30, 12, 3, -0.412816
30, 12, 4, -0.431901
30, 12, 5, -0.458966
30, 12, 6, -0.465138
30, 12, 7, -0.415618
30, 12, 8, -0.402719
30, 12, 9, -0.383417
30, 12, 10, -0.181697
30, 12, 11, 0.250016
30, 12, 12, 0.813612
30, 12, 13, 1.450081
30, 12, 14, 2.261585
30, 12, 15, 100.000000
30, 12, 16, 100.000000
30, 12, 17, 100.000000
30, 12, 18, 100.000000
30, 12, 19, 100.000000
30, 12, 20, 100.000000
30, 12, 21, 100.000000
30, 12, 22, 100.000000
30, 12, 23, 100.000000
30, 12, 24, 100.000000
30, 12, 25, 100.000000
30, 12, 26, 100.000000
30, 12, 27, 100.000000
30, 12, 28, 100.000000
30, 12, 29, 100.000000
30, 12, 30, 100.000000
30, 12, 31, 100.000000
30, 12, 32, 100.000000
30, 12, 33, 100.000000
30, 12, 34, 100.000000
30, 13, 0, 0.446546
30, 13, 1, -0.139342
30, 13, 2, -0.484073
30, 13, 3, -0.398390
30, 13, 4, -0.446990
30, 13, 5, -0.474681
30, 13, 6, -0.482660
30, 13, 7, -0.436084
30, 13, 8, -0.382560
30, 13, 9, -0.380982
30, 13, 10, -0.196386
30, 13, 11, 0.226712
30, 13, 12, 0.770478
30, 13, 13, 1.393461
30, 13, 14, 2.155466
30, 13, 15, 100.000000
30, 13, 16, 100.000000
30, 13, 17, 100.000000
30, 13, 18, 100.000000
30, 13, 19, 100.000000
30, 13, 20, 100.000000
30, 13, 21, 100.000000
30, 13, 22, 100.000000
30, 13, 23, 100.000000
30, 13, 24, 100.000000
30, 13, 25, 100.000000
30, 13, 26, 100.000000
30, 13, 27, 100.000000
30, 13, 28, 100.000000
30, 13, 29, 100.000000
30, 13, 30, 100.000000
30, 13, 31, 100.000000
30, 13, 32, 100.000000
30, 13, 33, 100.000000
30, 13, 34, 100.000000
30, 14, 0, 0.466331
30, 14, 1, -0.108125
30, 14, 2, -0.464169
30, 14, 3, -0.395481
30, 14, 4, -0.441091
30, 14, 5, -0.468849
30, 14, 6, -0.475049
30, 14, 7, -0.457457
30, 14, 8, -0.398758
30, 14, 9, -0.371058
30, 14, 10, -0.181746
30, 14, 11, 0.245811
30, 14, 12, 0.778566
30, 14, 13, 1.413554
30, 14, 14, 2.225704
30, 14, 15, 100.000000
30, 14, 16, 100.000000
30, 14, 17, 100.000000
30, 14, 18, 100.000000
30, 14, 19, 100.000000
30, 14, 20, 100.000000
30, 14, 21, 100.000000
30, 14, 22, 100.000000
30, 14, 23, 100.000000
30, 14, 24, 100.000000
30, 14, 25, 100.000000
30, 14, 26, 100.000000
30, 14, 27, 100.000000
30, 14, 28, 100.000000
30, 14, 29, 100.000000
30, 14, 30, 100.000000
30, 14, 31, 100.000000
30, 14, 32, 100.000000
30, 14, 33, 100.000000
30, 14, 34, 100.000000
30, 15, 0, 0.470049
30, 15, 1, -0.097889
30, 15, 2, -0.458158
30, 15, 3, -0.401137
30, 15, 4, -0.433016
30, 15, 5, -0.466357
30, 15, 6, -0.471994
30, 15, 7, -0.458257
30, 15, 8, -0.400467
30, 15, 9, -0.342473
30, 15, 10, -0.147501
30, 15, 11, 0.256869
30, 15, 12, 0.809840
30, 15, 13, 1.498215
30, 15, 14, 2.414671
30, 15, 15, 100.000000
30, 15, 16, 100.000000
30, 15, 17, 100.000000
30, 15, 18, 100.000000
30, 15, 19, 100.000000
30, 15, 20, 100.000000
30, 15, 21, 100.000000
30, 15, 22, 100.000000
30, 15, 23, 100.000000
30, 15, 24, 100.000000
30, 15, 25, 100.000000
30, 15, 26, 100.000000
30, 15, 27, 100.000000
30, 15, 28, 100.000000
30, 15, 29, 100.000000
30, 15, 30, 100.000000
30, 15, 31, 100.000000
30, 15, 32, 100.000000
30, 15, 33, 100.000000
30, 15, 34, 100.000000
30, 16, 0, 0.456578
30, 16, 1, -0.129517
30, 16, 2, -0.469357
30, 16, 3, -0.406282
30, 16, 4, -0.431174
30, 16, 5, -0.461958
30, 16, 6, -0.458536
30, 16, 7, -0.456322
30, 16, 8, -0.416827
30, 16, 9, -0.342911
30, 16, 10, -0.155502
30, 16, 11, 0.256099
30, 16, 12, 0.818211
30, 16, 13, 1.425840
30, 16, 14, 2.150346
30, 16, 15, 100.000000
30, 16, 16, 100.000000
30, 16, 17, 100.000000
30, 16, 18, 100.000000
30, 16, 19, 100.000000
30, 16, 20, 100.000000
30, 16, 21, 100.000000
30, 16, 22, 100.000000
30, 16, 23, 100.000000
30, 16, 24, 100.000000
30, 16, 25, 100.000000
30, 16, 26, 100.000000
30, 16, 27, 100.000000
30, 16, 28, 100.000000
30, 16, 29, 100.000000
30, 16, 30, 100.000000
30, 16, 31, 100.000000
30, 16, 32, 100.000000
30, 16, 33, 100.000000
30, 16, 34, 100.000000
30, 17, 0, 0.429384
30, 17, 1, -0.166363
30, 17, 2, -0.469707
30, 17, 3, -0.401893
30, 17, 4, -0.440282
30, 17, 5, -0.493374
30, 17, 6, -0.482743
30, 17, 7, -0.459525
30, 17, 8, -0.427259
30, 17, 9, -0.342422
30, 17, 10, -0.149319
30, 17, 11, 0.252347
30, 17, 12, 0.755707
30, 17, 13, 1.297904
30, 17, 14, 2.109470
30, 17, 15, 100.000000
30, 17, 16, 100.000000
30, 17, 17, 100.000000
30, 17, 18, 100.000000
30, 17, 19, 100.000000
30, 17, 20, 100.000000
30, 17, 21, 100.000000
30, 17, 22, 100.000000
30, 17, 23, 100.000000
30, 17, 24, 100.000000
30, 17, 25, 100.000000
30, 17, 26, 100.000000
30, 17, 27, 100.000000
30, 17, 28, 100.000000
30, 17, 29, 100.000000
30, 17, 30, 100.000000
30, 17, 31, 100.000000
30, 17, 32, 100.000000
30, 17, 33, 100.000000
30, 17, 34, 100.000000
30, 18, 0, 0.410327
30, 18, 1, -0.190454
30, 18, 2, -0.439063
30, 18, 3, -0.394038
30, 18, 4, -0.467075
30, 18, 5, -0.483086
30, 18, 6, -0.491495
30, 18, 7, -0.462882
30, 18, 8, -0.405398
30, 18, 9, -0.319067
30, 18, 10, -0.152486
30, 18, 11, 0.180920
30, 18, 12, 0.620520
30, 18, 13, 1.213808
30, 18, 14, 1.958448
30, 18, 15, 100.000000
30, 18, 16, 100.000000
30, 18, 17, 100.000000
30, 18, 18, 100.000000
30, 18, 19, 100.000000
30, 18, 20, 100.000000
30, 18, 21, 100.000000
30, 18, 22, 100.000000
30, 18, 23, 100.000000
30, 18, 24, 100.000000
30, 18, 25, 100.000000
30, 18, 26, 100.000000
30, 18, 27, 100.000000
30, 18, 28, 100.000000
30, 18, 29, 100.000000
30, 18, 30, 100.000000
30, 18, 31, 100.000000
30, 18, 32, 100.000000
30, 18, 33, 100.000000
30, 18, 34, 100.000000
30, 19, 0, 0.422940
30, 19, 1, -0.184457
30, 19, 2, -0.435384
30, 19, 3, -0.398341
30, 19, 4, -0.471562
30, 19, 5, -0.478034
30, 19, 6, -0.481362
30, 19, 7, -0.457453
30, 19, 8, -0.416640
30, 19, 9, -0.341513
30, 19, 10, -0.196112
30, 19, 11, 0.117713
30, 19, 12, 0.561793
30, 19, 13, 1.164596
30, 19, 14, 1.914659
30, 19, 15, 100.000000
30, 19, 16, 100.000000
30, 19, 17, 100.000000
30, 19, 18, 100.000000
30, 19, 19, 100.000000
30, 19, 20, 100.000000
30, 19, 21, 100.000000
30, 19, 22, 100.000000
30, 19, 23, 100.000000
30, 19, 24, 100.000000
30, 19, 25, 100.000000
30, 19, 26, 100.000000
30, 19, 27, 100.000000
30, 19, 28, 100.000000
30, 19, 29, 100.000000
30, 19, 30, 100.000000
30, 19, 31, 100.000000
30, 19, 32, 100.000000
30, 19, 33, 100.000000
30, 19, 34, 100.000000
30, 20, 0, 0.430324
30, 20, 1, -0.172346
30, 20, 2, -0.454634
30, 20, 3, -0.418701
30, 20, 4, -0.444973
30, 20, 5, -0.452082
30, 20, 6, -0.456734
30, 20, 7, -0.446592
30, 20, 8, -0.427429
30, 20, 9, -0.380343
30, 20, 10, -0.229214
30, 20, 11, 0.094521
30, 20, 12, 0.570336
30, 20, 13, 1.175416
30, 20, 14, 1.881196
30, 20, 15, 100.000000
30, 20, 16, 100.000000
30, 20, 17, 100.000000
30, 20, 18, 100.000000
30, 20, 19, 100.000000
30, 20, 20, 100.000000
30, 20, 21, 100.000000
30, 20, 22, 100.000000
30, 20, 23, 100.000000
30, 20, 24, 100.000000
30, 20, 25, 100.000000
30, 20, 26, 100.000000
30, 20, 27, 100.000000
30, 20, 28, 100.000000
30, 20, 29, 100.000000
30, 20, 30, 100.000000
30, 20, 31, 100.000000
30, 20, 32, 100.000000
30, 20, 33, 100.000000
30, 20, 34, 100.000000
30, 21, 0, 0.434386
30, 21, 1, -0.159879
30, 21, 2, -0.454536
30, 21, 3, -0.415223
30, 21, 4, -0.426351
30, 21, 5, -0.424645
30, 21, 6, -0.436225
30, 21, 7, -0.435940
30, 21, 8, -0.416286
30, 21, 9, -0.365132
30, 21, 10, -0.167782
30, 21, 11, 0.197919
30, 21, 12, 0.700744
30, 21, 13, 1.333677
30, 21, 14, 1.946035
30, 21, 15, 100.000000
30, 21, 16, 100.000000
30, 21, 17, 100.000000
30, 21, 18, 100.000000
30, 21, 19, 100.000000
30, 21, 20, 100.000000
30, 21, 21, 100.000000
30, 21, 22, 100.000000
30, 21, 23, 100.000000
30, 21, 24, 100.000000
30, 21, 25, 100.000000
30, 21, 26, 100.000000
30, 21, 27, 100.000000
30, 21, 28, 100.000000
30, 21, 29, 100.000000
30, 21, 30, 100.000000
30, 21, 31, 100.000000
30, 21, 32, 100.000000
30, 21, 33, 100.000000
30, 21, 34, 100.000000
30, 22, 0, 0.449582
30, 22, 1, -0.147247
30, 22, 2, -0.444347
30, 22, 3, -0.405672
30, 22, 4, -0.427421
30, 22, 5, -0.434142
30, 22, 6, -0.433581
30, 22, 7, -0.442161
30, 22, 8, -0.425609
30, 22, 9, -0.322078
30, 22, 10, -0.098245
30, 22, 11, 0.302116
30, 22, 12, 0.820618
30, 22, 13, 1.453310
30, 22, 14, 2.397665
30, 22, 15, 100.000000
30, 22, 16, 100.000000
30, 22, 17, 100.000000
30, 22, 18, 100.000000
30, 22, 19, 100.000000
30, 22, 20, 100.000000
30, 22, 21, 100.000000
30, 22, 22, 100.000000
30, 22, 23, 100.000000
30, 22, 24, 100.000000
30, 22, 25, 100.000000
30, 22, 26, 100.000000
30, 22, 27, 100.000000
30, 22, 28, 100.000000
30, 22, 29, 100.000000
30, 22, 30, 100.000000
30, 22, 31, 100.000000
30, 22, 32, 100.000000
30, 22, 33, 100.000000
30, 22, 34, 100.000000
30, 23, 0, 0.455092
30, 23, 1, -0.144228
30, 23, 2, -0.470098
30, 23, 3, -0.410892
30, 23, 4, -0.449007
30, 23, 5, -0.434466
30, 23, 6, -0.450670
30, 23, 7, -0.477404
30, 23, 8, -0.441571
30, 23, 9, -0.303045
30, 23, 10, -0.058404
30, 23, 11, 0.334264
30, 23, 12, 0.836959
30, 23, 13, 1.326466
30, 23, 14, 2.321882
30, 23, 15, 100.000000
30, 23, 16, 100.000000
30, 23, 17, 100.000000
30, 23, 18, 100.000000
30, 23, 19, 100.000000
30, 23, 20, 100.000000
30, 23, 21, 100.000000
30, 23, 22, 100.000000
30, 23, 23, 100.000000
30, 23, 24, 100.000000
30, 23, 25, 100.000000
30, 23, 26, 100.000000
30, 23, 27, 100.000000
30, 23, 28, 100.000000
30, 23, 29, 100.000000
30, 23, 30, 100.000000
30, 23, 31, 100.000000
30, 23, 32, 100.000000
30, 23, 33, 100.000000
30, 23, 34, 100.000000
30, 24, 0, 0.444353
30, 24, 1, -0.151550
30, 24, 2, -0.449680
30, 24, 3, -0.400810
30, 24, 4, -0.430400
30, 24, 5, -0.442418
30, 24, 6, -0.475727
30, 24, 7, -0.467822
30, 24, 8, -0.433584
30, 24, 9, -0.317790
30, 24, 10, -0.067423
30, 24, 11, 0.308527
30, 24, 12, 0.793918
30, 24, 13, 1.292693
30, 24, 14, 2.026260
30, 24, 15, 100.000000
30, 24, 16, 100.000000
30, 24, 17, 100.000000
30, 24, 18, 100.000000
30, 24, 19, 100.000000
30, 24, 20, 100.000000
30, 24, 21, 100.000000
30, 24, 22, 100.000000
30, 24, 23, 100.000000
30, 24, 24, 100.000000
30, 24, 25, 100.000000
30, 24, 26, 100.000000
30, 24, 27, 100.000000
30, 24, 28, 100.000000
30, 24, 29, 100.000000
30, 24, 30, 100.000000
30, 24, 31, 100.000000
30, 24, 32, 100.000000
30, 24, 33, 100.000000
30, 24, 34, 100.000000
30, 25, 0, 0.423227
30, 25, 1, -0.150243
30, 25, 2, -0.466685
30, 25, 3, -0.410993
30, 25, 4, -0.445856
30, 25, 5, -0.477567
30, 25, 6, -0.479901
30, 25, 7, -0.438683
30, 25, 8, -0.439917
30, 25, 9, -0.346863
30, 25, 10, -0.100348
30, 25, 11, 0.274983
30, 25, 12, 0.753709
30, 25, 13, 1.305462
30, 25, 14, 2.004663
30, 25, 15, 100.000000
30, 25, 16, 100.000000
30, 25, 17, 100.000000
30, 25, 18, 100.000000
30, 25, 19, 100.000000
30, 25, 20, 100.000000
30, 25, 21, 100.000000
30, 25, 22, 100.000000
30, 25, 23, 100.000000
30, 25, 24, 100.000000
30, 25, 25, 100.000000
30, 25, 26, 100.000000
30, 25, 27, 100.000000
30, 25, 28, 100.000000
30, 25, 29, 100.000000
30, 25, 30, 100.000000
30, 25, 31, 100.000000
30, 25, 32, 100.000000
30, 25, 33, 100.000000
30, 25, 34, 100.000000
30, 26, 0, 0.414899
30, 26, 1, -0.139572
30, 26, 2, -0.460997
30, 26, 3, -0.423837
30, 26, 4, -0.433718
30, 26, 5, -0.449584
30, 26, 6, -0.480764
30, 26, 7, -0.448023
30, 26, 8, -0.464756
30, 26, 9, -0.349780
30, 26, 10, -0.095721
30, 26, 11, 0.284754
30, 26, 12, 0.792194
30, 26, 13, 1.359122
30, 26, 14, 2.115695
30, 26, 15, 100.000000
30, 26, 16, 100.000000
30, 26, 17, 100.000000
30, 26, 18, 100.000000
30, 26, 19, 100.000000
30, 26, 20, 100.000000
30, 26, 21, 100.000000
30, 26, 22, 100.000000
30, 26, 23, 100.000000
30, 26, 24, 100.000000
30, 26, 25, 100.000000
30, 26, 26, 100.000000
30, 26, 27, 100.000000
30, 26, 28, 100.000000
30, 26, 29, 100.000000
30, 26, 30, 100.000000
30, 26, 31, 100.000000
30, 26, 32, 100.000000
30, 26, 33, 100.000000
30, 26, 34, 100.000000
30, 27, 0, 0.406227
30, 27, 1, -0.110585
30, 27, 2, -0.405369
30, 27, 3, -0.445685
30, 27, 4, -0.459984
30, 27, 5, -0.439401
30, 27, 6, -0.439441
30, 27, 7, -0.420436
30, 27, 8, -0.449193
30, 27, 9, -0.340894
30, 27, 10, -0.105346
30, 27, 11, 0.304202
30, 27, 12, 0.853049
30, 27, 13, 1.432942
30, 27, 14, 2.278500
30, 27, 15, 100.000000
30, 27, 16, 100.000000
30, 27, 17, 100.000000
30, 27, 18, 100.000000
30, 27, 19, 100.000000
30, 27, 20, 100.000000
30, 27, 21, 100.000000
30, 27, 22, 100.000000
30, 27, 23, 100.000000
30, 27, 24, 100.000000
30, 27, 25, 100.000000
30, 27, 26, 100.000000
30, 27, 27, 100.000000
30, 27, 28, 100.000000
30, 27, 29, 100.000000
30, 27, 30, 100.000000
30, 27, 31, 100.000000
30, 27, 32, 100.000000
30, 27, 33, 100.000000
30, 27, 34, 100.000000
30, 28, 0, 0.420879
30, 28, 1, -0.062366
30, 28, 2, -0.306727
30, 28, 3, -0.377332
30, 28, 4, -0.425357
30, 28, 5, -0.481379
30, 28, 6, -0.467818
30, 28, 7, -0.451685
30, 28, 8, -0.418653
30, 28, 9, -0.287612
30, 28, 10, -0.090774
30, 28, 11, 0.289499
30, 28, 12, 0.837282
30, 28, 13, 1.487929
30, 28, 14, 2.434238
30, 28, 15, 100.000000
30, 28, 16, 100.000000
30, 28, 17, 100.000000
30, 28, 18, 100.000000
30, 28, 19, 100.000000
30, 28, 20, 100.000000
30, 28, 21, 100.000000
30, 28, 22, 100.000000
30, 28, 23, 100.000000
30, 28, 24, 100.000000
30, 28, 25, 100.000000
30, 28, 26, 100.000000
30, 28, 27, 100.000000
30, 28, 28, 100.000000
30, 28, 29, 100.000000
30, 28, 30, 100.000000
30, 28, 31, 100.000000
30, 28, 32, 100.000000
30, 28, 33, 100.000000
30, 28, 34, 100.000000
30, 29, 0, 0.496523
30, 29, 1, 0.097389
30, 29, 2, -0.038337
30, 29, 3, -0.089684
30, 29, 4, -0.123815
30, 29, 5, -0.152420
30, 29, 6, -0.167422
30, 29, 7, -0.156761
30, 29, 8, -0.103651
30, 29, 9, -0.012779
30, 29, 10, 0.109382
30, 29, 11, 0.380088
30, 29, 12, 0.846436
30, 29, 13, 1.464659
30, 29, 14, 2.245053
30, 29, 15, 100.000000
30, 29, 16, 100.000000
30, 29, 17, 100.000000
30, 29, 18, 100.000000
30, 29, 19, 100.000000
30, 29, 20, 100.000000
30, 29, 21, 100.000000
30, 29, 22, 100.000000
30, 29, 23, 100.000000
30, 29, 24, 100.000000
30, 29, 25, 100.000000
30, 29, 26, 100.000000
30, 29, 27, 100.000000
30, 29, 28, 100.000000
30, 29, 29, 100.000000
30, 29, 30, 100.000000
30, 29, 31, 100.000000
30, 29, 32, 100.000000
30, 29, 33, 100.000000
30, 29, 34, 100.000000
31, 0, 0, 0.798434
31, 0, 1, 0.523184
31, 0, 2, 0.448300
31, 0, 3, 0.418791
31, 0, 4, 0.428576
31, 0, 5, 0.458180
31, 0, 6, 0.465440
31, 0, 7, 0.460956
31, 0, 8, 0.470899
31, 0, 9, 0.517177
31, 0, 10, 0.621792
31, 0, 11, 0.841727
31, 0, 12, 1.152978
31, 0, 13, 1.798134
31, 0, 14, 100.000000
31, 0, 15, 100.000000
31, 0, 16, 100.000000
31, 0, 17, 100.000000
31, 0, 18, 100.000000
31, 0, 19, 100.000000
31, 0, 20, 100.000000
31, 0, 21, 100.000000
31, 0, 22, 100.000000
31, 0, 23, 100.000000
31, 0, 24, 100.000000
31, 0, 25, 100.000000
31, 0, 26, 100.000000
31, 0, 27, 100.000000
31, 0, 28, 100.000000
31, 0, 29, 100.000000
31, 0, 30, 100.000000
31, 0, 31, 100.000000
31, 0, 32, 100.000000
31, 0, 33, 100.000000
31, 0, 34, 100.000000
31, 1, 0, 0.552208
31, 1, 1, 0.082769
31, 1, 2, -0.053367
31, 1, 3, -0.077029
31, 1, 4, -0.083212
31, 1, 5, -0.079856
31, 1, 6, -0.061238
31, 1, 7, -0.060903
31, 1, 8, -0.055314
31, 1, 9, 0.005335
31, 1, 10, 0.180349
31, 1, 11, 0.526212
31, 1, 12, 0.981363
31, 1, 13, 1.590528
31, 1, 14, 2.474482
31, 1, 15, 100.000000
31, 1, 16, 100.000000
31, 1, 17, 100.000000
31, 1, 18, 100.000000
31, 1, 19, 100.000000
31, 1, 20, 100.000000
31, 1, 21, 100.000000
31, 1, 22, 100.000000
31, 1, 23, 100.000000
31, 1, 24, 100.000000
31, 1, 25, 100.000000
31, 1, 26, 100.000000
31, 1, 27, 100.000000
31, 1, 28, 100.000000
31, 1, 29, 100.000000
31, 1, 30, 100.000000
31, 1, 31, 100.000000
31, 1, 32, 100.000000
31, 1, 33, 100.000000
31, 1, 34, 100.000000
31, 2, 0, 0.440161
31, 2, 1, -0.116711
31, 2, 2, -0.344690
31, 2, 3, -0.366160
31, 2, 4, -0.388845
31, 2, 5, -0.394440
31, 2, 6, -0.379482
31, 2, 7, -0.366914
31, 2, 8, -0.355968
31, 2, 9, -0.305438
31, 2, 10, -0.047185
31, 2, 11, 0.398698
31, 2, 12, 0.971170
31, 2, 13, 1.601088
31, 2, 14, 100.000000
31, 2, 15, 100.000000
31, 2, 16, 100.000000
31, 2, 17, 100.000000
31, 2, 18, 100.000000
31, 2, 19, 100.000000
31, 2, 20, 100.000000
31, 2, 21, 100.000000
31, 2, 22, 100.000000
31, 2, 23, 100.000000
31, 2, 24, 100.000000
31, 2, 25, 100.000000
31, 2, 26, 100.000000
31, 2, 27, 100.000000
31, 2, 28, 100.000000
31, 2, 29, 100.000000
31, 2, 30, 100.000000
31, 2, 31, 100.000000
31, 2, 32, 100.000000
31, 2, 33, 100.000000
31, 2, 34, 100.000000
31, 3, 0, 0.420966
31, 3, 1, -0.133001
31, 3, 2, -0.437359
31, 3, 3, -0.421281
31, 3, 4, -0.460990
31, 3, 5, -0.495716
31, 3, 6, -0.465859
31, 3, 7, -0.430754
31, 3, 8, -0.398185
31, 3, 9, -0.341196
31, 3, 10, -0.071156
31, 3, 11, 0.386950
31, 3, 12, 0.962375
31, 3, 13, 1.574698
31, 3, 14, 2.445062
31, 3, 15, 100.000000
31, 3, 16, 100.000000
31, 3, 17, 100.000000
31, 3, 18, 100.000000
31, 3, 19, 100.000000
31, 3, 20, 100.000000
31, 3, 21, 100.000000
31, 3, 22, 100.000000
31, 3, 23, 100.000000
31, 3, 24, 100.000000
31, 3, 25, 100.000000
31, 3, 26, 100.000000
31, 3, 27, 100.000000
31, 3, 28, 100.000000
31, 3, 29, 100.000000
31, 3, 30, 100.000000
31, 3, 31, 100.000000
31, 3, 32, 100.000000
31, 3, 33, 100.000000
31, 3, 34, 100.000000
31, 4, 0, 0.427898
31, 4, 1, -0.126425
31, 4, 2, -0.472878
31, 4, 3, -0.410580
31, 4, 4, -0.453076
31, 4, 5, -0.477755
31, 4, 6, -0.490380
31, 4, 7, -0.449823
31, 4, 8, -0.408582
31, 4, 9, -0.323422
31, 4, 10, -0.053930
31, 4, 11, 0.387519
31, 4, 12, 0.919348
31, 4, 13, 1.557474
31, 4, 14, 2.385138
31, 4, 15, 100.000000
31, 4, 16, 100.000000
31, 4, 17, 100.000000
31, 4, 18, 100.000000
31, 4, 19, 100.000000
31, 4, 20, 100.000000
31, 4, 21, 100.000000
31, 4, 22, 100.000000
31, 4, 23, 100.000000
31, 4, 24, 100.000000
31, 4, 25, 100.000000
31, 4, 26, 100.000000
31, 4, 27, 100.000000
31, 4, 28, 100.000000
31, 4, 29, 100.000000
31, 4, 30, 100.000000
31, 4, 31, 100.000000
31, 4, 32, 100.000000
31, 4, 33, 100.000000
31, 4, 34, 100.000000
31, 5, 0, 0.416875
31, 5, 1, -0.133586
31, 5, 2, -0.457813
31, 5, 3, -0.417414
31, 5, 4, -0.463857
31, 5, 5, -0.481132
31, 5, 6, -0.472421
31, 5, 7, -0.436192
31, 5, 8, -0.382148
31, 5, 9, -0.290995
31, 5, 10, -0.049037
31, 5, 11, 0.359635
31, 5, 12, 0.896136
31, 5, 13, 1.587709
31, 5, 14, 2.437087
31, 5, 15, 100.000000
31, 5, 16, 100.000000
31, 5, 17, 100.000000
31, 5, 18, 100.000000
31, 5, 19, 100.000000
31, 5, 20, 100.000000
31, 5, 21, 100.000000
31, 5, 22, 100.000000
31, 5, 23, 100.000000
31, 5, 24, 100.000000
31, 5, 25, 100.000000
31, 5, 26, 100.000000
31, 5, 27, 100.000000
31, 5, 28, 100.000000
31, 5, 29, 100.000000
31, 5, 30, 100.000000
31, 5, 31, 100.000000
31, 5, 32, 100.000000
31, 5, 33, 100.000000
31, 5, 34, 100.000000
31, 6, 0, 0.424414
31, 6, 1, -0.137870
31, 6, 2, -0.460561
31, 6, 3, -0.433561
31, 6, 4, -0.459505
31, 6, 5, -0.481782
31, 6, 6, -0.445430
31, 6, 7, -0.429702
31, 6, 8, -0.361408
31, 6, 9, -0.277823
31, 6, 10, -0.053012
31, 6, 11, 0.328519
31, 6, 12, 0.858631
31, 6, 13, 1.559088
31, 6, 14, 100.000000
31, 6, 15, 100.000000
31, 6, 16, 100.000000
31, 6, 17, 100.000000
31, 6, 18, 100.000000
31, 6, 19, 100.000000
31, 6, 20, 100.000000
31, 6, 21, 100.000000
31, 6, 22, 100.000000
31, 6, 23, 100.000000
31, 6, 24, 100.000000
31, 6, 25, 100.000000
31, 6, 26, 100.000000
31, 6, 27, 100.000000
31, 6, 28, 100.000000
31, 6, 29, 100.000000
31, 6, 30, 100.000000
31, 6, 31, 100.000000
31, 6, 32, 100.000000
31, 6, 33, 100.000000
31, 6, 34, 100.000000
31, 7, 0, 0.457653
31, 7, 1, -0.118556
31, 7, 2, -0.449039
31, 7, 3, -0.431489
31, 7, 4, -0.475062
31, 7, 5, -0.480458
31, 7, 6, -0.433465
31, 7, 7, -0.406340
31, 7, 8, -0.370495
31, 7, 9, -0.292741
31, 7, 10, -0.057634
31, 7, 11, 0.345470
31, 7, 12, 0.872628
31, 7, 13, 1.520240
31, 7, 14, 2.417512
31, 7, 15, 100.000000
31, 7, 16, 100.000000
31, 7, 17, 100.000000
31, 7, 18, 100.000000
31, 7, 19, 100.000000
31, 7, 20, 100.000000
31, 7, 21, 100.000000
31, 7, 22, 100.000000
31, 7, 23, 100.000000
31, 7, 24, 100.000000
31, 7, 25, 100.000000
31, 7, 26, 100.000000
31, 7, 27, 100.000000
31, 7, 28, 100.000000
31, 7, 29, 100.000000
31, 7, 30, 100.000000
31, 7, 31, 100.000000
31, 7, 32, 100.000000
31, 7, 33, 100.000000
31, 7, 34, 100.000000
31, 8, 0, 0.475898
31, 8, 1, -0.090982
31, 8, 2, -0.455858
31, 8, 3, -0.437249
31, 8, 4, -0.482258
31, 8, 5, -0.472942
31, 8, 6, -0.432255
31, 8, 7, -0.407102
31, 8, 8, -0.399405
31, 8, 9, -0.315043
31, 8, 10, -0.061900
31, 8, 11, 0.368451
31, 8, 12, 0.882497
31, 8, 13, 1.492820
31, 8, 14, 100.000000
31, 8, 15, 100.000000
31, 8, 16, 100.000000
31, 8, 17, 100.000000
31, 8, 18, 100.000000
31, 8, 19, 100.000000
31, 8, 20, 100.000000
31, 8, 21, 100.000000
31, 8, 22, 100.000000
31, 8, 23, 100.000000
31, 8, 24, 100.000000
31, 8, 25, 100.000000
31, 8, 26, 100.000000
31, 8, 27, 100.000000
31, 8, 28, 100.000000
31, 8, 29, 100.000000
31, 8, 30, 100.000000
31, 8, 31, 100.000000
31, 8, 32, 100.000000
31, 8, 33, 100.000000
31, 8, 34, 100.000000
31, 9, 0, 0.471823
31, 9, 1, -0.069207
31, 9, 2, -0.435415
31, 9, 3, -0.438377
31, 9, 4, -0.446819
31, 9, 5, -0.441067
31, 9, 6, -0.439103
31, 9, 7, -0.453065
31, 9, 8, -0.413744
31, 9, 9, -0.319435
31, 9, 10, -0.079339
31, 9, 11, 0.319096
31, 9, 12, 0.831237
31, 9, 13, 1.370185
31, 9, 14, 2.229846
31, 9, 15, 100.000000
31, 9, 16, 100.000000
31, 9, 17, 100.000000
31, 9, 18, 100.000000
31, 9, 19, 100.000000
31, 9, 20, 100.000000
31, 9, 21, 100.000000
31, 9, 22, 100.000000
31, 9, 23, 100.000000
31, 9, 24, 100.000000
31, 9, 25, 100.000000
31, 9, 26, 100.000000
31, 9, 27, 100.000000
31, 9, 28, 100.000000
31, 9, 29, 100.000000
31, 9, 30, 100.000000
31, 9, 31, 100.000000
31, 9, 32, 100.000000
31, 9, 33, 100.000000
31, 9, 34, 100.000000
31, 10, 0, 0.461817
31, 10, 1, -0.073167
31, 10, 2, -0.425767
31, 10, 3, -0.457925
31, 10, 4, -0.443102
31, 10, 5, -0.429951
31, 10, 6, -0.428818
31, 10, 7, -0.445894
31, 10, 8, -0.412761
31, 10, 9, -0.345980
31, 10, 10, -0.125281
31, 10, 11, 0.258959
31, 10, 12, 0.768592
31, 10, 13, 1.211738
31, 10, 14, 2.001252
31, 10, 15, 100.000000
31, 10, 16, 100.000000
31, 10, 17, 100.000000
31, 10, 18, 100.000000
31, 10, 19, 100.000000
31, 10, 20, 100.000000
31, 10, 21, 100.000000
31, 10, 22, 100.000000
31, 10, 23, 100.000000
31, 10, 24, 100.000000
31, 10, 25, 100.000000
31, 10, 26, 100.000000
31, 10, 27, 100.000000
31, 10, 28, 100.000000
31, 10, 29, 100.000000
31, 10, 30, 100.000000
31, 10, 31, 100.000000
31, 10, 32, 100.000000
31, 10, 33, 100.000000
31, 10, 34, 100.000000
31, 11, 0, 0.451199
31, 11, 1, -0.122083
31, 11, 2, -0.471970
31, 11, 3, -0.433306
31, 11, 4, -0.451630
31, 11, 5, -0.441038
31, 11, 6, -0.420869
31, 11, 7, -0.420173
31, 11, 8, -0.413655
31, 11, 9, -0.359365
31, 11, 10, -0.157471
31, 11, 11, 0.222978
31, 11, 12, 0.743076
31, 11, 13, 1.286086
31, 11, 14, 2.028556
31, 11, 15, 100.000000
31, 11, 16, 100.000000
31, 11, 17, 100.000000
31, 11, 18, 100.000000
31, 11, 19, 100.000000
31, 11, 20, 100.000000
31, 11, 21, 100.000000
31, 11, 22, 100.000000
31, 11, 23, 100.000000
31, 11, 24, 100.000000
31, 11, 25, 100.000000
31, 11, 26, 100.000000
31, 11, 27, 100.000000
31, 11, 28, 100.000000
31, 11, 29, 100.000000
31, 11, 30, 100.000000
31, 11, 31, 100.000000
31, 11, 32, 100.000000
31, 11, 33, 100.000000
31, 11, 34, 100.000000
31, 12, 0, 0.431437
31, 12, 1, -0.161323
31, 12, 2, -0.476773
31, 12, 3, -0.433240
31, 12, 4, -0.460276
31, 12, 5, -0.438415
31, 12, 6, -0.433851
31, 12, 7, -0.416945
31, 12, 8, -0.395504
31, 12, 9, -0.370069
31, 12, 10, -0.183322
31, 12, 11, 0.186933
31, 12, 12, 0.720356
31, 12, 13, 1.379177
31, 12, 14, 2.175987
31, 12, 15, 100.000000
31, 12, 16, 100.000000
31, 12, 17, 100.000000
31, 12, 18, 100.000000
31, 12, 19, 100.000000
31, 12, 20, 100.000000
31, 12, 21, 100.000000
31, 12, 22, 100.000000
31, 12, 23, 100.000000
31, 12, 24, 100.000000
31, 12, 25, 100.000000
31, 12, 26, 100.000000
31, 12, 27, 100.000000
31, 12, 28, 100.000000
31, 12, 29, 100.000000
31, 12, 30, 100.000000
31, 12, 31, 100.000000
31, 12, 32, 100.000000
31, 12, 33, 100.000000
31, 12, 34, 100.000000
31, 13, 0, 0.429150
31, 13, 1, -0.149343
31, 13, 2, -0.479542
31, 13, 3, -0.415682
31, 13, 4, -0.447286
31, 13, 5, -0.440089
31, 13, 6, -0.464323
31, 13, 7, -0.429042
31, 13, 8, -0.394307
31, 13, 9, -0.376322
31, 13, 10, -0.196563
31, 13, 11, 0.183416
31, 13, 12, 0.704014
31, 13, 13, 1.352450
31, 13, 14, 2.113769
31, 13, 15, 100.000000
31, 13, 16, 100.000000
31, 13, 17, 100.000000
31, 13, 18, 100.000000
31, 13, 19, 100.000000
31, 13, 20, 100.000000
31, 13, 21, 100.000000
31, 13, 22, 100.000000
31, 13, 23, 100.000000
31, 13, 24, 100.000000
31, 13, 25, 100.000000
31, 13, 26, 100.000000
31, 13, 27, 100.000000
31, 13, 28, 100.000000
31, 13, 29, 100.000000
31, 13, 30, 100.000000
31, 13, 31, 100.000000
31, 13, 32, 100.000000
31, 13, 33, 100.000000
31, 13, 34, 100.000000
31, 14, 0, 0.436195
31, 14, 1, -0.119099
31, 14, 2, -0.480590
31, 14, 3, -0.411385
31, 14, 4, -0.438892
31, 14, 5, -0.456983
31, 14, 6, -0.482395
31, 14, 7, -0.439926
31, 14, 8, -0.401626
31, 14, 9, -0.357651
31, 14, 10, -0.164927
31, 14, 11, 0.237153
31, 14, 12, 0.725280
31, 14, 13, 1.382523
31, 14, 14, 2.325832
31, 14, 15, 100.000000
31, 14, 16, 100.000000
31, 14, 17, 100.000000
31, 14, 18, 100.000000
31, 14, 19, 100.000000
31, 14, 20, 100.000000
31, 14, 21, 100.000000
31, 14, 22, 100.000000
31, 14, 23, 100.000000
31, 14, 24, 100.000000
31, 14, 25, 100.000000
31, 14, 26, 100.000000
31, 14, 27, 100.000000
31, 14, 28, 100.000000
31, 14, 29, 100.000000
31, 14, 30, 100.000000
31, 14, 31, 100.000000
31, 14, 32, 100.000000
31, 14, 33, 100.000000
31, 14, 34, 100.000000
31, 15, 0, 0.443775
31, 15, 1, -0.109183
31, 15, 2, -0.471199
31, 15, 3, -0.418994
31, 15, 4, -0.430625
31, 15, 5, -0.463188
31, 15, 6, -0.473860
31, 15, 7, -0.464509
31, 15, 8, -0.421912
31, 15, 9, -0.344913
31, 15, 10, -0.128863
31, 15, 11, 0.248073
31, 15, 12, 0.728966
31, 15, 13, 1.371771
31, 15, 14, 2.069838
31, 15, 15, 100.000000
31, 15, 16, 100.000000
31, 15, 17, 100.000000
31, 15, 18, 100.000000
31, 15, 19, 100.000000
31, 15, 20, 100.000000
31, 15, 21, 100.000000
31, 15, 22, 100.000000
31, 15, 23, 100.000000
31, 15, 24, 100.000000
31, 15, 25, 100.000000
31, 15, 26, 100.000000
31, 15, 27, 100.000000
31, 15, 28, 100.000000
31, 15, 29, 100.000000
31, 15, 30, 100.000000
31, 15, 31, 100.000000
31, 15, 32, 100.000000
31, 15, 33, 100.000000
31, 15, 34, 100.000000
31, 16, 0, 0.441597
31, 16, 1, -0.127155
31, 16, 2, -0.475909
31, 16, 3, -0.410100
31, 16, 4, -0.422548
31, 16, 5, -0.451613
31, 16, 6, -0.469110
31, 16, 7, -0.471493
31, 16, 8, -0.423243
31, 16, 9, -0.349151
31, 16, 10, -0.151762
31, 16, 11, 0.235489
31, 16, 12, 0.738836
31, 16, 13, 1.312412
31, 16, 14, 1.916559
31, 16, 15, 100.000000
31, 16, 16, 100.000000
31, 16, 17, 100.000000
31, 16, 18, 100.000000
31, 16, 19, 100.000000
31, 16, 20, 100.000000
31, 16, 21, 100.000000
31, 16, 22, 100.000000
31, 16, 23, 100.000000
31, 16, 24, 100.000000
31, 16, 25, 100.000000
31, 16, 26, 100.000000
31, 16, 27, 100.000000
31, 16, 28, 100.000000
31, 16, 29, 100.000000
31, 16, 30, 100.000000
31, 16, 31, 100.000000
31, 16, 32, 100.000000
31, 16, 33, 100.000000
31, 16, 34, 100.000000
31, 17, 0, 0.430926
31, 17, 1, -0.159576
31, 17, 2, -0.465186
31, 17, 3, -0.397566
31, 17, 4, -0.444267
31, 17, 5, -0.483568
31, 17, 6, -0.472169
31, 17, 7, -0.471748
31, 17, 8, -0.418216
31, 17, 9, -0.342853
31, 17, 10, -0.171472
31, 17, 11, 0.225575
31, 17, 12, 0.721850
31, 17, 13, 1.245946
31, 17, 14, 2.069562
31, 17, 15, 100.000000
31, 17, 16, 100.000000
31, 17, 17, 100.000000
31, 17, 18, 100.000000
31, 17, 19, 100.000000
31, 17, 20, 100.000000
31, 17, 21, 100.000000
31, 17, 22, 100.000000
31, 17, 23, 100.000000
31, 17, 24, 100.000000
31, 17, 25, 100.000000
31, 17, 26, 100.000000
31, 17, 27, 100.000000
31, 17, 28, 100.000000
31, 17, 29, 100.000000
31, 17, 30, 100.000000
31, 17, 31, 100.000000
31, 17, 32, 100.000000
31, 17, 33, 100.000000
31, 17, 34, 100.000000
31, 18, 0, 0.414307
31, 18, 1, -0.181304
31, 18, 2, -0.444076
31, 18, 3, -0.406092
31, 18, 4, -0.476053
31, 18, 5, -0.480191
31, 18, 6, -0.476966
31, 18, 7, -0.471942
31, 18, 8, -0.407754
31, 18, 9, -0.334572
31, 18, 10, -0.187048
31, 18, 11, 0.167963
31, 18, 12, 0.638774
31, 18, 13, 1.243001
31, 18, 14, 2.044603
31, 18, 15, 100.000000
31, 18, 16, 100.000000
31, 18, 17, 100.000000
31, 18, 18, 100.000000
31, 18, 19, 100.000000
31, 18, 20, 100.000000
31, 18, 21, 100.000000
31, 18, 22, 100.000000
31, 18, 23, 100.000000
31, 18, 24, 100.000000
31, 18, 25, 100.000000
31, 18, 26, 100.000000
31, 18, 27, 100.000000
31, 18, 28, 100.000000
31, 18, 29, 100.000000
31, 18, 30, 100.000000
31, 18, 31, 100.000000
31, 18, 32, 100.000000
31, 18, 33, 100.000000
31, 18, 34, 100.000000
31, 19, 0, 0.416372
31, 19, 1, -0.181959
31, 19, 2, -0.445312
31, 19, 3, -0.411722
31, 19, 4, -0.467089
31, 19, 5, -0.477026
31, 19, 6, -0.479076
31, 19, 7, -0.463930
31, 19, 8, -0.415613
31, 19, 9, -0.365920
31, 19, 10, -0.234381
31, 19, 11, 0.103556
31, 19, 12, 0.553026
31, 19, 13, 1.193634
31, 19, 14, 1.997967
31, 19, 15, 100.000000
31, 19, 16, 100.000000
31, 19, 17, 100.000000
31, 19, 18, 100.000000
31, 19, 19, 100.000000
31, 19, 20, 100.000000
31, 19, 21, 100.000000
31, 19, 22, 100.000000
31, 19, 23, 100.000000
31, 19, 24, 100.000000
31, 19, 25, 100.000000
31, 19, 26, 100.000000
31, 19, 27, 100.000000
31, 19, 28, 100.000000
31, 19, 29, 100.000000
31, 19, 30, 100.000000
31, 19, 31, 100.000000
31, 19, 32, 100.000000
31, 19, 33, 100.000000
31, 19, 34, 100.000000
31, 20, 0, 0.428884
31, 20, 1, -0.164562
31, 20, 2, -0.475113
31, 20, 3, -0.432778
31, 20, 4, -0.448852
31, 20, 5, -0.442371
31, 20, 6, -0.435535
31, 20, 7, -0.431903
31, 20, 8, -0.412914
31, 20, 9, -0.376488
31, 20, 10, -0.256473
31, 20, 11, 0.073265
31, 20, 12, 0.547329
31, 20, 13, 1.167505
31, 20, 14, 1.965583
31, 20, 15, 100.000000
31, 20, 16, 100.000000
31, 20, 17, 100.000000
31, 20, 18, 100.000000
31, 20, 19, 100.000000
31, 20, 20, 100.000000
31, 20, 21, 100.000000
31, 20, 22, 100.000000
31, 20, 23, 100.000000
31, 20, 24, 100.000000
31, 20, 25, 100.000000
31, 20, 26, 100.000000
31, 20, 27, 100.000000
31, 20, 28, 100.000000
31, 20, 29, 100.000000
31, 20, 30, 100.000000
31, 20, 31, 100.000000
31, 20, 32, 100.000000
31, 20, 33, 100.000000
31, 20, 34, 100.000000
31, 21, 0, 0.444837
31, 21, 1, -0.139709
31, 21, 2, -0.468440
31, 21, 3, -0.440448
31, 21, 4, -0.482680
31, 21, 5, -0.490667
31, 21, 6, -0.463730
31, 21, 7, -0.424447
31, 21, 8, -0.378240
31, 21, 9, -0.340912
31, 21, 10, -0.175578
31, 21, 11, 0.167791
31, 21, 12, 0.634738
31, 21, 13, 1.275571
31, 21, 14, 2.027043
31, 21, 15, 100.000000
31, 21, 16, 100.000000
31, 21, 17, 100.000000
31, 21, 18, 100.000000
31, 21, 19, 100.000000
31, 21, 20, 100.000000
31, 21, 21, 100.000000
31, 21, 22, 100.000000
31, 21, 23, 100.000000
31, 21, 24, 100.000000
31, 21, 25, 100.000000
31, 21, 26, 100.000000
31, 21, 27, 100.000000
31, 21, 28, 100.000000
31, 21, 29, 100.000000
31, 21, 30, 100.000000
31, 21, 31, 100.000000
31, 21, 32, 100.000000
31, 21, 33, 100.000000
31, 21, 34, 100.000000
31, 22, 0, 0.469070
31, 22, 1, -0.121980
31, 22, 2, -0.465137
31, 22, 3, -0.428421
31, 22, 4, -0.461372
31, 22, 5, -0.457147
31, 22, 6, -0.457545
31, 22, 7, -0.437677
31, 22, 8, -0.375211
31, 22, 9, -0.287839
31, 22, 10, -0.100849
31, 22, 11, 0.230531
31, 22, 12, 0.687911
31, 22, 13, 1.271132
31, 22, 14, 2.177523
31, 22, 15, 100.000000
31, 22, 16, 100.000000
31, 22, 17, 100.000000
31, 22, 18, 100.000000
31, 22, 19, 100.000000
31, 22, 20, 100.000000
31, 22, 21, 100.000000
31, 22, 22, 100.000000
31, 22, 23, 100.000000
31, 22, 24, 100.000000
31, 22, 25, 100.000000
31, 22, 26, 100.000000
31, 22, 27, 100.000000
31, 22, 28, 100.000000
31, 22, 29, 100.000000
31, 22, 30, 100.000000
31, 22, 31, 100.000000
31, 22, 32, 100.000000
31, 22, 33, 100.000000
31, 22, 34, 100.000000
31, 23, 0, 0.468019
31, 23, 1, -0.121082
31, 23, 2, -0.488982
31, 23, 3, -0.411476
31, 23, 4, -0.450688
31, 23, 5, -0.459997
31, 23, 6, -0.452908
31, 23, 7, -0.437503
31, 23, 8, -0.403557
31, 23, 9, -0.278745
31, 23, 10, -0.071233
31, 23, 11, 0.265630
31, 23, 12, 0.732120
31, 23, 13, 1.246083
31, 23, 14, 2.004778
31, 23, 15, 100.000000
31, 23, 16, 100.000000
31, 23, 17, 100.000000
31, 23, 18, 100.000000
31, 23, 19, 100.000000
31, 23, 20, 100.000000
31, 23, 21, 100.000000
31, 23, 22, 100.000000
31, 23, 23, 100.000000
31, 23, 24, 100.000000
31, 23, 25, 100.000000
31, 23, 26, 100.000000
31, 23, 27, 100.000000
31, 23, 28, 100.000000
31, 23, 29, 100.000000
31, 23, 30, 100.000000
31, 23, 31, 100.000000
31, 23, 32, 100.000000
31, 23, 33, 100.000000
31, 23, 34, 100.000000
31, 24, 0, 0.456479
31, 24, 1, -0.131185
31, 24, 2, -0.480663
31, 24, 3, -0.413743
31, 24, 4, -0.440467
31, 24, 5, -0.453590
31, 24, 6, -0.465855
31, 24, 7, -0.477717
31, 24, 8, -0.451062
31, 24, 9, -0.302351
31, 24, 10, -0.067159
31, 24, 11, 0.277285
31, 24, 12, 0.737390
31, 24, 13, 1.269279
31, 24, 14, 2.012030
31, 24, 15, 100.000000
31, 24, 16, 100.000000
31, 24, 17, 100.000000
31, 24, 18, 100.000000
31, 24, 19, 100.000000
31, 24, 20, 100.000000
31, 24, 21, 100.000000
31, 24, 22, 100.000000
31, 24, 23, 100.000000
31, 24, 24, 100.000000
31, 24, 25, 100.000000
31, 24, 26, 100.000000
31, 24, 27, 100.000000
31, 24, 28, 100.000000
31, 24, 29, 100.000000
31, 24, 30, 100.000000
31, 24, 31, 100.000000
31, 24, 32, 100.000000
31, 24, 33, 100.000000
31, 24, 34, 100.000000
31, 25, 0, 0.437428
31, 25, 1, -0.132096
31, 25, 2, -0.473521
31, 25, 3, -0.399972
31, 25, 4, -0.433088
31, 25, 5, -0.469605
31, 25, 6, -0.490676
31, 25, 7, -0.468433
31, 25, 8, -0.462419
31, 25, 9, -0.333754
31, 25, 10, -0.073521
31, 25, 11, 0.297884
31, 25, 12, 0.797877
31, 25, 13, 1.382012
31, 25, 14, 2.218758
31, 25, 15, 100.000000
31, 25, 16, 100.000000
31, 25, 17, 100.000000
31, 25, 18, 100.000000
31, 25, 19, 100.000000
31, 25, 20, 100.000000
31, 25, 21, 100.000000
31, 25, 22, 100.000000
31, 25, 23, 100.000000
31, 25, 24, 100.000000
31, 25, 25, 100.000000
31, 25, 26, 100.000000
31, 25, 27, 100.000000
31, 25, 28, 100.000000
31, 25, 29, 100.000000
31, 25, 30, 100.000000
31, 25, 31, 100.000000
31, 25, 32, 100.000000
31, 25, 33, 100.000000
31, 25, 34, 100.000000
31, 26, 0, 0.416910
31, 26, 1, -0.137578
31, 26, 2, -0.451063
31, 26, 3, -0.411769
31, 26, 4, -0.449921
31, 26, 5, -0.466435
31, 26, 6, -0.482915
31, 26, 7, -0.446376
31, 26, 8, -0.461283
31, 26, 9, -0.334608
31, 26, 10, -0.071389
31, 26, 11, 0.313986
31, 26, 12, 0.829181
31, 26, 13, 1.440201
31, 26, 14, 2.402135
31, 26, 15, 100.000000
31, 26, 16, 100.000000
31, 26, 17, 100.000000
31, 26, 18, 100.000000
31, 26, 19, 100.000000
31, 26, 20, 100.000000
31, 26, 21, 100.000000
31, 26, 22, 100.000000
31, 26, 23, 100.000000
31, 26, 24, 100.000000
31, 26, 25, 100.000000
31, 26, 26, 100.000000
31, 26, 27, 100.000000
31, 26, 28, 100.000000
31, 26, 29, 100.000000
31, 26, 30, 100.000000
31, 26, 31, 100.000000
31, 26, 32, 100.000000
31, 26, 33, 100.000000
31, 26, 34, 100.000000
31, 27, 0, 0.401718
31, 27, 1, -0.116887
31, 27, 2, -0.400702
31, 27, 3, -0.452409
31, 27, 4, -0.465325
31, 27, 5, -0.437386
31, 27, 6, -0.419489
31, 27, 7, -0.404713
31, 27, 8, -0.429288
31, 27, 9, -0.316617
31, 27, 10, -0.075630
31, 27, 11, 0.323474
31, 27, 12, 0.855599
31, 27, 13, 1.476642
31, 27, 14, 2.417234
31, 27, 15, 100.000000
31, 27, 16, 100.000000
31, 27, 17, 100.000000
31, 27, 18, 100.000000
31, 27, 19, 100.000000
31, 27, 20, 100.000000
31, 27, 21, 100.000000
31, 27, 22, 100.000000
31, 27, 23, 100.000000
31, 27, 24, 100.000000
31, 27, 25, 100.000000
31, 27, 26, 100.000000
31, 27, 27, 100.000000
31, 27, 28, 100.000000
31, 27, 29, 100.000000
31, 27, 30, 100.000000
31, 27, 31, 100.000000
31, 27, 32, 100.000000
31, 27, 33, 100.000000
31, 27, 34, 100.000000
31, 28, 0, 0.418206
31, 28, 1, -0.068033
31, 28, 2, -0.307790
31, 28, 3, -0.386861
31, 28, 4, -0.442278
31, 28, 5, -0.477259
31, 28, 6, -0.442303
31, 28, 7, -0.464128
31, 28, 8, -0.399136
31, 28, 9, -0.273083
31, 28, 10, -0.081430
31, 28, 11, 0.290003
31, 28, 12, 0.816324
31, 28, 13, 1.478613
31, 28, 14, 2.332695
31, 28, 15, 100.000000
31, 28, 16, 100.000000
31, 28, 17, 100.000000
31, 28, 18, 100.000000
31, 28, 19, 100.000000
31, 28, 20, 100.000000
31, 28, 21, 100.000000
31, 28, 22, 100.000000
31, 28, 23, 100.000000
31, 28, 24, 100.000000
31, 28, 25, 100.000000
31, 28, 26, 100.000000
31, 28, 27, 100.000000
31, 28, 28, 100.000000
31, 28, 29, 100.000000
31, 28, 30, 100.000000
31, 28, 31, 100.000000
31, 28, 32, 100.000000
31, 28, 33, 100.000000
31, 28, 34, 100.000000
31, 29, 0, 0.490385
31, 29, 1, 0.093402
31, 29, 2, -0.036037
31, 29, 3, -0.094338
31, 29, 4, -0.139399
31, 29, 5, -0.174446
31, 29, 6, -0.176080
31, 29, 7, -0.157105
31, 29, 8, -0.084637
31, 29, 9, -0.009754
31, 29, 10, 0.072302
31, 29, 11, 0.313012
31, 29, 12, 0.783107
31, 29, 13, 1.346170
31, 29, 14, 2.007732
31, 29, 15, 100.000000
31, 29, 16, 100.000000
31, 29, 17, 100.000000
31, 29, 18, 100.000000
31, 29, 19, 100.000000
31, 29, 20, 100.000000
31, 29, 21, 100.000000
31, 29, 22, 100.000000
31, 29, 23, 100.000000
31, 29, 24, 100.000000
31, 29, 25, 100.000000
31, 29, 26, 100.000000
31, 29, 27, 100.000000
31, 29, 28, 100.000000
31, 29, 29, 100.000000
31, 29, 30, 100.000000
31, 29, 31, 100.000000
31, 29, 32, 100.000000
31, 29, 33, 100.000000
31, 29, 34, 100.000000
32, 0, 0, 0.791309
32, 0, 1, 0.527996
32, 0, 2, 0.458045
32, 0, 3, 0.430214
32, 0, 4, 0.439171
32, 0, 5, 0.469561
32, 0, 6, 0.473394
32, 0, 7, 0.455604
32, 0, 8, 0.451852
32, 0, 9, 0.498119
32, 0, 10, 0.605539
32, 0, 11, 0.847132
32, 0, 12, 1.251875
32, 0, 13, 1.832058
32, 0, 14, 100.000000
32, 0, 15, 100.000000
32, 0, 16, 100.000000
32, 0, 17, 100.000000
32, 0, 18, 100.000000
32, 0, 19, 100.000000
32, 0, 20, 100.000000
32, 0, 21, 100.000000
32, 0, 22, 100.000000
32, 0, 23, 100.000000
32, 0, 24, 100.000000
32, 0, 25, 100.000000
32, 0, 26, 100.000000
32, 0, 27, 100.000000
32, 0, 28, 100.000000
32, 0, 29, 100.000000
32, 0, 30, 100.000000
32, 0, 31, 100.000000
32, 0, 32, 100.000000
32, 0, 33, 100.000000
32, 0, 34, 100.000000
32, 1, 0, 0.536191
32, 1, 1, 0.096762
32, 1, 2, -0.033435
32, 1, 3, -0.071050
32, 1, 4, -0.080915
32, 1, 5, -0.060169
32, 1, 6, -0.040463
32, 1, 7, -0.063860
32, 1, 8, -0.069209
32, 1, 9, 0.003741
32, 1, 10, 0.207574
32, 1, 11, 0.580207
32, 1, 12, 1.091904
32, 1, 13, 1.755811
32, 1, 14, 100.000000
32, 1, 15, 100.000000
32, 1, 16, 100.000000
32, 1, 17, 100.000000
32, 1, 18, 100.000000
32, 1, 19, 100.000000
32, 1, 20, 100.000000
32, 1, 21, 100.000000
32, 1, 22, 100.000000
32, 1, 23, 100.000000
32, 1, 24, 100.000000
32, 1, 25, 100.000000
32, 1, 26, 100.000000
32, 1, 27, 100.000000
32, 1, 28, 100.000000
32, 1, 29, 100.000000
32, 1, 30, 100.000000
32, 1, 31, 100.000000
32, 1, 32, 100.000000
32, 1, 33, 100.000000
32, 1, 34, 100.000000
32, 2, 0, 0.433481
32, 2, 1, -0.115410
32, 2, 2, -0.335134
32, 2, 3, -0.366412
32, 2, 4, -0.394610
32, 2, 5, -0.384367
32, 2, 6, -0.375989
32, 2, 7, -0.405093
32, 2, 8, -0.382913
32, 2, 9, -0.270606
32, 2, 10, 0.019804
32, 2, 11, 0.480091
32, 2, 12, 1.052474
32, 2, 13, 1.761798
32, 2, 14, 100.000000
32, 2, 15, 100.000000
32, 2, 16, 100.000000
32, 2, 17, 100.000000
32, 2, 18, 100.000000
32, 2, 19, 100.000000
32, 2, 20, 100.000000
32, 2, 21, 100.000000
32, 2, 22, 100.000000
32, 2, 23, 100.000000
32, 2, 24, 100.000000
32, 2, 25, 100.000000
32, 2, 26, 100.000000
32, 2, 27, 100.000000
32, 2, 28, 100.000000
32, 2, 29, 100.000000
32, 2, 30, 100.000000
32, 2, 31, 100.000000
32, 2, 32, 100.000000
32, 2, 33, 100.000000
32, 2, 34, 100.000000
32, 3, 0, 0.419141
32, 3, 1, -0.129006
32, 3, 2, -0.430383
32, 3, 3, -0.407911
32, 3, 4, -0.457867
32, 3, 5, -0.452602
32, 3, 6, -0.447316
32, 3, 7, -0.421492
32, 3, 8, -0.378739
32, 3, 9, -0.298083
32, 3, 10, -0.015034
32, 3, 11, 0.458050
32, 3, 12, 1.029505
32, 3, 13, 1.712599
32, 3, 14, 100.000000
32, 3, 15, 100.000000
32, 3, 16, 100.000000
32, 3, 17, 100.000000
32, 3, 18, 100.000000
32, 3, 19, 100.000000
32, 3, 20, 100.000000
32, 3, 21, 100.000000
32, 3, 22, 100.000000
32, 3, 23, 100.000000
32, 3, 24, 100.000000
32, 3, 25, 100.000000
32, 3, 26, 100.000000
32, 3, 27, 100.000000
32, 3, 28, 100.000000
32, 3, 29, 100.000000
32, 3, 30, 100.000000
32, 3, 31, 100.000000
32, 3, 32, 100.000000
32, 3, 33, 100.000000
32, 3, 34, 100.000000
32, 4, 0, 0.427835
32, 4, 1, -0.111249
32, 4, 2, -0.482089
32, 4, 3, -0.396963
32, 4, 4, -0.436980
32, 4, 5, -0.463336
32, 4, 6, -0.464553
32, 4, 7, -0.431501
32, 4, 8, -0.398748
32, 4, 9, -0.313419
32, 4, 10, -0.033583
32, 4, 11, 0.432821
32, 4, 12, 0.989642
32, 4, 13, 1.675299
32, 4, 14, 100.000000
32, 4, 15, 100.000000
32, 4, 16, 100.000000
32, 4, 17, 100.000000
32, 4, 18, 100.000000
32, 4, 19, 100.000000
32, 4, 20, 100.000000
32, 4, 21, 100.000000
32, 4, 22, 100.000000
32, 4, 23, 100.000000
32, 4, 24, 100.000000
32, 4, 25, 100.000000
32, 4, 26, 100.000000
32, 4, 27, 100.000000
32, 4, 28, 100.000000
32, 4, 29, 100.000000
32, 4, 30, 100.000000
32, 4, 31, 100.000000
32, 4, 32, 100.000000
32, 4, 33, 100.000000
32, 4, 34, 100.000000
32, 5, 0, 0.415097
32, 5, 1, -0.132440
32, 5, 2, -0.454968
32, 5, 3, -0.399487
32, 5, 4, -0.456369
32, 5, 5, -0.468418
32, 5, 6, -0.457615
32, 5, 7, -0.420468
32, 5, 8, -0.380247
32, 5, 9, -0.298138
32, 5, 10, -0.035750
32, 5, 11, 0.402397
32, 5, 12, 0.947818
32, 5, 13, 1.681377
32, 5, 14, 100.000000
32, 5, 15, 100.000000
32, 5, 16, 100.000000
32, 5, 17, 100.000000
32, 5, 18, 100.000000
32, 5, 19, 100.000000
32, 5, 20, 100.000000
32, 5, 21, 100.000000
32, 5, 22, 100.000000
32, 5, 23, 100.000000
32, 5, 24, 100.000000
32, 5, 25, 100.000000
32, 5, 26, 100.000000
32, 5, 27, 100.000000
32, 5, 28, 100.000000
32, 5, 29, 100.000000
32, 5, 30, 100.000000
32, 5, 31, 100.000000
32, 5, 32, 100.000000
32, 5, 33, 100.000000
32, 5, 34, 100.000000
32, 6, 0, 0.403432
32, 6, 1, -0.157877
32, 6, 2, -0.477327
32, 6, 3, -0.413299
32, 6, 4, -0.471820
32, 6, 5, -0.455583
32, 6, 6, -0.467180
32, 6, 7, -0.426196
32, 6, 8, -0.348290
32, 6, 9, -0.260855
32, 6, 10, -0.036395
32, 6, 11, 0.356718
32, 6, 12, 0.897453
32, 6, 13, 1.604030
32, 6, 14, 100.000000
32, 6, 15, 100.000000
32, 6, 16, 100.000000
32, 6, 17, 100.000000
32, 6, 18, 100.000000
32, 6, 19, 100.000000
32, 6, 20, 100.000000
32, 6, 21, 100.000000
32, 6, 22, 100.000000
32, 6, 23, 100.000000
32, 6, 24, 100.000000
32, 6, 25, 100.000000
32, 6, 26, 100.000000
32, 6, 27, 100.000000
32, 6, 28, 100.000000
32, 6, 29, 100.000000
32, 6, 30, 100.000000
32, 6, 31, 100.000000
32, 6, 32, 100.000000
32, 6, 33, 100.000000
32, 6, 34, 100.000000
32, 7, 0, 0.424067
32, 7, 1, -0.140853
32, 7, 2, -0.480065
32, 7, 3, -0.409642
32, 7, 4, -0.481163
32, 7, 5, -0.448504
32, 7, 6, -0.442120
32, 7, 7, -0.416885
32, 7, 8, -0.348373
32, 7, 9, -0.247088
32, 7, 10, -0.025832
32, 7, 11, 0.356809
32, 7, 12, 0.882544
32, 7, 13, 1.517740
32, 7, 14, 2.489105
32, 7, 15, 100.000000
32, 7, 16, 100.000000
32, 7, 17, 100.000000
32, 7, 18, 100.000000
32, 7, 19, 100.000000
32, 7, 20, 100.000000
32, 7, 21, 100.000000
32, 7, 22, 100.000000
32, 7, 23, 100.000000
32, 7, 24, 100.000000
32, 7, 25, 100.000000
32, 7, 26, 100.000000
32, 7, 27, 100.000000
32, 7, 28, 100.000000
32, 7, 29, 100.000000
32, 7, 30, 100.000000
32, 7, 31, 100.000000
32, 7, 32, 100.000000
32, 7, 33, 100.000000
32, 7, 34, 100.000000
32, 8, 0, 0.450221
32, 8, 1, -0.111655
32, 8, 2, -0.468877
32, 8, 3, -0.416542
32, 8, 4, -0.480490
32, 8, 5, -0.467185
32, 8, 6, -0.403444
32, 8, 7, -0.401585
32, 8, 8, -0.387091
32, 8, 9, -0.258886
32, 8, 10, -0.021609
32, 8, 11, 0.352320
32, 8, 12, 0.833589
32, 8, 13, 1.382359
32, 8, 14, 2.336640
32, 8, 15, 100.000000
32, 8, 16, 100.000000
32, 8, 17, 100.000000
32, 8, 18, 100.000000
32, 8, 19, 100.000000
32, 8, 20, 100.000000
32, 8, 21, 100.000000
32, 8, 22, 100.000000
32, 8, 23, 100.000000
32, 8, 24, 100.000000
32, 8, 25, 100.000000
32, 8, 26, 100.000000
32, 8, 27, 100.000000
32, 8, 28, 100.000000
32, 8, 29, 100.000000
32, 8, 30, 100.000000
32, 8, 31, 100.000000
32, 8, 32, 100.000000
32, 8, 33, 100.000000
32, 8, 34, 100.000000
32, 9, 0, 0.467229
32, 9, 1, -0.083246
32, 9, 2, -0.446653
32, 9, 3, -0.429691
32, 9, 4, -0.457049
32, 9, 5, -0.442409
32, 9, 6, -0.438094
32, 9, 7, -0.451543
32, 9, 8, -0.415193
32, 9, 9, -0.277351
32, 9, 10, -0.057388
32, 9, 11, 0.300314
32, 9, 12, 0.783028
32, 9, 13, 1.263231
32, 9, 14, 2.068131
32, 9, 15, 100.000000
32, 9, 16, 100.000000
32, 9, 17, 100.000000
32, 9, 18, 100.000000
32, 9, 19, 100.000000
32, 9, 20, 100.000000
32, 9, 21, 100.000000
32, 9, 22, 100.000000
32, 9, 23, 100.000000
32, 9, 24, 100.000000
32, 9, 25, 100.000000
32, 9, 26, 100.000000
32, 9, 27, 100.000000
32, 9, 28, 100.000000
32, 9, 29, 100.000000
32, 9, 30, 100.000000
32, 9, 31, 100.000000
32, 9, 32, 100.000000
32, 9, 33, 100.000000
32, 9, 34, 100.000000
32, 10, 0, 0.476454
32, 10, 1, -0.076005
32, 10, 2, -0.435460
32, 10, 3, -0.434840
32, 10, 4, -0.441937
32, 10, 5, -0.436142
32, 10, 6, -0.433964
32, 10, 7, -0.464840
32, 10, 8, -0.411812
32, 10, 9, -0.311675
32, 10, 10, -0.123716
32, 10, 11, 0.218195
32, 10, 12, 0.718373
32, 10, 13, 1.204045
32, 10, 14, 2.042726
32, 10, 15, 100.000000
32, 10, 16, 100.000000
32, 10, 17, 100.000000
32, 10, 18, 100.000000
32, 10, 19, 100.000000
32, 10, 20, 100.000000
32, 10, 21, 100.000000
32, 10, 22, 100.000000
32, 10, 23, 100.000000
32, 10, 24, 100.000000
32, 10, 25, 100.000000
32, 10, 26, 100.000000
32, 10, 27, 100.000000
32, 10, 28, 100.000000
32, 10, 29, 100.000000
32, 10, 30, 100.000000
32, 10, 31, 100.000000
32, 10, 32, 100.000000
32, 10, 33, 100.000000
32, 10, 34, 100.000000
32, 11, 0, 0.466615
32, 11, 1, -0.111544
32, 11, 2, -0.466501
32, 11, 3, -0.423349
32, 11, 4, -0.464165
32, 11, 5, -0.455274
32, 11, 6, -0.432351
32, 11, 7, -0.431325
32, 11, 8, -0.403177
32, 11, 9, -0.329978
32, 11, 10, -0.156174
32, 11, 11, 0.172013
32, 11, 12, 0.669644
32, 11, 13, 1.267492
32, 11, 14, 1.943211
32, 11, 15, 100.000000
32, 11, 16, 100.000000
32, 11, 17, 100.000000
32, 11, 18, 100.000000
32, 11, 19, 100.000000
32, 11, 20, 100.000000
32, 11, 21, 100.000000
32, 11, 22, 100.000000
32, 11, 23, 100.000000
32, 11, 24, 100.000000
32, 11, 25, 100.000000
32, 11, 26, 100.000000
32, 11, 27, 100.000000
32, 11, 28, 100.000000
32, 11, 29, 100.000000
32, 11, 30, 100.000000
32, 11, 31, 100.000000
32, 11, 32, 100.000000
32, 11, 33, 100.000000
32, 11, 34, 100.000000
32, 12, 0, 0.453154
32, 12, 1, -0.138560
32, 12, 2, -0.482849
32, 12, 3, -0.431267
32, 12, 4, -0.475065
32, 12, 5, -0.469657
32, 12, 6, -0.444977
32, 12, 7, -0.413524
32, 12, 8, -0.385224
32, 12, 9, -0.348584
32, 12, 10, -0.197213
32, 12, 11, 0.118208
32, 12, 12, 0.612207
32, 12, 13, 1.284391
32, 12, 14, 2.107026
32, 12, 15, 100.000000
32, 12, 16, 100.000000
32, 12, 17, 100.000000
32, 12, 18, 100.000000
32, 12, 19, 100.000000
32, 12, 20, 100.000000
32, 12, 21, 100.000000
32, 12, 22, 100.000000
32, 12, 23, 100.000000
32, 12, 24, 100.000000
32, 12, 25, 100.000000
32, 12, 26, 100.000000
32, 12, 27, 100.000000
32, 12, 28, 100.000000
32, 12, 29, 100.000000
32, 12, 30, 100.000000
32, 12, 31, 100.000000
32, 12, 32, 100.000000
32, 12, 33, 100.000000
32, 12, 34, 100.000000
32, 13, 0, 0.448148
32, 13, 1, -0.129566
32, 13, 2, -0.486766
32, 13, 3, -0.427372
32, 13, 4, -0.449345
32, 13, 5, -0.458809
32, 13, 6, -0.441835
32, 13, 7, -0.410624
32, 13, 8, -0.388496
32, 13, 9, -0.356921
32, 13, 10, -0.223660
32, 13, 11, 0.105306
32, 13, 12, 0.603207
32, 13, 13, 1.246992
32, 13, 14, 2.005497
32, 13, 15, 100.000000
32, 13, 16, 100.000000
32, 13, 17, 100.000000
32, 13, 18, 100.000000
32, 13, 19, 100.000000
32, 13, 20, 100.000000
32, 13, 21, 100.000000
32, 13, 22, 100.000000
32, 13, 23, 100.000000
32, 13, 24, 100.000000
32, 13, 25, 100.000000
32, 13, 26, 100.000000
32, 13, 27, 100.000000
32, 13, 28, 100.000000
32, 13, 29, 100.000000
32, 13, 30, 100.000000
32, 13, 31, 100.000000
32, 13, 32, 100.000000
32, 13, 33, 100.000000
32, 13, 34, 100.000000
32, 14, 0, 0.426777
32, 14, 1, -0.114113
32, 14, 2, -0.452622
32, 14, 3, -0.442825
32, 14, 4, -0.435756
32, 14, 5, -0.448507
32, 14, 6, -0.448366
32, 14, 7, -0.436980
32, 14, 8, -0.398353
32, 14, 9, -0.340819
32, 14, 10, -0.175941
32, 14, 11, 0.171072
32, 14, 12, 0.642945
32, 14, 13, 1.265028
32, 14, 14, 2.064044
32, 14, 15, 100.000000
32, 14, 16, 100.000000
32, 14, 17, 100.000000
32, 14, 18, 100.000000
32, 14, 19, 100.000000
32, 14, 20, 100.000000
32, 14, 21, 100.000000
32, 14, 22, 100.000000
32, 14, 23, 100.000000
32, 14, 24, 100.000000
32, 14, 25, 100.000000
32, 14, 26, 100.000000
32, 14, 27, 100.000000
32, 14, 28, 100.000000
32, 14, 29, 100.000000
32, 14, 30, 100.000000
32, 14, 31, 100.000000
32, 14, 32, 100.000000
32, 14, 33, 100.000000
32, 14, 34, 100.000000
32, 15, 0, 0.413844
32, 15, 1, -0.123050
32, 15, 2, -0.446311
32, 15, 3, -0.446760
32, 15, 4, -0.422356
32, 15, 5, -0.436326
32, 15, 6, -0.456662
32, 15, 7, -0.469978
32, 15, 8, -0.429371
32, 15, 9, -0.334761
32, 15, 10, -0.125137
32, 15, 11, 0.212249
32, 15, 12, 0.663528
32, 15, 13, 1.268538
32, 15, 14, 1.918246
32, 15, 15, 100.000000
32, 15, 16, 100.000000
32, 15, 17, 100.000000
32, 15, 18, 100.000000
32, 15, 19, 100.000000
32, 15, 20, 100.000000
32, 15, 21, 100.000000
32, 15, 22, 100.000000
32, 15, 23, 100.000000
32, 15, 24, 100.000000
32, 15, 25, 100.000000
32, 15, 26, 100.000000
32, 15, 27, 100.000000
32, 15, 28, 100.000000
32, 15, 29, 100.000000
32, 15, 30, 100.000000
32, 15, 31, 100.000000
32, 15, 32, 100.000000
32, 15, 33, 100.000000
32, 15, 34, 100.000000
32, 16, 0, 0.420749
32, 16, 1, -0.139636
32, 16, 2, -0.471124
32, 16, 3, -0.416168
32, 16, 4, -0.412393
32, 16, 5, -0.443411
32, 16, 6, -0.467898
32, 16, 7, -0.463530
32, 16, 8, -0.448959
32, 16, 9, -0.367719
32, 16, 10, -0.157437
32, 16, 11, 0.205043
32, 16, 12, 0.685829
32, 16, 13, 1.262388
32, 16, 14, 1.789062
32, 16, 15, 100.000000
32, 16, 16, 100.000000
32, 16, 17, 100.000000
32, 16, 18, 100.000000
32, 16, 19, 100.000000
32, 16, 20, 100.000000
32, 16, 21, 100.000000
32, 16, 22, 100.000000
32, 16, 23, 100.000000
32, 16, 24, 100.000000
32, 16, 25, 100.000000
32, 16, 26, 100.000000
32, 16, 27, 100.000000
32, 16, 28, 100.000000
32, 16, 29, 100.000000
32, 16, 30, 100.000000
32, 16, 31, 100.000000
32, 16, 32, 100.000000
32, 16, 33, 100.000000
32, 16, 34, 100.000000
32, 17, 0, 0.417639
32, 17, 1, -0.155848
32, 17, 2, -0.481972
32, 17, 3, -0.406556
32, 17, 4, -0.448071
32, 17, 5, -0.480282
32, 17, 6, -0.466947
32, 17, 7, -0.453086
32, 17, 8, -0.440647
32, 17, 9, -0.383213
32, 17, 10, -0.194608
32, 17, 11, 0.188142
32, 17, 12, 0.693664
32, 17, 13, 1.243016
32, 17, 14, 1.945940
32, 17, 15, 100.000000
32, 17, 16, 100.000000
32, 17, 17, 100.000000
32, 17, 18, 100.000000
32, 17, 19, 100.000000
32, 17, 20, 100.000000
32, 17, 21, 100.000000
32, 17, 22, 100.000000
32, 17, 23, 100.000000
32, 17, 24, 100.000000
32, 17, 25, 100.000000
32, 17, 26, 100.000000
32, 17, 27, 100.000000
32, 17, 28, 100.000000
32, 17, 29, 100.000000
32, 17, 30, 100.000000
32, 17, 31, 100.000000
32, 17, 32, 100.000000
32, 17, 33, 100.000000
32, 17, 34, 100.000000
32, 18, 0, 0.416114
32, 18, 1, -0.157203
32, 18, 2, -0.457120
32, 18, 3, -0.394978
32, 18, 4, -0.475401
32, 18, 5, -0.493624
32, 18, 6, -0.489316
32, 18, 7, -0.464359
32, 18, 8, -0.416876
32, 18, 9, -0.376688
32, 18, 10, -0.219340
32, 18, 11, 0.147362
32, 18, 12, 0.639585
32, 18, 13, 1.245465
32, 18, 14, 2.046641
32, 18, 15, 100.000000
32, 18, 16, 100.000000
32, 18, 17, 100.000000
32, 18, 18, 100.000000
32, 18, 19, 100.000000
32, 18, 20, 100.000000
32, 18, 21, 100.000000
32, 18, 22, 100.000000
32, 18, 23, 100.000000
32, 18, 24, 100.000000
32, 18, 25, 100.000000
32, 18, 26, 100.000000
32, 18, 27, 100.000000
32, 18, 28, 100.000000
32, 18, 29, 100.000000
32, 18, 30, 100.000000
32, 18, 31, 100.000000
32, 18, 32, 100.000000
32, 18, 33, 100.000000
32, 18, 34, 100.000000
32, 19, 0, 0.414041
32, 19, 1, -0.155606
32, 19, 2, -0.452119
32, 19, 3, -0.396176
32, 19, 4, -0.479502
32, 19, 5, -0.487093
32, 19, 6, -0.486041
32, 19, 7, -0.470808
32, 19, 8, -0.424180
32, 19, 9, -0.386024
32, 19, 10, -0.260786
32, 19, 11, 0.096870
32, 19, 12, 0.573365
32, 19, 13, 1.218983
32, 19, 14, 1.988061
32, 19, 15, 100.000000
32, 19, 16, 100.000000
32, 19, 17, 100.000000
32, 19, 18, 100.000000
32, 19, 19, 100.000000
32, 19, 20, 100.000000
32, 19, 21, 100.000000
32, 19, 22, 100.000000
32, 19, 23, 100.000000
32, 19, 24, 100.000000
32, 19, 25, 100.000000
32, 19, 26, 100.000000
32, 19, 27, 100.000000
32, 19, 28, 100.000000
32, 19, 29, 100.000000
32, 19, 30, 100.000000
32, 19, 31, 100.000000
32, 19, 32, 100.000000
32, 19, 33, 100.000000
32, 19, 34, 100.000000
32, 20, 0, 0.419267
32, 20, 1, -0.143687
32, 20, 2, -0.474478
32, 20, 3, -0.419595
32, 20, 4, -0.473887
32, 20, 5, -0.464903
32, 20, 6, -0.451450
32, 20, 7, -0.446242
32, 20, 8, -0.414309
32, 20, 9, -0.372248
32, 20, 10, -0.257510
32, 20, 11, 0.084427
32, 20, 12, 0.560268
32, 20, 13, 1.185103
32, 20, 14, 1.936747
32, 20, 15, 100.000000
32, 20, 16, 100.000000
32, 20, 17, 100.000000
32, 20, 18, 100.000000
32, 20, 19, 100.000000
32, 20, 20, 100.000000
32, 20, 21, 100.000000
32, 20, 22, 100.000000
32, 20, 23, 100.000000
32, 20, 24, 100.000000
32, 20, 25, 100.000000
32, 20, 26, 100.000000
32, 20, 27, 100.000000
32, 20, 28, 100.000000
32, 20, 29, 100.000000
32, 20, 30, 100.000000
32, 20, 31, 100.000000
32, 20, 32, 100.000000
32, 20, 33, 100.000000
32, 20, 34, 100.000000
32, 21, 0, 0.423645
32, 21, 1, -0.135556
32, 21, 2, -0.469865
32, 21, 3, -0.415379
32, 21, 4, -0.450317
32, 21, 5, -0.432598
32, 21, 6, -0.451909
32, 21, 7, -0.437901
32, 21, 8, -0.383843
32, 21, 9, -0.330692
32, 21, 10, -0.186934
32, 21, 11, 0.132217
32, 21, 12, 0.576211
32, 21, 13, 1.192797
32, 21, 14, 1.927779
32, 21, 15, 100.000000
32, 21, 16, 100.000000
32, 21, 17, 100.000000
32, 21, 18, 100.000000
32, 21, 19, 100.000000
32, 21, 20, 100.000000
32, 21, 21, 100.000000
32, 21, 22, 100.000000
32, 21, 23, 100.000000
32, 21, 24, 100.000000
32, 21, 25, 100.000000
32, 21, 26, 100.000000
32, 21, 27, 100.000000
32, 21, 28, 100.000000
32, 21, 29, 100.000000
32, 21, 30, 100.000000
32, 21, 31, 100.000000
32, 21, 32, 100.000000
32, 21, 33, 100.000000
32, 21, 34, 100.000000
32, 22, 0, 0.433963
32, 22, 1, -0.115624
32, 22, 2, -0.451764
32, 22, 3, -0.390068
32, 22, 4, -0.427934
32, 22, 5, -0.429509
32, 22, 6, -0.442982
32, 22, 7, -0.460493
32, 22, 8, -0.373421
32, 22, 9, -0.279414
32, 22, 10, -0.117629
32, 22, 11, 0.151730
32, 22, 12, 0.592693
32, 22, 13, 1.172242
32, 22, 14, 1.894121
32, 22, 15, 100.000000
32, 22, 16, 100.000000
32, 22, 17, 100.000000
32, 22, 18, 100.000000
32, 22, 19, 100.000000
32, 22, 20, 100.000000
32, 22, 21, 100.000000
32, 22, 22, 100.000000
32, 22, 23, 100.000000
32, 22, 24, 100.000000
32, 22, 25, 100.000000
32, 22, 26, 100.000000
32, 22, 27, 100.000000
32, 22, 28, 100.000000
32, 22, 29, 100.000000
32, 22, 30, 100.000000
32, 22, 31, 100.000000
32, 22, 32, 100.000000
32, 22, 33, 100.000000
32, 22, 34, 100.000000
32, 23, 0, 0.433333
32, 23, 1, -0.113826
32, 23, 2, -0.473199
32, 23, 3, -0.388473
32, 23, 4, -0.418406
32, 23, 5, -0.461915
32, 23, 6, -0.463611
32, 23, 7, -0.476398
32, 23, 8, -0.382003
32, 23, 9, -0.259246
32, 23, 10, -0.094992
32, 23, 11, 0.176613
32, 23, 12, 0.620510
32, 23, 13, 1.173987
32, 23, 14, 1.882412
32, 23, 15, 100.000000
32, 23, 16, 100.000000
32, 23, 17, 100.000000
32, 23, 18, 100.000000
32, 23, 19, 100.000000
32, 23, 20, 100.000000
32, 23, 21, 100.000000
32, 23, 22, 100.000000
32, 23, 23, 100.000000
32, 23, 24, 100.000000
32, 23, 25, 100.000000
32, 23, 26, 100.000000
32, 23, 27, 100.000000
32, 23, 28, 100.000000
32, 23, 29, 100.000000
32, 23, 30, 100.000000
32, 23, 31, 100.000000
32, 23, 32, 100.000000
32, 23, 33, 100.000000
32, 23, 34, 100.000000
32, 24, 0, 0.422852
32, 24, 1, -0.123901
32, 24, 2, -0.476071
32, 24, 3, -0.417825
32, 24, 4, -0.430787
32, 24, 5, -0.465588
32, 24, 6, -0.472772
32, 24, 7, -0.442126
32, 24, 8, -0.415371
32, 24, 9, -0.276209
32, 24, 10, -0.076542
32, 24, 11, 0.241249
32, 24, 12, 0.694081
32, 24, 13, 1.292783
32, 24, 14, 2.046048
32, 24, 15, 100.000000
32, 24, 16, 100.000000
32, 24, 17, 100.000000
32, 24, 18, 100.000000
32, 24, 19, 100.000000
32, 24, 20, 100.000000
32, 24, 21, 100.000000
32, 24, 22, 100.000000
32, 24, 23, 100.000000
32, 24, 24, 100.000000
32, 24, 25, 100.000000
32, 24, 26, 100.000000
32, 24, 27, 100.000000
32, 24, 28, 100.000000
32, 24, 29, 100.000000
32, 24, 30, 100.000000
32, 24, 31, 100.000000
32, 24, 32, 100.000000
32, 24, 33, 100.000000
32, 24, 34, 100.000000
32, 25, 0, 0.415867
32, 25, 1, -0.143276
32, 25, 2, -0.483533
32, 25, 3, -0.431224
32, 25, 4, -0.424410
32, 25, 5, -0.437694
32, 25, 6, -0.453959
32, 25, 7, -0.443094
32, 25, 8, -0.446273
32, 25, 9, -0.306604
32, 25, 10, -0.072607
32, 25, 11, 0.296110
32, 25, 12, 0.777497
32, 25, 13, 1.377764
32, 25, 14, 2.327560
32, 25, 15, 100.000000
32, 25, 16, 100.000000
32, 25, 17, 100.000000
32, 25, 18, 100.000000
32, 25, 19, 100.000000
32, 25, 20, 100.000000
32, 25, 21, 100.000000
32, 25, 22, 100.000000
32, 25, 23, 100.000000
32, 25, 24, 100.000000
32, 25, 25, 100.000000
32, 25, 26, 100.000000
32, 25, 27, 100.000000
32, 25, 28, 100.000000
32, 25, 29, 100.000000
32, 25, 30, 100.000000
32, 25, 31, 100.000000
32, 25, 32, 100.000000
32, 25, 33, 100.000000
32, 25, 34, 100.000000
32, 26, 0, 0.399959
32, 26, 1, -0.156915
32, 26, 2, -0.469602
32, 26, 3, -0.432207
32, 26, 4, -0.420420
32, 26, 5, -0.440424
32, 26, 6, -0.466046
32, 26, 7, -0.456781
32, 26, 8, -0.482450
32, 26, 9, -0.319441
32, 26, 10, -0.074407
32, 26, 11, 0.306070
32, 26, 12, 0.789705
32, 26, 13, 1.424570
32, 26, 14, 2.253958
32, 26, 15, 100.000000
32, 26, 16, 100.000000
32, 26, 17, 100.000000
32, 26, 18, 100.000000
32, 26, 19, 100.000000
32, 26, 20, 100.000000
32, 26, 21, 100.000000
32, 26, 22, 100.000000
32, 26, 23, 100.000000
32, 26, 24, 100.000000
32, 26, 25, 100.000000
32, 26, 26, 100.000000
32, 26, 27, 100.000000
32, 26, 28, 100.000000
32, 26, 29, 100.000000
32, 26, 30, 100.000000
32, 26, 31, 100.000000
32, 26, 32, 100.000000
32, 26, 33, 100.000000
32, 26, 34, 100.000000
32, 27, 0, 0.388227
32, 27, 1, -0.138080
32, 27, 2, -0.402221
32, 27, 3, -0.442652
32, 27, 4, -0.441738
32, 27, 5, -0.453886
32, 27, 6, -0.433272
32, 27, 7, -0.424599
32, 27, 8, -0.427449
32, 27, 9, -0.298174
32, 27, 10, -0.065072
32, 27, 11, 0.301484
32, 27, 12, 0.788270
32, 27, 13, 1.455386
32, 27, 14, 2.302298
32, 27, 15, 100.000000
32, 27, 16, 100.000000
32, 27, 17, 100.000000
32, 27, 18, 100.000000
32, 27, 19, 100.000000
32, 27, 20, 100.000000
32, 27, 21, 100.000000
32, 27, 22, 100.000000
32, 27, 23, 100.000000
32, 27, 24, 100.000000
32, 27, 25, 100.000000
32, 27, 26, 100.000000
32, 27, 27, 100.000000
32, 27, 28, 100.000000
32, 27, 29, 100.000000
32, 27, 30, 100.000000
32, 27, 31, 100.000000
32, 27, 32, 100.000000
32, 27, 33, 100.000000
32, 27, 34, 100.000000
32, 28, 0, 0.405997
32, 28, 1, -0.070346
32, 28, 2, -0.293020
32, 28, 3, -0.377955
32, 28, 4, -0.449699
32, 28, 5, -0.470630
32, 28, 6, -0.427163
32, 28, 7, -0.461236
32, 28, 8, -0.389251
32, 28, 9, -0.261328
32, 28, 10, -0.071109
32, 28, 11, 0.288146
32, 28, 12, 0.784981
32, 28, 13, 1.427374
32, 28, 14, 2.271645
32, 28, 15, 100.000000
32, 28, 16, 100.000000
32, 28, 17, 100.000000
32, 28, 18, 100.000000
32, 28, 19, 100.000000
32, 28, 20, 100.000000
32, 28, 21, 100.000000
32, 28, 22, 100.000000
32, 28, 23, 100.000000
32, 28, 24, 100.000000
32, 28, 25, 100.000000
32, 28, 26, 100.000000
32, 28, 27, 100.000000
32, 28, 28, 100.000000
32, 28, 29, 100.000000
32, 28, 30, 100.000000
32, 28, 31, 100.000000
32, 28, 32, 100.000000
32, 28, 33, 100.000000
32, 28, 34, 100.000000
32, 29, 0, 0.468353
32, 29, 1, 0.089536
32, 29, 2, -0.040034
32, 29, 3, -0.094534
32, 29, 4, -0.149290
32, 29, 5, -0.191281
32, 29, 6, -0.193943
32, 29, 7, -0.161735
32, 29, 8, -0.083014
32, 29, 9, -0.021869
32, 29, 10, 0.040864
32, 29, 11, 0.298070
32, 29, 12, 0.769289
32, 29, 13, 1.278733
32, 29, 14, 2.056257
32, 29, 15, 100.000000
32, 29, 16, 100.000000
32, 29, 17, 100.000000
32, 29, 18, 100.000000
32, 29, 19, 100.000000
32, 29, 20, 100.000000
32, 29, 21, 100.000000
32, 29, 22, 100.000000
32, 29, 23, 100.000000
32, 29, 24, 100.000000
32, 29, 25, 100.000000
32, 29, 26, 100.000000
32, 29, 27, 100.000000
32, 29, 28, 100.000000
32, 29, 29, 100.000000
32, 29, 30, 100.000000
32, 29, 31, 100.000000
32, 29, 32, 100.000000
32, 29, 33, 100.000000
32, 29, 34, 100.000000
33, 0, 0, 0.758160
33, 0, 1, 0.501404
33, 0, 2, 0.442309
33, 0, 3, 0.426138
33, 0, 4, 0.445347
33, 0, 5, 0.480414
33, 0, 6, 0.479776
33, 0, 7, 0.439800
33, 0, 8, 0.422592
33, 0, 9, 0.463760
33, 0, 10, 0.576152
33, 0, 11, 0.816985
33, 0, 12, 1.106066
33, 0, 13, 1.531814
33, 0, 14, 2.475232
33, 0, 15, 100.000000
33, 0, 16, 100.000000
33, 0, 17, 100.000000
33, 0, 18, 100.000000
33, 0, 19, 100.000000
33, 0, 20, 100.000000
33, 0, 21, 100.000000
33, 0, 22, 100.000000
33, 0, 23, 100.000000
33, 0, 24, 100.000000
33, 0, 25, 100.000000
33, 0, 26, 100.000000
33, 0, 27, 100.000000
33, 0, 28, 100.000000
33, 0, 29, 100.000000
33, 0, 30, 100.000000
33, 0, 31, 100.000000
33, 0, 32, 100.000000
33, 0, 33, 100.000000
33, 0, 34, 100.000000
33, 1, 0, 0.512739
33, 1, 1, 0.082799
33, 1, 2, -0.042286
33, 1, 3, -0.071311
33, 1, 4, -0.079762
33, 1, 5, -0.048905
33, 1, 6, -0.027605
33, 1, 7, -0.053476
33, 1, 8, -0.064208
33, 1, 9, 0.007412
33, 1, 10, 0.240989
33, 1, 11, 0.639650
33, 1, 12, 1.084878
33, 1, 13, 1.504625
33, 1, 14, 100.000000
33, 1, 15, 100.000000
33, 1, 16, 100.000000
33, 1, 17, 100.000000
33, 1, 18, 100.000000
33, 1, 19, 100.000000
33, 1, 20, 100.000000
33, 1, 21, 100.000000
33, 1, 22, 100.000000
33, 1, 23, 100.000000
33, 1, 24, 100.000000
33, 1, 25, 100.000000
33, 1, 26, 100.000000
33, 1, 27, 100.000000
33, 1, 28, 100.000000
33, 1, 29, 100.000000
33, 1, 30, 100.000000
33, 1, 31, 100.000000
33, 1, 32, 100.000000
33, 1, 33, 100.000000
33, 1, 34, 100.000000
33, 2, 0, 0.430035
33, 2, 1, -0.104113
33, 2, 2, -0.337275
33, 2, 3, -0.375248
33, 2, 4, -0.393389
33, 2, 5, -0.370703
33, 2, 6, -0.356949
33, 2, 7, -0.353257
33, 2, 8, -0.321135
33, 2, 9, -0.205663
33, 2, 10, 0.092285
33, 2, 11, 0.563747
33, 2, 12, 1.089413
33, 2, 13, 1.744101
33, 2, 14, 100.000000
33, 2, 15, 100.000000
33, 2, 16, 100.000000
33, 2, 17, 100.000000
33, 2, 18, 100.000000
33, 2, 19, 100.000000
33, 2, 20, 100.000000
33, 2, 21, 100.000000
33, 2, 22, 100.000000
33, 2, 23, 100.000000
33, 2, 24, 100.000000
33, 2, 25, 100.000000
33, 2, 26, 100.000000
33, 2, 27, 100.000000
33, 2, 28, 100.000000
33, 2, 29, 100.000000
33, 2, 30, 100.000000
33, 2, 31, 100.000000
33, 2, 32, 100.000000
33, 2, 33, 100.000000
33, 2, 34, 100.000000
33, 3, 0, 0.421065
33, 3, 1, -0.129426
33, 3, 2, -0.429870
33, 3, 3, -0.423489
33, 3, 4, -0.472165
33, 3, 5, -0.471790
33, 3, 6, -0.480306
33, 3, 7, -0.413193
33, 3, 8, -0.350020
33, 3, 9, -0.251198
33, 3, 10, 0.031522
33, 3, 11, 0.490068
33, 3, 12, 1.035203
33, 3, 13, 1.721312
33, 3, 14, 100.000000
33, 3, 15, 100.000000
33, 3, 16, 100.000000
33, 3, 17, 100.000000
33, 3, 18, 100.000000
33, 3, 19, 100.000000
33, 3, 20, 100.000000
33, 3, 21, 100.000000
33, 3, 22, 100.000000
33, 3, 23, 100.000000
33, 3, 24, 100.000000
33, 3, 25, 100.000000
33, 3, 26, 100.000000
33, 3, 27, 100.000000
33, 3, 28, 100.000000
33, 3, 29, 100.000000
33, 3, 30, 100.000000
33, 3, 31, 100.000000
33, 3, 32, 100.000000
33, 3, 33, 100.000000
33, 3, 34, 100.000000
33, 4, 0, 0.428309
33, 4, 1, -0.122399
33, 4, 2, -0.476495
33, 4, 3, -0.418214
33, 4, 4, -0.459932
33, 4, 5, -0.463580
33, 4, 6, -0.447569
33, 4, 7, -0.410736
33, 4, 8, -0.375216
33, 4, 9, -0.287660
33, 4, 10, -0.020911
33, 4, 11, 0.433807
33, 4, 12, 1.016815
33, 4, 13, 1.738614
33, 4, 14, 100.000000
33, 4, 15, 100.000000
33, 4, 16, 100.000000
33, 4, 17, 100.000000
33, 4, 18, 100.000000
33, 4, 19, 100.000000
33, 4, 20, 100.000000
33, 4, 21, 100.000000
33, 4, 22, 100.000000
33, 4, 23, 100.000000
33, 4, 24, 100.000000
33, 4, 25, 100.000000
33, 4, 26, 100.000000
33, 4, 27, 100.000000
33, 4, 28, 100.000000
33, 4, 29, 100.000000
33, 4, 30, 100.000000
33, 4, 31, 100.000000
33, 4, 32, 100.000000
33, 4, 33, 100.000000
33, 4, 34, 100.000000
33, 5, 0, 0.404994
33, 5, 1, -0.146354
33, 5, 2, -0.450530
33, 5, 3, -0.406768
33, 5, 4, -0.462569
33, 5, 5, -0.486855
33, 5, 6, -0.462851
33, 5, 7, -0.422262
33, 5, 8, -0.381050
33, 5, 9, -0.292756
33, 5, 10, -0.031431
33, 5, 11, 0.416474
33, 5, 12, 0.998545
33, 5, 13, 1.713779
33, 5, 14, 100.000000
33, 5, 15, 100.000000
33, 5, 16, 100.000000
33, 5, 17, 100.000000
33, 5, 18, 100.000000
33, 5, 19, 100.000000
33, 5, 20, 100.000000
33, 5, 21, 100.000000
33, 5, 22, 100.000000
33, 5, 23, 100.000000
33, 5, 24, 100.000000
33, 5, 25, 100.000000
33, 5, 26, 100.000000
33, 5, 27, 100.000000
33, 5, 28, 100.000000
33, 5, 29, 100.000000
33, 5, 30, 100.000000
33, 5, 31, 100.000000
33, 5, 32, 100.000000
33, 5, 33, 100.000000
33, 5, 34, 100.000000
33, 6, 0, 0.379482
33, 6, 1, -0.174155
33, 6, 2, -0.465122
33, 6, 3, -0.422655
33, 6, 4, -0.470935
33, 6, 5, -0.475864
33, 6, 6, -0.465270
33, 6, 7, -0.404629
33, 6, 8, -0.346188
33, 6, 9, -0.267704
33, 6, 10, -0.026726
33, 6, 11, 0.376338
33, 6, 12, 0.920229
33, 6, 13, 1.612029
33, 6, 14, 100.000000
33, 6, 15, 100.000000
33, 6, 16, 100.000000
33, 6, 17, 100.000000
33, 6, 18, 100.000000
33, 6, 19, 100.000000
33, 6, 20, 100.000000
33, 6, 21, 100.000000
33, 6, 22, 100.000000
33, 6, 23, 100.000000
33, 6, 24, 100.000000
33, 6, 25, 100.000000
33, 6, 26, 100.000000
33, 6, 27, 100.000000
33, 6, 28, 100.000000
33, 6, 29, 100.000000
33, 6, 30, 100.000000
33, 6, 31, 100.000000
33, 6, 32, 100.000000
33, 6, 33, 100.000000
33, 6, 34, 100.000000
33, 7, 0, 0.385848
33, 7, 1, -0.167968
33, 7, 2, -0.484061
33, 7, 3, -0.425301
33, 7, 4, -0.481800
33, 7, 5, -0.450652
33, 7, 6, -0.480764
33, 7, 7, -0.404200
33, 7, 8, -0.337142
33, 7, 9, -0.248992
33, 7, 10, -0.032769
33, 7, 11, 0.334162
33, 7, 12, 0.828411
33, 7, 13, 1.528256
33, 7, 14, 2.496472
33, 7, 15, 100.000000
33, 7, 16, 100.000000
33, 7, 17, 100.000000
33, 7, 18, 100.000000
33, 7, 19, 100.000000
33, 7, 20, 100.000000
33, 7, 21, 100.000000
33, 7, 22, 100.000000
33, 7, 23, 100.000000
33, 7, 24, 100.000000
33, 7, 25, 100.000000
33, 7, 26, 100.000000
33, 7, 27, 100.000000
33, 7, 28, 100.000000
33, 7, 29, 100.000000
33, 7, 30, 100.000000
33, 7, 31, 100.000000
33, 7, 32, 100.000000
33, 7, 33, 100.000000
33, 7, 34, 100.000000
33, 8, 0, 0.411022
33, 8, 1, -0.146216
33, 8, 2, -0.489611
33, 8, 3, -0.417242
33, 8, 4, -0.482620
33, 8, 5, -0.455599
33, 8, 6, -0.405851
33, 8, 7, -0.388773
33, 8, 8, -0.361511
33, 8, 9, -0.260108
33, 8, 10, -0.045597
33, 8, 11, 0.304690
33, 8, 12, 0.782947
33, 8, 13, 1.403519
33, 8, 14, 2.200887
33, 8, 15, 100.000000
33, 8, 16, 100.000000
33, 8, 17, 100.000000
33, 8, 18, 100.000000
33, 8, 19, 100.000000
33, 8, 20, 100.000000
33, 8, 21, 100.000000
33, 8, 22, 100.000000
33, 8, 23, 100.000000
33, 8, 24, 100.000000
33, 8, 25, 100.000000
33, 8, 26, 100.000000
33, 8, 27, 100.000000
33, 8, 28, 100.000000
33, 8, 29, 100.000000
33, 8, 30, 100.000000
33, 8, 31, 100.000000
33, 8, 32, 100.000000
33, 8, 33, 100.000000
33, 8, 34, 100.000000
33, 9, 0, 0.446383
33, 9, 1, -0.113177
33, 9, 2, -0.465983
33, 9, 3, -0.407003
33, 9, 4, -0.463766
33, 9, 5, -0.447140
33, 9, 6, -0.404566
33, 9, 7, -0.420601
33, 9, 8, -0.387060
33, 9, 9, -0.287800
33, 9, 10, -0.088452
33, 9, 11, 0.273736
33, 9, 12, 0.752530
33, 9, 13, 1.292251
33, 9, 14, 1.983369
33, 9, 15, 100.000000
33, 9, 16, 100.000000
33, 9, 17, 100.000000
33, 9, 18, 100.000000
33, 9, 19, 100.000000
33, 9, 20, 100.000000
33, 9, 21, 100.000000
33, 9, 22, 100.000000
33, 9, 23, 100.000000
33, 9, 24, 100.000000
33, 9, 25, 100.000000
33, 9, 26, 100.000000
33, 9, 27, 100.000000
33, 9, 28, 100.000000
33, 9, 29, 100.000000
33, 9, 30, 100.000000
33, 9, 31, 100.000000
33, 9, 32, 100.000000
33, 9, 33, 100.000000
33, 9, 34, 100.000000
33, 10, 0, 0.468175
33, 10, 1, -0.085281
33, 10, 2, -0.458385
33, 10, 3, -0.395681
33, 10, 4, -0.438149
33, 10, 5, -0.459561
33, 10, 6, -0.433448
33, 10, 7, -0.442150
33, 10, 8, -0.397202
33, 10, 9, -0.314531
33, 10, 10, -0.142463
33, 10, 11, 0.218924
33, 10, 12, 0.704484
33, 10, 13, 1.281265
33, 10, 14, 2.003340
33, 10, 15, 100.000000
33, 10, 16, 100.000000
33, 10, 17, 100.000000
33, 10, 18, 100.000000
33, 10, 19, 100.000000
33, 10, 20, 100.000000
33, 10, 21, 100.000000
33, 10, 22, 100.000000
33, 10, 23, 100.000000
33, 10, 24, 100.000000
33, 10, 25, 100.000000
33, 10, 26, 100.000000
33, 10, 27, 100.000000
33, 10, 28, 100.000000
33, 10, 29, 100.000000
33, 10, 30, 100.000000
33, 10, 31, 100.000000
33, 10, 32, 100.000000
33, 10, 33, 100.000000
33, 10, 34, 100.000000
33, 11, 0, 0.482553
33, 11, 1, -0.079519
33, 11, 2, -0.461104
33, 11, 3, -0.392672
33, 11, 4, -0.448474
33, 11, 5, -0.465322
33, 11, 6, -0.446392
33, 11, 7, -0.420369
33, 11, 8, -0.375774
33, 11, 9, -0.324170
33, 11, 10, -0.178157
33, 11, 11, 0.150446
33, 11, 12, 0.630796
33, 11, 13, 1.232884
33, 11, 14, 1.940314
33, 11, 15, 100.000000
33, 11, 16, 100.000000
33, 11, 17, 100.000000
33, 11, 18, 100.000000
33, 11, 19, 100.000000
33, 11, 20, 100.000000
33, 11, 21, 100.000000
33, 11, 22, 100.000000
33, 11, 23, 100.000000
33, 11, 24, 100.000000
33, 11, 25, 100.000000
33, 11, 26, 100.000000
33, 11, 27, 100.000000
33, 11, 28, 100.000000
33, 11, 29, 100.000000
33, 11, 30, 100.000000
33, 11, 31, 100.000000
33, 11, 32, 100.000000
33, 11, 33, 100.000000
33, 11, 34, 100.000000
33, 12, 0, 0.479924
33, 12, 1, -0.088495
33, 12, 2, -0.459217
33, 12, 3, -0.415370
33, 12, 4, -0.442886
33, 12, 5, -0.448640
33, 12, 6, -0.437173
33, 12, 7, -0.410880
33, 12, 8, -0.375623
33, 12, 9, -0.354402
33, 12, 10, -0.223203
33, 12, 11, 0.088940
33, 12, 12, 0.559625
33, 12, 13, 1.178180
33, 12, 14, 1.913208
33, 12, 15, 100.000000
33, 12, 16, 100.000000
33, 12, 17, 100.000000
33, 12, 18, 100.000000
33, 12, 19, 100.000000
33, 12, 20, 100.000000
33, 12, 21, 100.000000
33, 12, 22, 100.000000
33, 12, 23, 100.000000
33, 12, 24, 100.000000
33, 12, 25, 100.000000
33, 12, 26, 100.000000
33, 12, 27, 100.000000
33, 12, 28, 100.000000
33, 12, 29, 100.000000
33, 12, 30, 100.000000
33, 12, 31, 100.000000
33, 12, 32, 100.000000
33, 12, 33, 100.000000
33, 12, 34, 100.000000
33, 13, 0, 0.461739
33, 13, 1, -0.093314
33, 13, 2, -0.440440
33, 13, 3, -0.452089
33, 13, 4, -0.450270
33, 13, 5, -0.439504
33, 13, 6, -0.428697
33, 13, 7, -0.416689
33, 13, 8, -0.389594
33, 13, 9, -0.377541
33, 13, 10, -0.254340
33, 13, 11, 0.063619
33, 13, 12, 0.541337
33, 13, 13, 1.145948
33, 13, 14, 1.804455
33, 13, 15, 100.000000
33, 13, 16, 100.000000
33, 13, 17, 100.000000
33, 13, 18, 100.000000
33, 13, 19, 100.000000
33, 13, 20, 100.000000
33, 13, 21, 100.000000
33, 13, 22, 100.000000
33, 13, 23, 100.000000
33, 13, 24, 100.000000
33, 13, 25, 100.000000
33, 13, 26, 100.000000
33, 13, 27, 100.000000
33, 13, 28, 100.000000
33, 13, 29, 100.000000
33, 13, 30, 100.000000
33, 13, 31, 100.000000
33, 13, 32, 100.000000
33, 13, 33, 100.000000
33, 13, 34, 100.000000
33, 14, 0, 0.429454
33, 14, 1, -0.100997
33, 14, 2, -0.428487
33, 14, 3, -0.459921
33, 14, 4, -0.439707
33, 14, 5, -0.432866
33, 14, 6, -0.445493
33, 14, 7, -0.439360
33, 14, 8, -0.396140
33, 14, 9, -0.347487
33, 14, 10, -0.209295
33, 14, 11, 0.129922
33, 14, 12, 0.623001
33, 14, 13, 1.204476
33, 14, 14, 1.732659
33, 14, 15, 100.000000
33, 14, 16, 100.000000
33, 14, 17, 100.000000
33, 14, 18, 100.000000
33, 14, 19, 100.000000
33, 14, 20, 100.000000
33, 14, 21, 100.000000
33, 14, 22, 100.000000
33, 14, 23, 100.000000
33, 14, 24, 100.000000
33, 14, 25, 100.000000
33, 14, 26, 100.000000
33, 14, 27, 100.000000
33, 14, 28, 100.000000
33, 14, 29, 100.000000
33, 14, 30, 100.000000
33, 14, 31, 100.000000
33, 14, 32, 100.000000
33, 14, 33, 100.000000
33, 14, 34, 100.000000
33, 15, 0, 0.403881
33, 15, 1, -0.125508
33, 15, 2, -0.433783
33, 15, 3, -0.447740
33, 15, 4, -0.416966
33, 15, 5, -0.434182
33, 15, 6, -0.449458
33, 15, 7, -0.461154
33, 15, 8, -0.427976
33, 15, 9, -0.334687
33, 15, 10, -0.166871
33, 15, 11, 0.181597
33, 15, 12, 0.645225
33, 15, 13, 1.206724
33, 15, 14, 1.793739
33, 15, 15, 100.000000
33, 15, 16, 100.000000
33, 15, 17, 100.000000
33, 15, 18, 100.000000
33, 15, 19, 100.000000
33, 15, 20, 100.000000
33, 15, 21, 100.000000
33, 15, 22, 100.000000
33, 15, 23, 100.000000
33, 15, 24, 100.000000
33, 15, 25, 100.000000
33, 15, 26, 100.000000
33, 15, 27, 100.000000
33, 15, 28, 100.000000
33, 15, 29, 100.000000
33, 15, 30, 100.000000
33, 15, 31, 100.000000
33, 15, 32, 100.000000
33, 15, 33, 100.000000
33, 15, 34, 100.000000
33, 16, 0, 0.406973
33, 16, 1, -0.143004
33, 16, 2, -0.465557
33, 16, 3, -0.429333
33, 16, 4, -0.420846
33, 16, 5, -0.448389
33, 16, 6, -0.457374
33, 16, 7, -0.453712
33, 16, 8, -0.446020
33, 16, 9, -0.381730
33, 16, 10, -0.170388
33, 16, 11, 0.193333
33, 16, 12, 0.693696
33, 16, 13, 1.280362
33, 16, 14, 1.960506
33, 16, 15, 100.000000
33, 16, 16, 100.000000
33, 16, 17, 100.000000
33, 16, 18, 100.000000
33, 16, 19, 100.000000
33, 16, 20, 100.000000
33, 16, 21, 100.000000
33, 16, 22, 100.000000
33, 16, 23, 100.000000
33, 16, 24, 100.000000
33, 16, 25, 100.000000
33, 16, 26, 100.000000
33, 16, 27, 100.000000
33, 16, 28, 100.000000
33, 16, 29, 100.000000
33, 16, 30, 100.000000
33, 16, 31, 100.000000
33, 16, 32, 100.000000
33, 16, 33, 100.000000
33, 16, 34, 100.000000
33, 17, 0, 0.425424
33, 17, 1, -0.137983
33, 17, 2, -0.484302
33, 17, 3, -0.412260
33, 17, 4, -0.445377
33, 17, 5, -0.467295
33, 17, 6, -0.457563
33, 17, 7, -0.459677
33, 17, 8, -0.456332
33, 17, 9, -0.397915
33, 17, 10, -0.193716
33, 17, 11, 0.175280
33, 17, 12, 0.684838
33, 17, 13, 1.274722
33, 17, 14, 2.072535
33, 17, 15, 100.000000
33, 17, 16, 100.000000
33, 17, 17, 100.000000
33, 17, 18, 100.000000
33, 17, 19, 100.000000
33, 17, 20, 100.000000
33, 17, 21, 100.000000
33, 17, 22, 100.000000
33, 17, 23, 100.000000
33, 17, 24, 100.000000
33, 17, 25, 100.000000
33, 17, 26, 100.000000
33, 17, 27, 100.000000
33, 17, 28, 100.000000
33, 17, 29, 100.000000
33, 17, 30, 100.000000
33, 17, 31, 100.000000
33, 17, 32, 100.000000
33, 17, 33, 100.000000
33, 17, 34, 100.000000
33, 18, 0, 0.434506
33, 18, 1, -0.125870
33, 18, 2, -0.480251
33, 18, 3, -0.387574
33, 18, 4, -0.460028
33, 18, 5, -0.491969
33, 18, 6, -0.477491
33, 18, 7, -0.468889
33, 18, 8, -0.430925
33, 18, 9, -0.380454
33, 18, 10, -0.205652
33, 18, 11, 0.146191
33, 18, 12, 0.638911
33, 18, 13, 1.227552
33, 18, 14, 2.022064
33, 18, 15, 100.000000
33, 18, 16, 100.000000
33, 18, 17, 100.000000
33, 18, 18, 100.000000
33, 18, 19, 100.000000
33, 18, 20, 100.000000
33, 18, 21, 100.000000
33, 18, 22, 100.000000
33, 18, 23, 100.000000
33, 18, 24, 100.000000
33, 18, 25, 100.000000
33, 18, 26, 100.000000
33, 18, 27, 100.000000
33, 18, 28, 100.000000
33, 18, 29, 100.000000
33, 18, 30, 100.000000
33, 18, 31, 100.000000
33, 18, 32, 100.000000
33, 18, 33, 100.000000
33, 18, 34, 100.000000
33, 19, 0, 0.429342
33, 19, 1, -0.128017
33, 19, 2, -0.474906
33, 19, 3, -0.380354
33, 19, 4, -0.464336
33, 19, 5, -0.489091
33, 19, 6, -0.485263
33, 19, 7, -0.475632
33, 19, 8, -0.420594
33, 19, 9, -0.371387
33, 19, 10, -0.225497
33, 19, 11, 0.128360
33, 19, 12, 0.607273
33, 19, 13, 1.170318
33, 19, 14, 1.954294
33, 19, 15, 100.000000
33, 19, 16, 100.000000
33, 19, 17, 100.000000
33, 19, 18, 100.000000
33, 19, 19, 100.000000
33, 19, 20, 100.000000
33, 19, 21, 100.000000
33, 19, 22, 100.000000
33, 19, 23, 100.000000
33, 19, 24, 100.000000
33, 19, 25, 100.000000
33, 19, 26, 100.000000
33, 19, 27, 100.000000
33, 19, 28, 100.000000
33, 19, 29, 100.000000
33, 19, 30, 100.000000
33, 19, 31, 100.000000
33, 19, 32, 100.000000
33, 19, 33, 100.000000
33, 19, 34, 100.000000
33, 20, 0, 0.422430
33, 20, 1, -0.132222
33, 20, 2, -0.464362
33, 20, 3, -0.392905
33, 20, 4, -0.469177
33, 20, 5, -0.463439
33, 20, 6, -0.465478
33, 20, 7, -0.463126
33, 20, 8, -0.424129
33, 20, 9, -0.371791
33, 20, 10, -0.216344
33, 20, 11, 0.137651
33, 20, 12, 0.624291
33, 20, 13, 1.199121
33, 20, 14, 1.910142
33, 20, 15, 100.000000
33, 20, 16, 100.000000
33, 20, 17, 100.000000
33, 20, 18, 100.000000
33, 20, 19, 100.000000
33, 20, 20, 100.000000
33, 20, 21, 100.000000
33, 20, 22, 100.000000
33, 20, 23, 100.000000
33, 20, 24, 100.000000
33, 20, 25, 100.000000
33, 20, 26, 100.000000
33, 20, 27, 100.000000
33, 20, 28, 100.000000
33, 20, 29, 100.000000
33, 20, 30, 100.000000
33, 20, 31, 100.000000
33, 20, 32, 100.000000
33, 20, 33, 100.000000
33, 20, 34, 100.000000
33, 21, 0, 0.408025
33, 21, 1, -0.139283
33, 21, 2, -0.461503
33, 21, 3, -0.387719
33, 21, 4, -0.442835
33, 21, 5, -0.443132
33, 21, 6, -0.443194
33, 21, 7, -0.465073
33, 21, 8, -0.423321
33, 21, 9, -0.341916
33, 21, 10, -0.180432
33, 21, 11, 0.132354
33, 21, 12, 0.601566
33, 21, 13, 1.204490
33, 21, 14, 2.009605
33, 21, 15, 100.000000
33, 21, 16, 100.000000
33, 21, 17, 100.000000
33, 21, 18, 100.000000
33, 21, 19, 100.000000
33, 21, 20, 100.000000
33, 21, 21, 100.000000
33, 21, 22, 100.000000
33, 21, 23, 100.000000
33, 21, 24, 100.000000
33, 21, 25, 100.000000
33, 21, 26, 100.000000
33, 21, 27, 100.000000
33, 21, 28, 100.000000
33, 21, 29, 100.000000
33, 21, 30, 100.000000
33, 21, 31, 100.000000
33, 21, 32, 100.000000
33, 21, 33, 100.000000
33, 21, 34, 100.000000
33, 22, 0, 0.394613
33, 22, 1, -0.126639
33, 22, 2, -0.453113
33, 22, 3, -0.373927
33, 22, 4, -0.386738
33, 22, 5, -0.470518
33, 22, 6, -0.451860
33, 22, 7, -0.459842
33, 22, 8, -0.418288
33, 22, 9, -0.300295
33, 22, 10, -0.129647
33, 22, 11, 0.141739
33, 22, 12, 0.601068
33, 22, 13, 1.161511
33, 22, 14, 1.884315
33, 22, 15, 100.000000
33, 22, 16, 100.000000
33, 22, 17, 100.000000
33, 22, 18, 100.000000
33, 22, 19, 100.000000
33, 22, 20, 100.000000
33, 22, 21, 100.000000
33, 22, 22, 100.000000
33, 22, 23, 100.000000
33, 22, 24, 100.000000
33, 22, 25, 100.000000
33, 22, 26, 100.000000
33, 22, 27, 100.000000
33, 22, 28, 100.000000
33, 22, 29, 100.000000
33, 22, 30, 100.000000
33, 22, 31, 100.000000
33, 22, 32, 100.000000
33, 22, 33, 100.000000
33, 22, 34, 100.000000
33, 23, 0, 0.398708
33, 23, 1, -0.130217
33, 23, 2, -0.469032
33, 23, 3, -0.386297
33, 23, 4, -0.383637
33, 23, 5, -0.464082
33, 23, 6, -0.442933
33, 23, 7, -0.461007
33, 23, 8, -0.418657
33, 23, 9, -0.278925
33, 23, 10, -0.105955
33, 23, 11, 0.167497
33, 23, 12, 0.636908
33, 23, 13, 1.189086
33, 23, 14, 1.905586
33, 23, 15, 100.000000
33, 23, 16, 100.000000
33, 23, 17, 100.000000
33, 23, 18, 100.000000
33, 23, 19, 100.000000
33, 23, 20, 100.000000
33, 23, 21, 100.000000
33, 23, 22, 100.000000
33, 23, 23, 100.000000
33, 23, 24, 100.000000
33, 23, 25, 100.000000
33, 23, 26, 100.000000
33, 23, 27, 100.000000
33, 23, 28, 100.000000
33, 23, 29, 100.000000
33, 23, 30, 100.000000
33, 23, 31, 100.000000
33, 23, 32, 100.000000
33, 23, 33, 100.000000
33, 23, 34, 100.000000
33, 24, 0, 0.396757
33, 24, 1, -0.143917
33, 24, 2, -0.449160
33, 24, 3, -0.414744
33, 24, 4, -0.417069
33, 24, 5, -0.448263
33, 24, 6, -0.471327
33, 24, 7, -0.473535
33, 24, 8, -0.452410
33, 24, 9, -0.289689
33, 24, 10, -0.078456
33, 24, 11, 0.234632
33, 24, 12, 0.688996
33, 24, 13, 1.306368
33, 24, 14, 1.990440
33, 24, 15, 100.000000
33, 24, 16, 100.000000
33, 24, 17, 100.000000
33, 24, 18, 100.000000
33, 24, 19, 100.000000
33, 24, 20, 100.000000
33, 24, 21, 100.000000
33, 24, 22, 100.000000
33, 24, 23, 100.000000
33, 24, 24, 100.000000
33, 24, 25, 100.000000
33, 24, 26, 100.000000
33, 24, 27, 100.000000
33, 24, 28, 100.000000
33, 24, 29, 100.000000
33, 24, 30, 100.000000
33, 24, 31, 100.000000
33, 24, 32, 100.000000
33, 24, 33, 100.000000
33, 24, 34, 100.000000
33, 25, 0, 0.386194
33, 25, 1, -0.170242
33, 25, 2, -0.445045
33, 25, 3, -0.439497
33, 25, 4, -0.447923
33, 25, 5, -0.456748
33, 25, 6, -0.493529
33, 25, 7, -0.479421
33, 25, 8, -0.485292
33, 25, 9, -0.319354
33, 25, 10, -0.082363
33, 25, 11, 0.256118
33, 25, 12, 0.745341
33, 25, 13, 1.361177
33, 25, 14, 2.066709
33, 25, 15, 100.000000
33, 25, 16, 100.000000
33, 25, 17, 100.000000
33, 25, 18, 100.000000
33, 25, 19, 100.000000
33, 25, 20, 100.000000
33, 25, 21, 100.000000
33, 25, 22, 100.000000
33, 25, 23, 100.000000
33, 25, 24, 100.000000
33, 25, 25, 100.000000
33, 25, 26, 100.000000
33, 25, 27, 100.000000
33, 25, 28, 100.000000
33, 25, 29, 100.000000
33, 25, 30, 100.000000
33, 25, 31, 100.000000
33, 25, 32, 100.000000
33, 25, 33, 100.000000
33, 25, 34, 100.000000
33, 26, 0, 0.375990
33, 26, 1, -0.183355
33, 26, 2, -0.449956
33, 26, 3, -0.439856
33, 26, 4, -0.436173
33, 26, 5, -0.448692
33, 26, 6, -0.478091
33, 26, 7, -0.485909
33, 26, 8, -0.456898
33, 26, 9, -0.319905
33, 26, 10, -0.100419
33, 26, 11, 0.230763
33, 26, 12, 0.731362
33, 26, 13, 1.368798
33, 26, 14, 2.028114
33, 26, 15, 100.000000
33, 26, 16, 100.000000
33, 26, 17, 100.000000
33, 26, 18, 100.000000
33, 26, 19, 100.000000
33, 26, 20, 100.000000
33, 26, 21, 100.000000
33, 26, 22, 100.000000
33, 26, 23, 100.000000
33, 26, 24, 100.000000
33, 26, 25, 100.000000
33, 26, 26, 100.000000
33, 26, 27, 100.000000
33, 26, 28, 100.000000
33, 26, 29, 100.000000
33, 26, 30, 100.000000
33, 26, 31, 100.000000
33, 26, 32, 100.000000
33, 26, 33, 100.000000
33, 26, 34, 100.000000
33, 27, 0, 0.369929
33, 27, 1, -0.155137
33, 27, 2, -0.421984
33, 27, 3, -0.443268
33, 27, 4, -0.439221
33, 27, 5, -0.466986
33, 27, 6, -0.441692
33, 27, 7, -0.441400
33, 27, 8, -0.428181
33, 27, 9, -0.303296
33, 27, 10, -0.085323
33, 27, 11, 0.239716
33, 27, 12, 0.750869
33, 27, 13, 1.453696
33, 27, 14, 2.222377
33, 27, 15, 100.000000
33, 27, 16, 100.000000
33, 27, 17, 100.000000
33, 27, 18, 100.000000
33, 27, 19, 100.000000
33, 27, 20, 100.000000
33, 27, 21, 100.000000
33, 27, 22, 100.000000
33, 27, 23, 100.000000
33, 27, 24, 100.000000
33, 27, 25, 100.000000
33, 27, 26, 100.000000
33, 27, 27, 100.000000
33, 27, 28, 100.000000
33, 27, 29, 100.000000
33, 27, 30, 100.000000
33, 27, 31, 100.000000
33, 27, 32, 100.000000
33, 27, 33, 100.000000
33, 27, 34, 100.000000
33, 28, 0, 0.385916
33, 28, 1, -0.077377
33, 28, 2, -0.299617
33, 28, 3, -0.379669
33, 28, 4, -0.444629
33, 28, 5, -0.456834
33, 28, 6, -0.427812
33, 28, 7, -0.456548
33, 28, 8, -0.399023
33, 28, 9, -0.266021
33, 28, 10, -0.060913
33, 28, 11, 0.274921
33, 28, 12, 0.772425
33, 28, 13, 1.444294
33, 28, 14, 2.400325
33, 28, 15, 100.000000
33, 28, 16, 100.000000
33, 28, 17, 100.000000
33, 28, 18, 100.000000
33, 28, 19, 100.000000
33, 28, 20, 100.000000
33, 28, 21, 100.000000
33, 28, 22, 100.000000
33, 28, 23, 100.000000
33, 28, 24, 100.000000
33, 28, 25, 100.000000
33, 28, 26, 100.000000
33, 28, 27, 100.000000
33, 28, 28, 100.000000
33, 28, 29, 100.000000
33, 28, 30, 100.000000
33, 28, 31, 100.000000
33, 28, 32, 100.000000
33, 28, 33, 100.000000
33, 28, 34, 100.000000
33, 29, 0, 0.424930
33, 29, 1, 0.071833
33, 29, 2, -0.050975
33, 29, 3, -0.099441
33, 29, 4, -0.141577
33, 29, 5, -0.170486
33, 29, 6, -0.188581
33, 29, 7, -0.165981
33, 29, 8, -0.092802
33, 29, 9, -0.027631
33, 29, 10, 0.049165
33, 29, 11, 0.322386
33, 29, 12, 0.790330
33, 29, 13, 1.392603
33, 29, 14, 2.190224
33, 29, 15, 100.000000
33, 29, 16, 100.000000
33, 29, 17, 100.000000
33, 29, 18, 100.000000
33, 29, 19, 100.000000
33, 29, 20, 100.000000
33, 29, 21, 100.000000
33, 29, 22, 100.000000
33, 29, 23, 100.000000
33, 29, 24, 100.000000
33, 29, 25, 100.000000
33, 29, 26, 100.000000
33, 29, 27, 100.000000
33, 29, 28, 100.000000
33, 29, 29, 100.000000
33, 29, 30, 100.000000
33, 29, 31, 100.000000
33, 29, 32, 100.000000
33, 29, 33, 100.000000
33, 29, 34, 100.000000
34, 0, 0, 0.753899
34, 0, 1, 0.498984
34, 0, 2, 0.448473
34, 0, 3, 0.422846
34, 0, 4, 0.418522
34, 0, 5, 0.449805
34, 0, 6, 0.456503
34, 0, 7, 0.430874
34, 0, 8, 0.397290
34, 0, 9, 0.421056
34, 0, 10, 0.522810
34, 0, 11, 0.767551
34, 0, 12, 0.976727
34, 0, 13, 1.332631
34, 0, 14, 2.307588
34, 0, 15, 100.000000
34, 0, 16, 100.000000
34, 0, 17, 100.000000
34, 0, 18, 100.000000
34, 0, 19, 100.000000
34, 0, 20, 100.000000
34, 0, 21, 100.000000
34, 0, 22, 100.000000
34, 0, 23, 100.000000
34, 0, 24, 100.000000
34, 0, 25, 100.000000
34, 0, 26, 100.000000
34, 0, 27, 100.000000
34, 0, 28, 100.000000
34, 0, 29, 100.000000
34, 0, 30, 100.000000
34, 0, 31, 100.000000
34, 0, 32, 100.000000
34, 0, 33, 100.000000
34, 0, 34, 100.000000
34, 1, 0, 0.511028
34, 1, 1, 0.085168
34, 1, 2, -0.039907
34, 1, 3, -0.059220
34, 1, 4, -0.065212
34, 1, 5, -0.042874
34, 1, 6, -0.018234
34, 1, 7, -0.041632
34, 1, 8, -0.062907
34, 1, 9, -0.016369
34, 1, 10, 0.218493
34, 1, 11, 0.608936
34, 1, 12, 1.005239
34, 1, 13, 1.397539
34, 1, 14, 2.334688
34, 1, 15, 100.000000
34, 1, 16, 100.000000
34, 1, 17, 100.000000
34, 1, 18, 100.000000
34, 1, 19, 100.000000
34, 1, 20, 100.000000
34, 1, 21, 100.000000
34, 1, 22, 100.000000
34, 1, 23, 100.000000
34, 1, 24, 100.000000
34, 1, 25, 100.000000
34, 1, 26, 100.000000
34, 1, 27, 100.000000
34, 1, 28, 100.000000
34, 1, 29, 100.000000
34, 1, 30, 100.000000
34, 1, 31, 100.000000
34, 1, 32, 100.000000
34, 1, 33, 100.000000
34, 1, 34, 100.000000
34, 2, 0, 0.441020
34, 2, 1, -0.092302
34, 2, 2, -0.338409
34, 2, 3, -0.362512
34, 2, 4, -0.365013
34, 2, 5, -0.335370
34, 2, 6, -0.307703
34, 2, 7, -0.299201
34, 2, 8, -0.299579
34, 2, 9, -0.210119
34, 2, 10, 0.095557
34, 2, 11, 0.551954
34, 2, 12, 1.045504
34, 2, 13, 1.542447
34, 2, 14, 100.000000
34, 2, 15, 100.000000
34, 2, 16, 100.000000
34, 2, 17, 100.000000
34, 2, 18, 100.000000
34, 2, 19, 100.000000
34, 2, 20, 100.000000
34, 2, 21, 100.000000
34, 2, 22, 100.000000
34, 2, 23, 100.000000
34, 2, 24, 100.000000
34, 2, 25, 100.000000
34, 2, 26, 100.000000
34, 2, 27, 100.000000
34, 2, 28, 100.000000
34, 2, 29, 100.000000
34, 2, 30, 100.000000
34, 2, 31, 100.000000
34, 2, 32, 100.000000
34, 2, 33, 100.000000
34, 2, 34, 100.000000
34, 3, 0, 0.423287
34, 3, 1, -0.129045
34, 3, 2, -0.452993
34, 3, 3, -0.429484
34, 3, 4, -0.467889
34, 3, 5, -0.463447
34, 3, 6, -0.454215
34, 3, 7, -0.394750
34, 3, 8, -0.352513
34, 3, 9, -0.255261
34, 3, 10, 0.026523
34, 3, 11, 0.465341
34, 3, 12, 0.993747
34, 3, 13, 1.685204
34, 3, 14, 100.000000
34, 3, 15, 100.000000
34, 3, 16, 100.000000
34, 3, 17, 100.000000
34, 3, 18, 100.000000
34, 3, 19, 100.000000
34, 3, 20, 100.000000
34, 3, 21, 100.000000
34, 3, 22, 100.000000
34, 3, 23, 100.000000
34, 3, 24, 100.000000
34, 3, 25, 100.000000
34, 3, 26, 100.000000
34, 3, 27, 100.000000
34, 3, 28, 100.000000
34, 3, 29, 100.000000
34, 3, 30, 100.000000
34, 3, 31, 100.000000
34, 3, 32, 100.000000
34, 3, 33, 100.000000
34, 3, 34, 100.000000
34, 4, 0, 0.417479
34, 4, 1, -0.144785
34, 4, 2, -0.477431
34, 4, 3, -0.416283
34, 4, 4, -0.460207
34, 4, 5, -0.461125
34, 4, 6, -0.449737
34, 4, 7, -0.410836
34, 4, 8, -0.355134
34, 4, 9, -0.279275
34, 4, 10, -0.027044
34, 4, 11, 0.399320
34, 4, 12, 0.972373
34, 4, 13, 1.639519
34, 4, 14, 2.492686
34, 4, 15, 100.000000
34, 4, 16, 100.000000
34, 4, 17, 100.000000
34, 4, 18, 100.000000
34, 4, 19, 100.000000
34, 4, 20, 100.000000
34, 4, 21, 100.000000
34, 4, 22, 100.000000
34, 4, 23, 100.000000
34, 4, 24, 100.000000
34, 4, 25, 100.000000
34, 4, 26, 100.000000
34, 4, 27, 100.000000
34, 4, 28, 100.000000
34, 4, 29, 100.000000
34, 4, 30, 100.000000
34, 4, 31, 100.000000
34, 4, 32, 100.000000
34, 4, 33, 100.000000
34, 4, 34, 100.000000
34, 5, 0, 0.393362
34, 5, 1, -0.164919
34, 5, 2, -0.462271
34, 5, 3, -0.402659
34, 5, 4, -0.447529
34, 5, 5, -0.455499
34, 5, 6, -0.472667
34, 5, 7, -0.433705
34, 5, 8, -0.363313
34, 5, 9, -0.280716
34, 5, 10, -0.030342
34, 5, 11, 0.418616
34, 5, 12, 0.998497
34, 5, 13, 1.683713
34, 5, 14, 100.000000
34, 5, 15, 100.000000
34, 5, 16, 100.000000
34, 5, 17, 100.000000
34, 5, 18, 100.000000
34, 5, 19, 100.000000
34, 5, 20, 100.000000
34, 5, 21, 100.000000
34, 5, 22, 100.000000
34, 5, 23, 100.000000
34, 5, 24, 100.000000
34, 5, 25, 100.000000
34, 5, 26, 100.000000
34, 5, 27, 100.000000
34, 5, 28, 100.000000
34, 5, 29, 100.000000
34, 5, 30, 100.000000
34, 5, 31, 100.000000
34, 5, 32, 100.000000
34, 5, 33, 100.000000
34, 5, 34, 100.000000
34, 6, 0, 0.369935
34, 6, 1, -0.176630
34, 6, 2, -0.445938
34, 6, 3, -0.417298
34, 6, 4, -0.485210
34, 6, 5, -0.469422
34, 6, 6, -0.459630
34, 6, 7, -0.424221
34, 6, 8, -0.351401
34, 6, 9, -0.273095
34, 6, 10, -0.022365
34, 6, 11, 0.401203
34, 6, 12, 0.937914
34, 6, 13, 1.594507
34, 6, 14, 100.000000
34, 6, 15, 100.000000
34, 6, 16, 100.000000
34, 6, 17, 100.000000
34, 6, 18, 100.000000
34, 6, 19, 100.000000
34, 6, 20, 100.000000
34, 6, 21, 100.000000
34, 6, 22, 100.000000
34, 6, 23, 100.000000
34, 6, 24, 100.000000
34, 6, 25, 100.000000
34, 6, 26, 100.000000
34, 6, 27, 100.000000
34, 6, 28, 100.000000
34, 6, 29, 100.000000
34, 6, 30, 100.000000
34, 6, 31, 100.000000
34, 6, 32, 100.000000
34, 6, 33, 100.000000
34, 6, 34, 100.000000
34, 7, 0, 0.369490
34, 7, 1, -0.179571
34, 7, 2, -0.471375
34, 7, 3, -0.425442
34, 7, 4, -0.485538
34, 7, 5, -0.470374
34, 7, 6, -0.474774
34, 7, 7, -0.412244
34, 7, 8, -0.344665
34, 7, 9, -0.274221
34, 7, 10, -0.046230
34, 7, 11, 0.352475
34, 7, 12, 0.847008
34, 7, 13, 1.488767
34, 7, 14, 2.335693
34, 7, 15, 100.000000
34, 7, 16, 100.000000
34, 7, 17, 100.000000
34, 7, 18, 100.000000
34, 7, 19, 100.000000
34, 7, 20, 100.000000
34, 7, 21, 100.000000
34, 7, 22, 100.000000
34, 7, 23, 100.000000
34, 7, 24, 100.000000
34, 7, 25, 100.000000
34, 7, 26, 100.000000
34, 7, 27, 100.000000
34, 7, 28, 100.000000
34, 7, 29, 100.000000
34, 7, 30, 100.000000
34, 7, 31, 100.000000
34, 7, 32, 100.000000
34, 7, 33, 100.000000
34, 7, 34, 100.000000
34, 8, 0, 0.387124
34, 8, 1, -0.176294
34, 8, 2, -0.482642
34, 8, 3, -0.420966
34, 8, 4, -0.493578
34, 8, 5, -0.464646
34, 8, 6, -0.429086
34, 8, 7, -0.371168
34, 8, 8, -0.355365
34, 8, 9, -0.317106
34, 8, 10, -0.091486
34, 8, 11, 0.317372
34, 8, 12, 0.791768
34, 8, 13, 1.395429
34, 8, 14, 2.205466
34, 8, 15, 100.000000
34, 8, 16, 100.000000
34, 8, 17, 100.000000
34, 8, 18, 100.000000
34, 8, 19, 100.000000
34, 8, 20, 100.000000
34, 8, 21, 100.000000
34, 8, 22, 100.000000
34, 8, 23, 100.000000
34, 8, 24, 100.000000
34, 8, 25, 100.000000
34, 8, 26, 100.000000
34, 8, 27, 100.000000
34, 8, 28, 100.000000
34, 8, 29, 100.000000
34, 8, 30, 100.000000
34, 8, 31, 100.000000
34, 8, 32, 100.000000
34, 8, 33, 100.000000
34, 8, 34, 100.000000
34, 9, 0, 0.406638
34, 9, 1, -0.159168
34, 9, 2, -0.483010
34, 9, 3, -0.411409
34, 9, 4, -0.471684
34, 9, 5, -0.469517
34, 9, 6, -0.405467
34, 9, 7, -0.392149
34, 9, 8, -0.398620
34, 9, 9, -0.343383
34, 9, 10, -0.131423
34, 9, 11, 0.305668
34, 9, 12, 0.800559
34, 9, 13, 1.328773
34, 9, 14, 2.135580
34, 9, 15, 100.000000
34, 9, 16, 100.000000
34, 9, 17, 100.000000
34, 9, 18, 100.000000
34, 9, 19, 100.000000
34, 9, 20, 100.000000
34, 9, 21, 100.000000
34, 9, 22, 100.000000
34, 9, 23, 100.000000
34, 9, 24, 100.000000
34, 9, 25, 100.000000
34, 9, 26, 100.000000
34, 9, 27, 100.000000
34, 9, 28, 100.000000
34, 9, 29, 100.000000
34, 9, 30, 100.000000
34, 9, 31, 100.000000
34, 9, 32, 100.000000
34, 9, 33, 100.000000
34, 9, 34, 100.000000
34, 10, 0, 0.437197
34, 10, 1, -0.105784
34, 10, 2, -0.462132
34, 10, 3, -0.401167
34, 10, 4, -0.438487
34, 10, 5, -0.469094
34, 10, 6, -0.425022
34, 10, 7, -0.419645
34, 10, 8, -0.392608
34, 10, 9, -0.325653
34, 10, 10, -0.132670
34, 10, 11, 0.278291
34, 10, 12, 0.755497
34, 10, 13, 1.308008
34, 10, 14, 2.121464
34, 10, 15, 100.000000
34, 10, 16, 100.000000
34, 10, 17, 100.000000
34, 10, 18, 100.000000
34, 10, 19, 100.000000
34, 10, 20, 100.000000
34, 10, 21, 100.000000
34, 10, 22, 100.000000
34, 10, 23, 100.000000
34, 10, 24, 100.000000
34, 10, 25, 100.000000
34, 10, 26, 100.000000
34, 10, 27, 100.000000
34, 10, 28, 100.000000
34, 10, 29, 100.000000
34, 10, 30, 100.000000
34, 10, 31, 100.000000
34, 10, 32, 100.000000
34, 10, 33, 100.000000
34, 10, 34, 100.000000
34, 11, 0, 0.458818
34, 11, 1, -0.072367
34, 11, 2, -0.434236
34, 11, 3, -0.415683
34, 11, 4, -0.424305
34, 11, 5, -0.461663
34, 11, 6, -0.449732
34, 11, 7, -0.415792
34, 11, 8, -0.366291
34, 11, 9, -0.300050
34, 11, 10, -0.159744
34, 11, 11, 0.172118
34, 11, 12, 0.633539
34, 11, 13, 1.196616
34, 11, 14, 1.882804
34, 11, 15, 100.000000
34, 11, 16, 100.000000
34, 11, 17, 100.000000
34, 11, 18, 100.000000
34, 11, 19, 100.000000
34, 11, 20, 100.000000
34, 11, 21, 100.000000
34, 11, 22, 100.000000
34, 11, 23, 100.000000
34, 11, 24, 100.000000
34, 11, 25, 100.000000
34, 11, 26, 100.000000
34, 11, 27, 100.000000
34, 11, 28, 100.000000
34, 11, 29, 100.000000
34, 11, 30, 100.000000
34, 11, 31, 100.000000
34, 11, 32, 100.000000
34, 11, 33, 100.000000
34, 11, 34, 100.000000
34, 12, 0, 0.467564
34, 12, 1, -0.075258
34, 12, 2, -0.425627
34, 12, 3, -0.436526
34, 12, 4, -0.436952
34, 12, 5, -0.451787
34, 12, 6, -0.447447
34, 12, 7, -0.421341
34, 12, 8, -0.376801
34, 12, 9, -0.325787
34, 12, 10, -0.206098
34, 12, 11, 0.095202
34, 12, 12, 0.563544
34, 12, 13, 1.104287
34, 12, 14, 1.757412
34, 12, 15, 100.000000
34, 12, 16, 100.000000
34, 12, 17, 100.000000
34, 12, 18, 100.000000
34, 12, 19, 100.000000
34, 12, 20, 100.000000
34, 12, 21, 100.000000
34, 12, 22, 100.000000
34, 12, 23, 100.000000
34, 12, 24, 100.000000
34, 12, 25, 100.000000
34, 12, 26, 100.000000
34, 12, 27, 100.000000
34, 12, 28, 100.000000
34, 12, 29, 100.000000
34, 12, 30, 100.000000
34, 12, 31, 100.000000
34, 12, 32, 100.000000
34, 12, 33, 100.000000
34, 12, 34, 100.000000
34, 13, 0, 0.459150
34, 13, 1, -0.085976
34, 13, 2, -0.430291
34, 13, 3, -0.444598
34, 13, 4, -0.418622
34, 13, 5, -0.430360
34, 13, 6, -0.447977
34, 13, 7, -0.441647
34, 13, 8, -0.388871
34, 13, 9, -0.356861
34, 13, 10, -0.268486
34, 13, 11, 0.056836
34, 13, 12, 0.572070
34, 13, 13, 1.141093
34, 13, 14, 1.734777
34, 13, 15, 100.000000
34, 13, 16, 100.000000
34, 13, 17, 100.000000
34, 13, 18, 100.000000
34, 13, 19, 100.000000
34, 13, 20, 100.000000
34, 13, 21, 100.000000
34, 13, 22, 100.000000
34, 13, 23, 100.000000
34, 13, 24, 100.000000
34, 13, 25, 100.000000
34, 13, 26, 100.000000
34, 13, 27, 100.000000
34, 13, 28, 100.000000
34, 13, 29, 100.000000
34, 13, 30, 100.000000
34, 13, 31, 100.000000
34, 13, 32, 100.000000
34, 13, 33, 100.000000
34, 13, 34, 100.000000
34, 14, 0, 0.436783
34, 14, 1, -0.101521
34, 14, 2, -0.435316
34, 14, 3, -0.433718
34, 14, 4, -0.399031
34, 14, 5, -0.424732
34, 14, 6, -0.458972
34, 14, 7, -0.464827
34, 14, 8, -0.406187
34, 14, 9, -0.354754
34, 14, 10, -0.238785
34, 14, 11, 0.120851
34, 14, 12, 0.644050
34, 14, 13, 1.190054
34, 14, 14, 1.727538
34, 14, 15, 100.000000
34, 14, 16, 100.000000
34, 14, 17, 100.000000
34, 14, 18, 100.000000
34, 14, 19, 100.000000
34, 14, 20, 100.000000
34, 14, 21, 100.000000
34, 14, 22, 100.000000
34, 14, 23, 100.000000
34, 14, 24, 100.000000
34, 14, 25, 100.000000
34, 14, 26, 100.000000
34, 14, 27, 100.000000
34, 14, 28, 100.000000
34, 14, 29, 100.000000
34, 14, 30, 100.000000
34, 14, 31, 100.000000
34, 14, 32, 100.000000
34, 14, 33, 100.000000
34, 14, 34, 100.000000
34, 15, 0, 0.415838
34, 15, 1, -0.116458
34, 15, 2, -0.441692
34, 15, 3, -0.428398
34, 15, 4, -0.404902
34, 15, 5, -0.437032
34, 15, 6, -0.448286
34, 15, 7, -0.457622
34, 15, 8, -0.431952
34, 15, 9, -0.364614
34, 15, 10, -0.192783
34, 15, 11, 0.195442
34, 15, 12, 0.698376
34, 15, 13, 1.226771
34, 15, 14, 1.873904
34, 15, 15, 100.000000
34, 15, 16, 100.000000
34, 15, 17, 100.000000
34, 15, 18, 100.000000
34, 15, 19, 100.000000
34, 15, 20, 100.000000
34, 15, 21, 100.000000
34, 15, 22, 100.000000
34, 15, 23, 100.000000
34, 15, 24, 100.000000
34, 15, 25, 100.000000
34, 15, 26, 100.000000
34, 15, 27, 100.000000
34, 15, 28, 100.000000
34, 15, 29, 100.000000
34, 15, 30, 100.000000
34, 15, 31, 100.000000
34, 15, 32, 100.000000
34, 15, 33, 100.000000
34, 15, 34, 100.000000
34, 16, 0, 0.418209
34, 16, 1, -0.125053
34, 16, 2, -0.455733
34, 16, 3, -0.438156
34, 16, 4, -0.436208
34, 16, 5, -0.445046
34, 16, 6, -0.455472
34, 16, 7, -0.476795
34, 16, 8, -0.467038
34, 16, 9, -0.395534
34, 16, 10, -0.184092
34, 16, 11, 0.218128
34, 16, 12, 0.730942
34, 16, 13, 1.297964
34, 16, 14, 2.039497
34, 16, 15, 100.000000
34, 16, 16, 100.000000
34, 16, 17, 100.000000
34, 16, 18, 100.000000
34, 16, 19, 100.000000
34, 16, 20, 100.000000
34, 16, 21, 100.000000
34, 16, 22, 100.000000
34, 16, 23, 100.000000
34, 16, 24, 100.000000
34, 16, 25, 100.000000
34, 16, 26, 100.000000
34, 16, 27, 100.000000
34, 16, 28, 100.000000
34, 16, 29, 100.000000
34, 16, 30, 100.000000
34, 16, 31, 100.000000
34, 16, 32, 100.000000
34, 16, 33, 100.000000
34, 16, 34, 100.000000
34, 17, 0, 0.448850
34, 17, 1, -0.113173
34, 17, 2, -0.463502
34, 17, 3, -0.419371
34, 17, 4, -0.444869
34, 17, 5, -0.459257
34, 17, 6, -0.443839
34, 17, 7, -0.449891
34, 17, 8, -0.444679
34, 17, 9, -0.379063
34, 17, 10, -0.186930
34, 17, 11, 0.170603
34, 17, 12, 0.670519
34, 17, 13, 1.290641
34, 17, 14, 1.977685
34, 17, 15, 100.000000
34, 17, 16, 100.000000
34, 17, 17, 100.000000
34, 17, 18, 100.000000
34, 17, 19, 100.000000
34, 17, 20, 100.000000
34, 17, 21, 100.000000
34, 17, 22, 100.000000
34, 17, 23, 100.000000
34, 17, 24, 100.000000
34, 17, 25, 100.000000
34, 17, 26, 100.000000
34, 17, 27, 100.000000
34, 17, 28, 100.000000
34, 17, 29, 100.000000
34, 17, 30, 100.000000
34, 17, 31, 100.000000
34, 17, 32, 100.000000
34, 17, 33, 100.000000
34, 17, 34, 100.000000
34, 18, 0, 0.459700
34, 18, 1, -0.111813
34, 18, 2, -0.481079
34, 18, 3, -0.387833
34, 18, 4, -0.446445
34, 18, 5, -0.465686
34, 18, 6, -0.474142
34, 18, 7, -0.478052
34, 18, 8, -0.429901
34, 18, 9, -0.357030
34, 18, 10, -0.198317
34, 18, 11, 0.121422
34, 18, 12, 0.601500
34, 18, 13, 1.180488
34, 18, 14, 1.965289
34, 18, 15, 100.000000
34, 18, 16, 100.000000
34, 18, 17, 100.000000
34, 18, 18, 100.000000
34, 18, 19, 100.000000
34, 18, 20, 100.000000
34, 18, 21, 100.000000
34, 18, 22, 100.000000
34, 18, 23, 100.000000
34, 18, 24, 100.000000
34, 18, 25, 100.000000
34, 18, 26, 100.000000
34, 18, 27, 100.000000
34, 18, 28, 100.000000
34, 18, 29, 100.000000
34, 18, 30, 100.000000
34, 18, 31, 100.000000
34, 18, 32, 100.000000
34, 18, 33, 100.000000
34, 18, 34, 100.000000
34, 19, 0, 0.452858
34, 19, 1, -0.123371
34, 19, 2, -0.482952
34, 19, 3, -0.376127
34, 19, 4, -0.445354
34, 19, 5, -0.466938
34, 19, 6, -0.449602
34, 19, 7, -0.443571
34, 19, 8, -0.418750
34, 19, 9, -0.357188
34, 19, 10, -0.198553
34, 19, 11, 0.135615
34, 19, 12, 0.601901
34, 19, 13, 1.136101
34, 19, 14, 1.838150
34, 19, 15, 100.000000
34, 19, 16, 100.000000
34, 19, 17, 100.000000
34, 19, 18, 100.000000
34, 19, 19, 100.000000
34, 19, 20, 100.000000
34, 19, 21, 100.000000
34, 19, 22, 100.000000
34, 19, 23, 100.000000
34, 19, 24, 100.000000
34, 19, 25, 100.000000
34, 19, 26, 100.000000
34, 19, 27, 100.000000
34, 19, 28, 100.000000
34, 19, 29, 100.000000
34, 19, 30, 100.000000
34, 19, 31, 100.000000
34, 19, 32, 100.000000
34, 19, 33, 100.000000
34, 19, 34, 100.000000
34, 20, 0, 0.447445
34, 20, 1, -0.138579
34, 20, 2, -0.473951
34, 20, 3, -0.378298
34, 20, 4, -0.445559
34, 20, 5, -0.464963
34, 20, 6, -0.451201
34, 20, 7, -0.442928
34, 20, 8, -0.422572
34, 20, 9, -0.360973
34, 20, 10, -0.174596
34, 20, 11, 0.169261
34, 20, 12, 0.663054
34, 20, 13, 1.201076
34, 20, 14, 1.928437
34, 20, 15, 100.000000
34, 20, 16, 100.000000
34, 20, 17, 100.000000
34, 20, 18, 100.000000
34, 20, 19, 100.000000
34, 20, 20, 100.000000
34, 20, 21, 100.000000
34, 20, 22, 100.000000
34, 20, 23, 100.000000
34, 20, 24, 100.000000
34, 20, 25, 100.000000
34, 20, 26, 100.000000
34, 20, 27, 100.000000
34, 20, 28, 100.000000
34, 20, 29, 100.000000
34, 20, 30, 100.000000
34, 20, 31, 100.000000
34, 20, 32, 100.000000
34, 20, 33, 100.000000
34, 20, 34, 100.000000
34, 21, 0, 0.408002
34, 21, 1, -0.149696
34, 21, 2, -0.483091
34, 21, 3, -0.390592
34, 21, 4, -0.423133
34, 21, 5, -0.469373
34, 21, 6, -0.478553
34, 21, 7, -0.471938
34, 21, 8, -0.428859
34, 21, 9, -0.341109
34, 21, 10, -0.160253
34, 21, 11, 0.160639
34, 21, 12, 0.658890
34, 21, 13, 1.233659
34, 21, 14, 1.976990
34, 21, 15, 100.000000
34, 21, 16, 100.000000
34, 21, 17, 100.000000
34, 21, 18, 100.000000
34, 21, 19, 100.000000
34, 21, 20, 100.000000
34, 21, 21, 100.000000
34, 21, 22, 100.000000
34, 21, 23, 100.000000
34, 21, 24, 100.000000
34, 21, 25, 100.000000
34, 21, 26, 100.000000
34, 21, 27, 100.000000
34, 21, 28, 100.000000
34, 21, 29, 100.000000
34, 21, 30, 100.000000
34, 21, 31, 100.000000
34, 21, 32, 100.000000
34, 21, 33, 100.000000
34, 21, 34, 100.000000
34, 22, 0, 0.374378
34, 22, 1, -0.149995
34, 22, 2, -0.452133
34, 22, 3, -0.384522
34, 22, 4, -0.400397
34, 22, 5, -0.474556
34, 22, 6, -0.475516
34, 22, 7, -0.465301
34, 22, 8, -0.444222
34, 22, 9, -0.334632
34, 22, 10, -0.142890
34, 22, 11, 0.141356
34, 22, 12, 0.593697
34, 22, 13, 1.173275
34, 22, 14, 1.860403
34, 22, 15, 100.000000
34, 22, 16, 100.000000
34, 22, 17, 100.000000
34, 22, 18, 100.000000
34, 22, 19, 100.000000
34, 22, 20, 100.000000
34, 22, 21, 100.000000
34, 22, 22, 100.000000
34, 22, 23, 100.000000
34, 22, 24, 100.000000
34, 22, 25, 100.000000
34, 22, 26, 100.000000
34, 22, 27, 100.000000
34, 22, 28, 100.000000
34, 22, 29, 100.000000
34, 22, 30, 100.000000
34, 22, 31, 100.000000
34, 22, 32, 100.000000
34, 22, 33, 100.000000
34, 22, 34, 100.000000
34, 23, 0, 0.385221
34, 23, 1, -0.158189
34, 23, 2, -0.454701
34, 23, 3, -0.374502
34, 23, 4, -0.405593
34, 23, 5, -0.480561
34, 23, 6, -0.469244
34, 23, 7, -0.450883
34, 23, 8, -0.471633
34, 23, 9, -0.318786
34, 23, 10, -0.113239
34, 23, 11, 0.152025
34, 23, 12, 0.597584
34, 23, 13, 1.182026
34, 23, 14, 1.868581
34, 23, 15, 100.000000
34, 23, 16, 100.000000
34, 23, 17, 100.000000
34, 23, 18, 100.000000
34, 23, 19, 100.000000
34, 23, 20, 100.000000
34, 23, 21, 100.000000
34, 23, 22, 100.000000
34, 23, 23, 100.000000
34, 23, 24, 100.000000
34, 23, 25, 100.000000
34, 23, 26, 100.000000
34, 23, 27, 100.000000
34, 23, 28, 100.000000
34, 23, 29, 100.000000
34, 23, 30, 100.000000
34, 23, 31, 100.000000
34, 23, 32, 100.000000
34, 23, 33, 100.000000
34, 23, 34, 100.000000
34, 24, 0, 0.396999
34, 24, 1, -0.160592
34, 24, 2, -0.452268
34, 24, 3, -0.397737
34, 24, 4, -0.431210
34, 24, 5, -0.459702
34, 24, 6, -0.470651
34, 24, 7, -0.455851
34, 24, 8, -0.489746
34, 24, 9, -0.318220
34, 24, 10, -0.082729
34, 24, 11, 0.201843
34, 24, 12, 0.637281
34, 24, 13, 1.229045
34, 24, 14, 1.898240
34, 24, 15, 100.000000
34, 24, 16, 100.000000
34, 24, 17, 100.000000
34, 24, 18, 100.000000
34, 24, 19, 100.000000
34, 24, 20, 100.000000
34, 24, 21, 100.000000
34, 24, 22, 100.000000
34, 24, 23, 100.000000
34, 24, 24, 100.000000
34, 24, 25, 100.000000
34, 24, 26, 100.000000
34, 24, 27, 100.000000
34, 24, 28, 100.000000
34, 24, 29, 100.000000
34, 24, 30, 100.000000
34, 24, 31, 100.000000
34, 24, 32, 100.000000
34, 24, 33, 100.000000
34, 24, 34, 100.000000
34, 25, 0, 0.398006
34, 25, 1, -0.173474
34, 25, 2, -0.474313
34, 25, 3, -0.446547
34, 25, 4, -0.453328
34, 25, 5, -0.463464
34, 25, 6, -0.478117
34, 25, 7, -0.480392
34, 25, 8, -0.471713
34, 25, 9, -0.327863
34, 25, 10, -0.096967
34, 25, 11, 0.207532
34, 25, 12, 0.680055
34, 25, 13, 1.259901
34, 25, 14, 1.839040
34, 25, 15, 100.000000
34, 25, 16, 100.000000
34, 25, 17, 100.000000
34, 25, 18, 100.000000
34, 25, 19, 100.000000
34, 25, 20, 100.000000
34, 25, 21, 100.000000
34, 25, 22, 100.000000
34, 25, 23, 100.000000
34, 25, 24, 100.000000
34, 25, 25, 100.000000
34, 25, 26, 100.000000
34, 25, 27, 100.000000
34, 25, 28, 100.000000
34, 25, 29, 100.000000
34, 25, 30, 100.000000
34, 25, 31, 100.000000
34, 25, 32, 100.000000
34, 25, 33, 100.000000
34, 25, 34, 100.000000
34, 26, 0, 0.384556
34, 26, 1, -0.175921
34, 26, 2, -0.481609
34, 26, 3, -0.451738
34, 26, 4, -0.442727
34, 26, 5, -0.466150
34, 26, 6, -0.480675
34, 26, 7, -0.487787
34, 26, 8, -0.455265
34, 26, 9, -0.329664
34, 26, 10, -0.127160
34, 26, 11, 0.181702
34, 26, 12, 0.670505
34, 26, 13, 1.306116
34, 26, 14, 1.954975
34, 26, 15, 100.000000
34, 26, 16, 100.000000
34, 26, 17, 100.000000
34, 26, 18, 100.000000
34, 26, 19, 100.000000
34, 26, 20, 100.000000
34, 26, 21, 100.000000
34, 26, 22, 100.000000
34, 26, 23, 100.000000
34, 26, 24, 100.000000
34, 26, 25, 100.000000
34, 26, 26, 100.000000
34, 26, 27, 100.000000
34, 26, 28, 100.000000
34, 26, 29, 100.000000
34, 26, 30, 100.000000
34, 26, 31, 100.000000
34, 26, 32, 100.000000
34, 26, 33, 100.000000
34, 26, 34, 100.000000
34, 27, 0, 0.381987
34, 27, 1, -0.141309
34, 27, 2, -0.438413
34, 27, 3, -0.449406
34, 27, 4, -0.461516
34, 27, 5, -0.463752
34, 27, 6, -0.435901
34, 27, 7, -0.424197
34, 27, 8, -0.410538
34, 27, 9, -0.306652
34, 27, 10, -0.111027
34, 27, 11, 0.179782
34, 27, 12, 0.687684
34, 27, 13, 1.343161
34, 27, 14, 2.177581
34, 27, 15, 100.000000
34, 27, 16, 100.000000
34, 27, 17, 100.000000
34, 27, 18, 100.000000
34, 27, 19, 100.000000
34, 27, 20, 100.000000
34, 27, 21, 100.000000
34, 27, 22, 100.000000
34, 27, 23, 100.000000
34, 27, 24, 100.000000
34, 27, 25, 100.000000
34, 27, 26, 100.000000
34, 27, 27, 100.000000
34, 27, 28, 100.000000
34, 27, 29, 100.000000
34, 27, 30, 100.000000
34, 27, 31, 100.000000
34, 27, 32, 100.000000
34, 27, 33, 100.000000
34, 27, 34, 100.000000
34, 28, 0, 0.383256
34, 28, 1, -0.078339
34, 28, 2, -0.316471
34, 28, 3, -0.398522
34, 28, 4, -0.452100
34, 28, 5, -0.442783
34, 28, 6, -0.431286
34, 28, 7, -0.458120
34, 28, 8, -0.404446
34, 28, 9, -0.266433
34, 28, 10, -0.067961
34, 28, 11, 0.234056
34, 28, 12, 0.724828
34, 28, 13, 1.362868
34, 28, 14, 2.141796
34, 28, 15, 100.000000
34, 28, 16, 100.000000
34, 28, 17, 100.000000
34, 28, 18, 100.000000
34, 28, 19, 100.000000
34, 28, 20, 100.000000
34, 28, 21, 100.000000
34, 28, 22, 100.000000
34, 28, 23, 100.000000
34, 28, 24, 100.000000
34, 28, 25, 100.000000
34, 28, 26, 100.000000
34, 28, 27, 100.000000
34, 28, 28, 100.000000
34, 28, 29, 100.000000
34, 28, 30, 100.000000
34, 28, 31, 100.000000
34, 28, 32, 100.000000
34, 28, 33, 100.000000
34, 28, 34, 100.000000
34, 29, 0, 0.404357
34, 29, 1, 0.062406
34, 29, 2, -0.048209
34, 29, 3, -0.095213
34, 29, 4, -0.131059
34, 29, 5, -0.148119
34, 29, 6, -0.162753
34, 29, 7, -0.142777
34, 29, 8, -0.089959
34, 29, 9, -0.020426
34, 29, 10, 0.075731
34, 29, 11, 0.313325
34, 29, 12, 0.763184
34, 29, 13, 1.360450
34, 29, 14, 2.139259
34, 29, 15, 100.000000
34, 29, 16, 100.000000
34, 29, 17, 100.000000
34, 29, 18, 100.000000
34, 29, 19, 100.000000
34, 29, 20, 100.000000
34, 29, 21, 100.000000
34, 29, 22, 100.000000
34, 29, 23, 100.000000
34, 29, 24, 100.000000
34, 29, 25, 100.000000
34, 29, 26, 100.000000
34, 29, 27, 100.000000
34, 29, 28, 100.000000
34, 29, 29, 100.000000
34, 29, 30, 100.000000
34, 29, 31, 100.000000
34, 29, 32, 100.000000
34, 29, 33, 100.000000
34, 29, 34, 100.000000
35, 0, 0, 0.786538
35, 0, 1, 0.525300
35, 0, 2, 0.479424
35, 0, 3, 0.445871
35, 0, 4, 0.408281
35, 0, 5, 0.422074
35, 0, 6, 0.452411
35, 0, 7, 0.451662
35, 0, 8, 0.421228
35, 0, 9, 0.420198
35, 0, 10, 0.493230
35, 0, 11, 0.707613
35, 0, 12, 1.003154
35, 0, 13, 1.572334
35, 0, 14, 2.485482
35, 0, 15, 100.000000
35, 0, 16, 100.000000
35, 0, 17, 100.000000
35, 0, 18, 100.000000
35, 0, 19, 100.000000
35, 0, 20, 100.000000
35, 0, 21, 100.000000
35, 0, 22, 100.000000
35, 0, 23, 100.000000
35, 0, 24, 100.000000
35, 0, 25, 100.000000
35, 0, 26, 100.000000
35, 0, 27, 100.000000
35, 0, 28, 100.000000
35, 0, 29, 100.000000
35, 0, 30, 100.000000
35, 0, 31, 100.000000
35, 0, 32, 100.000000
35, 0, 33, 100.000000
35, 0, 34, 100.000000
35, 1, 0, 0.526093
35, 1, 1, 0.101135
35, 1, 2, -0.023821
35, 1, 3, -0.031179
35, 1, 4, -0.056833
35, 1, 5, -0.044855
35, 1, 6, -0.021998
35, 1, 7, -0.028332
35, 1, 8, -0.045304
35, 1, 9, -0.013531
35, 1, 10, 0.158809
35, 1, 11, 0.507475
35, 1, 12, 0.929265
35, 1, 13, 1.544019
35, 1, 14, 100.000000
35, 1, 15, 100.000000
35, 1, 16, 100.000000
35, 1, 17, 100.000000
35, 1, 18, 100.000000
35, 1, 19, 100.000000
35, 1, 20, 100.000000
35, 1, 21, 100.000000
35, 1, 22, 100.000000
35, 1, 23, 100.000000
35, 1, 24, 100.000000
35, 1, 25, 100.000000
35, 1, 26, 100.000000
35, 1, 27, 100.000000
35, 1, 28, 100.000000
35, 1, 29, 100.000000
35, 1, 30, 100.000000
35, 1, 31, 100.000000
35, 1, 32, 100.000000
35, 1, 33, 100.000000
35, 1, 34, 100.000000
35, 2, 0, 0.459215
35, 2, 1, -0.081341
35, 2, 2, -0.349439
35, 2, 3, -0.336586
35, 2, 4, -0.352708
35, 2, 5, -0.326114
35, 2, 6, -0.303448
35, 2, 7, -0.288176
35, 2, 8, -0.273048
35, 2, 9, -0.212619
35, 2, 10, 0.045419
35, 2, 11, 0.485530
35, 2, 12, 0.964613
35, 2, 13, 1.640752
35, 2, 14, 100.000000
35, 2, 15, 100.000000
35, 2, 16, 100.000000
35, 2, 17, 100.000000
35, 2, 18, 100.000000
35, 2, 19, 100.000000
35, 2, 20, 100.000000
35, 2, 21, 100.000000
35, 2, 22, 100.000000
35, 2, 23, 100.000000
35, 2, 24, 100.000000
35, 2, 25, 100.000000
35, 2, 26, 100.000000
35, 2, 27, 100.000000
35, 2, 28, 100.000000
35, 2, 29, 100.000000
35, 2, 30, 100.000000
35, 2, 31, 100.000000
35, 2, 32, 100.000000
35, 2, 33, 100.000000
35, 2, 34, 100.000000
35, 3, 0, 0.438733
35, 3, 1, -0.127956
35, 3, 2, -0.483880
35, 3, 3, -0.414065
35, 3, 4, -0.476819
35, 3, 5, -0.464481
35, 3, 6, -0.449868
35, 3, 7, -0.395893
35, 3, 8, -0.353382
35, 3, 9, -0.269616
35, 3, 10, -0.009295
35, 3, 11, 0.431472
35, 3, 12, 0.946075
35, 3, 13, 1.625511
35, 3, 14, 100.000000
35, 3, 15, 100.000000
35, 3, 16, 100.000000
35, 3, 17, 100.000000
35, 3, 18, 100.000000
35, 3, 19, 100.000000
35, 3, 20, 100.000000
35, 3, 21, 100.000000
35, 3, 22, 100.000000
35, 3, 23, 100.000000
35, 3, 24, 100.000000
35, 3, 25, 100.000000
35, 3, 26, 100.000000
35, 3, 27, 100.000000
35, 3, 28, 100.000000
35, 3, 29, 100.000000
35, 3, 30, 100.000000
35, 3, 31, 100.000000
35, 3, 32, 100.000000
35, 3, 33, 100.000000
35, 3, 34, 100.000000
35, 4, 0, 0.419073
35, 4, 1, -0.159514
35, 4, 2, -0.458515
35, 4, 3, -0.399868
35, 4, 4, -0.455534
35, 4, 5, -0.458665
35, 4, 6, -0.459952
35, 4, 7, -0.423469
35, 4, 8, -0.349621
35, 4, 9, -0.271532
35, 4, 10, -0.031742
35, 4, 11, 0.393426
35, 4, 12, 0.949148
35, 4, 13, 1.614495
35, 4, 14, 2.391450
35, 4, 15, 100.000000
35, 4, 16, 100.000000
35, 4, 17, 100.000000
35, 4, 18, 100.000000
35, 4, 19, 100.000000
35, 4, 20, 100.000000
35, 4, 21, 100.000000
35, 4, 22, 100.000000
35, 4, 23, 100.000000
35, 4, 24, 100.000000
35, 4, 25, 100.000000
35, 4, 26, 100.000000
35, 4, 27, 100.000000
35, 4, 28, 100.000000
35, 4, 29, 100.000000
35, 4, 30, 100.000000
35, 4, 31, 100.000000
35, 4, 32, 100.000000
35, 4, 33, 100.000000
35, 4, 34, 100.000000
35, 5, 0, 0.398891
35, 5, 1, -0.172984
35, 5, 2, -0.443537
35, 5, 3, -0.394289
35, 5, 4, -0.462579
35, 5, 5, -0.483966
35, 5, 6, -0.487220
35, 5, 7, -0.441109
35, 5, 8, -0.331000
35, 5, 9, -0.244678
35, 5, 10, 0.007681
35, 5, 11, 0.447034
35, 5, 12, 1.029345
35, 5, 13, 1.693934
35, 5, 14, 100.000000
35, 5, 15, 100.000000
35, 5, 16, 100.000000
35, 5, 17, 100.000000
35, 5, 18, 100.000000
35, 5, 19, 100.000000
35, 5, 20, 100.000000
35, 5, 21, 100.000000
35, 5, 22, 100.000000
35, 5, 23, 100.000000
35, 5, 24, 100.000000
35, 5, 25, 100.000000
35, 5, 26, 100.000000
35, 5, 27, 100.000000
35, 5, 28, 100.000000
35, 5, 29, 100.000000
35, 5, 30, 100.000000
35, 5, 31, 100.000000
35, 5, 32, 100.000000
35, 5, 33, 100.000000
35, 5, 34, 100.000000
35, 6, 0, 0.394870
35, 6, 1, -0.171179
35, 6, 2, -0.460576
35, 6, 3, -0.404787
35, 6, 4, -0.472669
35, 6, 5, -0.465480
35, 6, 6, -0.455826
35, 6, 7, -0.422838
35, 6, 8, -0.318169
35, 6, 9, -0.223659
35, 6, 10, 0.026536
35, 6, 11, 0.457629
35, 6, 12, 1.016536
35, 6, 13, 1.641777
35, 6, 14, 100.000000
35, 6, 15, 100.000000
35, 6, 16, 100.000000
35, 6, 17, 100.000000
35, 6, 18, 100.000000
35, 6, 19, 100.000000
35, 6, 20, 100.000000
35, 6, 21, 100.000000
35, 6, 22, 100.000000
35, 6, 23, 100.000000
35, 6, 24, 100.000000
35, 6, 25, 100.000000
35, 6, 26, 100.000000
35, 6, 27, 100.000000
35, 6, 28, 100.000000
35, 6, 29, 100.000000
35, 6, 30, 100.000000
35, 6, 31, 100.000000
35, 6, 32, 100.000000
35, 6, 33, 100.000000
35, 6, 34, 100.000000
35, 7, 0, 0.405330
35, 7, 1, -0.162122
35, 7, 2, -0.474363
35, 7, 3, -0.415584
35, 7, 4, -0.488698
35, 7, 5, -0.472964
35, 7, 6, -0.493295
35, 7, 7, -0.422777
35, 7, 8, -0.323468
35, 7, 9, -0.245249
35, 7, 10, -0.019386
35, 7, 11, 0.412814
35, 7, 12, 0.939701
35, 7, 13, 1.545078
35, 7, 14, 2.419139
35, 7, 15, 100.000000
35, 7, 16, 100.000000
35, 7, 17, 100.000000
35, 7, 18, 100.000000
35, 7, 19, 100.000000
35, 7, 20, 100.000000
35, 7, 21, 100.000000
35, 7, 22, 100.000000
35, 7, 23, 100.000000
35, 7, 24, 100.000000
35, 7, 25, 100.000000
35, 7, 26, 100.000000
35, 7, 27, 100.000000
35, 7, 28, 100.000000
35, 7, 29, 100.000000
35, 7, 30, 100.000000
35, 7, 31, 100.000000
35, 7, 32, 100.000000
35, 7, 33, 100.000000
35, 7, 34, 100.000000
35, 8, 0, 0.409408
35, 8, 1, -0.164508
35, 8, 2, -0.475997
35, 8, 3, -0.407380
35, 8, 4, -0.469303
35, 8, 5, -0.448749
35, 8, 6, -0.444251
35, 8, 7, -0.377304
35, 8, 8, -0.338612
35, 8, 9, -0.309309
35, 8, 10, -0.092320
35, 8, 11, 0.369681
35, 8, 12, 0.911813
35, 8, 13, 1.502746
35, 8, 14, 2.284482
35, 8, 15, 100.000000
35, 8, 16, 100.000000
35, 8, 17, 100.000000
35, 8, 18, 100.000000
35, 8, 19, 100.000000
35, 8, 20, 100.000000
35, 8, 21, 100.000000
35, 8, 22, 100.000000
35, 8, 23, 100.000000
35, 8, 24, 100.000000
35, 8, 25, 100.000000
35, 8, 26, 100.000000
35, 8, 27, 100.000000
35, 8, 28, 100.000000
35, 8, 29, 100.000000
35, 8, 30, 100.000000
35, 8, 31, 100.000000
35, 8, 32, 100.000000
35, 8, 33, 100.000000
35, 8, 34, 100.000000
35, 9, 0, 0.411786
35, 9, 1, -0.160557
35, 9, 2, -0.493679
35, 9, 3, -0.409203
35, 9, 4, -0.446342
35, 9, 5, -0.462202
35, 9, 6, -0.444657
35, 9, 7, -0.392830
35, 9, 8, -0.384456
35, 9, 9, -0.345364
35, 9, 10, -0.118271
35, 9, 11, 0.385149
35, 9, 12, 0.922829
35, 9, 13, 1.424945
35, 9, 14, 2.354825
35, 9, 15, 100.000000
35, 9, 16, 100.000000
35, 9, 17, 100.000000
35, 9, 18, 100.000000
35, 9, 19, 100.000000
35, 9, 20, 100.000000
35, 9, 21, 100.000000
35, 9, 22, 100.000000
35, 9, 23, 100.000000
35, 9, 24, 100.000000
35, 9, 25, 100.000000
35, 9, 26, 100.000000
35, 9, 27, 100.000000
35, 9, 28, 100.000000
35, 9, 29, 100.000000
35, 9, 30, 100.000000
35, 9, 31, 100.000000
35, 9, 32, 100.000000
35, 9, 33, 100.000000
35, 9, 34, 100.000000
35, 10, 0, 0.429538
35, 10, 1, -0.118377
35, 10, 2, -0.451277
35, 10, 3, -0.421329
35, 10, 4, -0.419932
35, 10, 5, -0.476228
35, 10, 6, -0.452699
35, 10, 7, -0.420616
35, 10, 8, -0.384276
35, 10, 9, -0.298924
35, 10, 10, -0.078247
35, 10, 11, 0.353968
35, 10, 12, 0.842599
35, 10, 13, 1.281359
35, 10, 14, 2.035956
35, 10, 15, 100.000000
35, 10, 16, 100.000000
35, 10, 17, 100.000000
35, 10, 18, 100.000000
35, 10, 19, 100.000000
35, 10, 20, 100.000000
35, 10, 21, 100.000000
35, 10, 22, 100.000000
35, 10, 23, 100.000000
35, 10, 24, 100.000000
35, 10, 25, 100.000000
35, 10, 26, 100.000000
35, 10, 27, 100.000000
35, 10, 28, 100.000000
35, 10, 29, 100.000000
35, 10, 30, 100.000000
35, 10, 31, 100.000000
35, 10, 32, 100.000000
35, 10, 33, 100.000000
35, 10, 34, 100.000000
35, 11, 0, 0.442249
35, 11, 1, -0.095447
35, 11, 2, -0.423650
35, 11, 3, -0.445662
35, 11, 4, -0.426858
35, 11, 5, -0.456459
35, 11, 6, -0.449280
35, 11, 7, -0.435089
35, 11, 8, -0.369367
35, 11, 9, -0.259275
35, 11, 10, -0.104533
35, 11, 11, 0.230950
35, 11, 12, 0.715299
35, 11, 13, 1.256578
35, 11, 14, 1.777211
35, 11, 15, 100.000000
35, 11, 16, 100.000000
35, 11, 17, 100.000000
35, 11, 18, 100.000000
35, 11, 19, 100.000000
35, 11, 20, 100.000000
35, 11, 21, 100.000000
35, 11, 22, 100.000000
35, 11, 23, 100.000000
35, 11, 24, 100.000000
35, 11, 25, 100.000000
35, 11, 26, 100.000000
35, 11, 27, 100.000000
35, 11, 28, 100.000000
35, 11, 29, 100.000000
35, 11, 30, 100.000000
35, 11, 31, 100.000000
35, 11, 32, 100.000000
35, 11, 33, 100.000000
35, 11, 34, 100.000000
35, 12, 0, 0.451814
35, 12, 1, -0.090735
35, 12, 2, -0.432502
35, 12, 3, -0.442954
35, 12, 4, -0.428885
35, 12, 5, -0.434223
35, 12, 6, -0.444969
35, 12, 7, -0.441157
35, 12, 8, -0.383552
35, 12, 9, -0.285351
35, 12, 10, -0.158074
35, 12, 11, 0.160252
35, 12, 12, 0.648736
35, 12, 13, 1.149531
35, 12, 14, 1.637762
35, 12, 15, 100.000000
35, 12, 16, 100.000000
35, 12, 17, 100.000000
35, 12, 18, 100.000000
35, 12, 19, 100.000000
35, 12, 20, 100.000000
35, 12, 21, 100.000000
35, 12, 22, 100.000000
35, 12, 23, 100.000000
35, 12, 24, 100.000000
35, 12, 25, 100.000000
35, 12, 26, 100.000000
35, 12, 27, 100.000000
35, 12, 28, 100.000000
35, 12, 29, 100.000000
35, 12, 30, 100.000000
35, 12, 31, 100.000000
35, 12, 32, 100.000000
35, 12, 33, 100.000000
35, 12, 34, 100.000000
35, 13, 0, 0.443417
35, 13, 1, -0.097791
35, 13, 2, -0.439966
35, 13, 3, -0.426701
35, 13, 4, -0.409407
35, 13, 5, -0.431612
35, 13, 6, -0.465675
35, 13, 7, -0.471878
35, 13, 8, -0.400267
35, 13, 9, -0.315412
35, 13, 10, -0.216298
35, 13, 11, 0.107566
35, 13, 12, 0.649789
35, 13, 13, 1.192325
35, 13, 14, 1.827380
35, 13, 15, 100.000000
35, 13, 16, 100.000000
35, 13, 17, 100.000000
35, 13, 18, 100.000000
35, 13, 19, 100.000000
35, 13, 20, 100.000000
35, 13, 21, 100.000000
35, 13, 22, 100.000000
35, 13, 23, 100.000000
35, 13, 24, 100.000000
35, 13, 25, 100.000000
35, 13, 26, 100.000000
35, 13, 27, 100.000000
35, 13, 28, 100.000000
35, 13, 29, 100.000000
35, 13, 30, 100.000000
35, 13, 31, 100.000000
35, 13, 32, 100.000000
35, 13, 33, 100.000000
35, 13, 34, 100.000000
35, 14, 0, 0.427428
35, 14, 1, -0.106795
35, 14, 2, -0.435687
35, 14, 3, -0.409892
35, 14, 4, -0.401041
35, 14, 5, -0.450256
35, 14, 6, -0.478544
35, 14, 7, -0.492454
35, 14, 8, -0.425587
35, 14, 9, -0.349752
35, 14, 10, -0.209067
35, 14, 11, 0.138034
35, 14, 12, 0.665602
35, 14, 13, 1.210659
35, 14, 14, 1.837243
35, 14, 15, 100.000000
35, 14, 16, 100.000000
35, 14, 17, 100.000000
35, 14, 18, 100.000000
35, 14, 19, 100.000000
35, 14, 20, 100.000000
35, 14, 21, 100.000000
35, 14, 22, 100.000000
35, 14, 23, 100.000000
35, 14, 24, 100.000000
35, 14, 25, 100.000000
35, 14, 26, 100.000000
35, 14, 27, 100.000000
35, 14, 28, 100.000000
35, 14, 29, 100.000000
35, 14, 30, 100.000000
35, 14, 31, 100.000000
35, 14, 32, 100.000000
35, 14, 33, 100.000000
35, 14, 34, 100.000000
35, 15, 0, 0.413633
35, 15, 1, -0.119131
35, 15, 2, -0.450659
35, 15, 3, -0.415536
35, 15, 4, -0.414736
35, 15, 5, -0.464972
35, 15, 6, -0.469835
35, 15, 7, -0.453475
35, 15, 8, -0.436224
35, 15, 9, -0.388925
35, 15, 10, -0.194526
35, 15, 11, 0.199986
35, 15, 12, 0.700625
35, 15, 13, 1.204158
35, 15, 14, 1.874765
35, 15, 15, 100.000000
35, 15, 16, 100.000000
35, 15, 17, 100.000000
35, 15, 18, 100.000000
35, 15, 19, 100.000000
35, 15, 20, 100.000000
35, 15, 21, 100.000000
35, 15, 22, 100.000000
35, 15, 23, 100.000000
35, 15, 24, 100.000000
35, 15, 25, 100.000000
35, 15, 26, 100.000000
35, 15, 27, 100.000000
35, 15, 28, 100.000000
35, 15, 29, 100.000000
35, 15, 30, 100.000000
35, 15, 31, 100.000000
35, 15, 32, 100.000000
35, 15, 33, 100.000000
35, 15, 34, 100.000000
35, 16, 0, 0.425371
35, 16, 1, -0.109129
35, 16, 2, -0.455662
35, 16, 3, -0.422513
35, 16, 4, -0.431301
35, 16, 5, -0.432172
35, 16, 6, -0.452719
35, 16, 7, -0.488231
35, 16, 8, -0.466467
35, 16, 9, -0.416285
35, 16, 10, -0.192677
35, 16, 11, 0.225384
35, 16, 12, 0.738353
35, 16, 13, 1.259347
35, 16, 14, 1.996804
35, 16, 15, 100.000000
35, 16, 16, 100.000000
35, 16, 17, 100.000000
35, 16, 18, 100.000000
35, 16, 19, 100.000000
35, 16, 20, 100.000000
35, 16, 21, 100.000000
35, 16, 22, 100.000000
35, 16, 23, 100.000000
35, 16, 24, 100.000000
35, 16, 25, 100.000000
35, 16, 26, 100.000000
35, 16, 27, 100.000000
35, 16, 28, 100.000000
35, 16, 29, 100.000000
35, 16, 30, 100.000000
35, 16, 31, 100.000000
35, 16, 32, 100.000000
35, 16, 33, 100.000000
35, 16, 34, 100.000000
35, 17, 0, 0.462955
35, 17, 1, -0.100816
35, 17, 2, -0.466644
35, 17, 3, -0.413666
35, 17, 4, -0.454374
35, 17, 5, -0.450594
35, 17, 6, -0.441959
35, 17, 7, -0.461972
35, 17, 8, -0.453453
35, 17, 9, -0.391679
35, 17, 10, -0.192018
35, 17, 11, 0.180761
35, 17, 12, 0.673309
35, 17, 13, 1.304648
35, 17, 14, 2.013678
35, 17, 15, 100.000000
35, 17, 16, 100.000000
35, 17, 17, 100.000000
35, 17, 18, 100.000000
35, 17, 19, 100.000000
35, 17, 20, 100.000000
35, 17, 21, 100.000000
35, 17, 22, 100.000000
35, 17, 23, 100.000000
35, 17, 24, 100.000000
35, 17, 25, 100.000000
35, 17, 26, 100.000000
35, 17, 27, 100.000000
35, 17, 28, 100.000000
35, 17, 29, 100.000000
35, 17, 30, 100.000000
35, 17, 31, 100.000000
35, 17, 32, 100.000000
35, 17, 33, 100.000000
35, 17, 34, 100.000000
35, 18, 0, 0.463308
35, 18, 1, -0.126398
35, 18, 2, -0.480437
35, 18, 3, -0.385347
35, 18, 4, -0.436787
35, 18, 5, -0.435794
35, 18, 6, -0.431781
35, 18, 7, -0.445963
35, 18, 8, -0.452340
35, 18, 9, -0.367827
35, 18, 10, -0.186556
35, 18, 11, 0.124554
35, 18, 12, 0.575837
35, 18, 13, 1.204934
35, 18, 14, 1.910100
35, 18, 15, 100.000000
35, 18, 16, 100.000000
35, 18, 17, 100.000000
35, 18, 18, 100.000000
35, 18, 19, 100.000000
35, 18, 20, 100.000000
35, 18, 21, 100.000000
35, 18, 22, 100.000000
35, 18, 23, 100.000000
35, 18, 24, 100.000000
35, 18, 25, 100.000000
35, 18, 26, 100.000000
35, 18, 27, 100.000000
35, 18, 28, 100.000000
35, 18, 29, 100.000000
35, 18, 30, 100.000000
35, 18, 31, 100.000000
35, 18, 32, 100.000000
35, 18, 33, 100.000000
35, 18, 34, 100.000000
35, 19, 0, 0.443517
35, 19, 1, -0.149513
35, 19, 2, -0.456973
35, 19, 3, -0.375015
35, 19, 4, -0.446913
35, 19, 5, -0.459482
35, 19, 6, -0.450898
35, 19, 7, -0.441778
35, 19, 8, -0.427054
35, 19, 9, -0.362107
35, 19, 10, -0.176617
35, 19, 11, 0.125286
35, 19, 12, 0.577849
35, 19, 13, 1.165321
35, 19, 14, 1.852574
35, 19, 15, 100.000000
35, 19, 16, 100.000000
35, 19, 17, 100.000000
35, 19, 18, 100.000000
35, 19, 19, 100.000000
35, 19, 20, 100.000000
35, 19, 21, 100.000000
35, 19, 22, 100.000000
35, 19, 23, 100.000000
35, 19, 24, 100.000000
35, 19, 25, 100.000000
35, 19, 26, 100.000000
35, 19, 27, 100.000000
35, 19, 28, 100.000000
35, 19, 29, 100.000000
35, 19, 30, 100.000000
35, 19, 31, 100.000000
35, 19, 32, 100.000000
35, 19, 33, 100.000000
35, 19, 34, 100.000000
35, 20, 0, 0.441011
35, 20, 1, -0.158917
35, 20, 2, -0.455714
35, 20, 3, -0.388679
35, 20, 4, -0.432123
35, 20, 5, -0.462608
35, 20, 6, -0.470662
35, 20, 7, -0.461363
35, 20, 8, -0.453231
35, 20, 9, -0.372942
35, 20, 10, -0.167778
35, 20, 11, 0.158776
35, 20, 12, 0.634546
35, 20, 13, 1.211173
35, 20, 14, 1.925758
35, 20, 15, 100.000000
35, 20, 16, 100.000000
35, 20, 17, 100.000000
35, 20, 18, 100.000000
35, 20, 19, 100.000000
35, 20, 20, 100.000000
35, 20, 21, 100.000000
35, 20, 22, 100.000000
35, 20, 23, 100.000000
35, 20, 24, 100.000000
35, 20, 25, 100.000000
35, 20, 26, 100.000000
35, 20, 27, 100.000000
35, 20, 28, 100.000000
35, 20, 29, 100.000000
35, 20, 30, 100.000000
35, 20, 31, 100.000000
35, 20, 32, 100.000000
35, 20, 33, 100.000000
35, 20, 34, 100.000000
35, 21, 0, 0.407222
35, 21, 1, -0.167226
35, 21, 2, -0.475033
35, 21, 3, -0.397323
35, 21, 4, -0.423242
35, 21, 5, -0.484282
35, 21, 6, -0.478184
35, 21, 7, -0.447940
35, 21, 8, -0.408364
35, 21, 9, -0.333699
35, 21, 10, -0.155337
35, 21, 11, 0.156702
35, 21, 12, 0.643168
35, 21, 13, 1.243402
35, 21, 14, 2.000725
35, 21, 15, 100.000000
35, 21, 16, 100.000000
35, 21, 17, 100.000000
35, 21, 18, 100.000000
35, 21, 19, 100.000000
35, 21, 20, 100.000000
35, 21, 21, 100.000000
35, 21, 22, 100.000000
35, 21, 23, 100.000000
35, 21, 24, 100.000000
35, 21, 25, 100.000000
35, 21, 26, 100.000000
35, 21, 27, 100.000000
35, 21, 28, 100.000000
35, 21, 29, 100.000000
35, 21, 30, 100.000000
35, 21, 31, 100.000000
35, 21, 32, 100.000000
35, 21, 33, 100.000000
35, 21, 34, 100.000000
35, 22, 0, 0.370967
35, 22, 1, -0.178877
35, 22, 2, -0.470407
35, 22, 3, -0.402305
35, 22, 4, -0.426709
35, 22, 5, -0.473266
35, 22, 6, -0.479174
35, 22, 7, -0.452930
35, 22, 8, -0.424996
35, 22, 9, -0.330264
35, 22, 10, -0.149566
35, 22, 11, 0.126532
35, 22, 12, 0.546931
35, 22, 13, 1.136201
35, 22, 14, 1.847599
35, 22, 15, 100.000000
35, 22, 16, 100.000000
35, 22, 17, 100.000000
35, 22, 18, 100.000000
35, 22, 19, 100.000000
35, 22, 20, 100.000000
35, 22, 21, 100.000000
35, 22, 22, 100.000000
35, 22, 23, 100.000000
35, 22, 24, 100.000000
35, 22, 25, 100.000000
35, 22, 26, 100.000000
35, 22, 27, 100.000000
35, 22, 28, 100.000000
35, 22, 29, 100.000000
35, 22, 30, 100.000000
35, 22, 31, 100.000000
35, 22, 32, 100.000000
35, 22, 33, 100.000000
35, 22, 34, 100.000000
35, 23, 0, 0.374701
35, 23, 1, -0.179765
35, 23, 2, -0.468921
35, 23, 3, -0.391302
35, 23, 4, -0.443746
35, 23, 5, -0.481011
35, 23, 6, -0.478501
35, 23, 7, -0.445618
35, 23, 8, -0.460574
35, 23, 9, -0.345111
35, 23, 10, -0.137096
35, 23, 11, 0.124313
35, 23, 12, 0.520559
35, 23, 13, 1.081022
35, 23, 14, 1.797139
35, 23, 15, 100.000000
35, 23, 16, 100.000000
35, 23, 17, 100.000000
35, 23, 18, 100.000000
35, 23, 19, 100.000000
35, 23, 20, 100.000000
35, 23, 21, 100.000000
35, 23, 22, 100.000000
35, 23, 23, 100.000000
35, 23, 24, 100.000000
35, 23, 25, 100.000000
35, 23, 26, 100.000000
35, 23, 27, 100.000000
35, 23, 28, 100.000000
35, 23, 29, 100.000000
35, 23, 30, 100.000000
35, 23, 31, 100.000000
35, 23, 32, 100.000000
35, 23, 33, 100.000000
35, 23, 34, 100.000000
35, 24, 0, 0.392299
35, 24, 1, -0.164708
35, 24, 2, -0.463862
35, 24, 3, -0.396696
35, 24, 4, -0.458281
35, 24, 5, -0.477738
35, 24, 6, -0.465860
35, 24, 7, -0.440923
35, 24, 8, -0.488230
35, 24, 9, -0.337306
35, 24, 10, -0.099617
35, 24, 11, 0.188586
35, 24, 12, 0.599194
35, 24, 13, 1.145416
35, 24, 14, 1.880432
35, 24, 15, 100.000000
35, 24, 16, 100.000000
35, 24, 17, 100.000000
35, 24, 18, 100.000000
35, 24, 19, 100.000000
35, 24, 20, 100.000000
35, 24, 21, 100.000000
35, 24, 22, 100.000000
35, 24, 23, 100.000000
35, 24, 24, 100.000000
35, 24, 25, 100.000000
35, 24, 26, 100.000000
35, 24, 27, 100.000000
35, 24, 28, 100.000000
35, 24, 29, 100.000000
35, 24, 30, 100.000000
35, 24, 31, 100.000000
35, 24, 32, 100.000000
35, 24, 33, 100.000000
35, 24, 34, 100.000000
35, 25, 0, 0.412675
35, 25, 1, -0.147124
35, 25, 2, -0.468495
35, 25, 3, -0.418840
35, 25, 4, -0.453131
35, 25, 5, -0.477327
35, 25, 6, -0.468810
35, 25, 7, -0.471095
35, 25, 8, -0.462238
35, 25, 9, -0.331531
35, 25, 10, -0.100163
35, 25, 11, 0.216609
35, 25, 12, 0.681201
35, 25, 13, 1.246296
35, 25, 14, 1.921795
35, 25, 15, 100.000000
35, 25, 16, 100.000000
35, 25, 17, 100.000000
35, 25, 18, 100.000000
35, 25, 19, 100.000000
35, 25, 20, 100.000000
35, 25, 21, 100.000000
35, 25, 22, 100.000000
35, 25, 23, 100.000000
35, 25, 24, 100.000000
35, 25, 25, 100.000000
35, 25, 26, 100.000000
35, 25, 27, 100.000000
35, 25, 28, 100.000000
35, 25, 29, 100.000000
35, 25, 30, 100.000000
35, 25, 31, 100.000000
35, 25, 32, 100.000000
35, 25, 33, 100.000000
35, 25, 34, 100.000000
35, 26, 0, 0.408931
35, 26, 1, -0.140328
35, 26, 2, -0.451640
35, 26, 3, -0.431192
35, 26, 4, -0.444490
35, 26, 5, -0.490190
35, 26, 6, -0.472194
35, 26, 7, -0.481456
35, 26, 8, -0.448310
35, 26, 9, -0.340469
35, 26, 10, -0.122779
35, 26, 11, 0.209981
35, 26, 12, 0.685638
35, 26, 13, 1.365555
35, 26, 14, 2.116797
35, 26, 15, 100.000000
35, 26, 16, 100.000000
35, 26, 17, 100.000000
35, 26, 18, 100.000000
35, 26, 19, 100.000000
35, 26, 20, 100.000000
35, 26, 21, 100.000000
35, 26, 22, 100.000000
35, 26, 23, 100.000000
35, 26, 24, 100.000000
35, 26, 25, 100.000000
35, 26, 26, 100.000000
35, 26, 27, 100.000000
35, 26, 28, 100.000000
35, 26, 29, 100.000000
35, 26, 30, 100.000000
35, 26, 31, 100.000000
35, 26, 32, 100.000000
35, 26, 33, 100.000000
35, 26, 34, 100.000000
35, 27, 0, 0.398010
35, 27, 1, -0.117219
35, 27, 2, -0.418949
35, 27, 3, -0.448446
35, 27, 4, -0.466860
35, 27, 5, -0.443971
35, 27, 6, -0.422672
35, 27, 7, -0.422977
35, 27, 8, -0.408864
35, 27, 9, -0.314715
35, 27, 10, -0.119367
35, 27, 11, 0.177722
35, 27, 12, 0.659464
35, 27, 13, 1.240057
35, 27, 14, 2.046810
35, 27, 15, 100.000000
35, 27, 16, 100.000000
35, 27, 17, 100.000000
35, 27, 18, 100.000000
35, 27, 19, 100.000000
35, 27, 20, 100.000000
35, 27, 21, 100.000000
35, 27, 22, 100.000000
35, 27, 23, 100.000000
35, 27, 24, 100.000000
35, 27, 25, 100.000000
35, 27, 26, 100.000000
35, 27, 27, 100.000000
35, 27, 28, 100.000000
35, 27, 29, 100.000000
35, 27, 30, 100.000000
35, 27, 31, 100.000000
35, 27, 32, 100.000000
35, 27, 33, 100.000000
35, 27, 34, 100.000000
35, 28, 0, 0.393726
35, 28, 1, -0.070171
35, 28, 2, -0.309351
35, 28, 3, -0.385465
35, 28, 4, -0.434092
35, 28, 5, -0.442036
35, 28, 6, -0.450035
35, 28, 7, -0.476448
35, 28, 8, -0.421514
35, 28, 9, -0.287608
35, 28, 10, -0.095893
35, 28, 11, 0.185873
35, 28, 12, 0.663396
35, 28, 13, 1.168634
35, 28, 14, 1.796841
35, 28, 15, 100.000000
35, 28, 16, 100.000000
35, 28, 17, 100.000000
35, 28, 18, 100.000000
35, 28, 19, 100.000000
35, 28, 20, 100.000000
35, 28, 21, 100.000000
35, 28, 22, 100.000000
35, 28, 23, 100.000000
35, 28, 24, 100.000000
35, 28, 25, 100.000000
35, 28, 26, 100.000000
35, 28, 27, 100.000000
35, 28, 28, 100.000000
35, 28, 29, 100.000000
35, 28, 30, 100.000000
35, 28, 31, 100.000000
35, 28, 32, 100.000000
35, 28, 33, 100.000000
35, 28, 34, 100.000000
35, 29, 0, 0.411781
35, 29, 1, 0.068138
35, 29, 2, -0.025032
35, 29, 3, -0.067749
35, 29, 4, -0.106378
35, 29, 5, -0.128404
35, 29, 6, -0.137494
35, 29, 7, -0.121983
35, 29, 8, -0.078741
35, 29, 9, -0.002655
35, 29, 10, 0.102389
35, 29, 11, 0.315632
35, 29, 12, 0.711872
35, 29, 13, 1.221913
35, 29, 14, 1.830205
35, 29, 15, 100.000000
35, 29, 16, 100.000000
35, 29, 17, 100.000000
35, 29, 18, 100.000000
35, 29, 19, 100.000000
35, 29, 20, 100.000000
35, 29, 21, 100.000000
35, 29, 22, 100.000000
35, 29, 23, 100.000000
35, 29, 24, 100.000000
35, 29, 25, 100.000000
35, 29, 26, 100.000000
35, 29, 27, 100.000000
35, 29, 28, 100.000000
35, 29, 29, 100.000000
35, 29, 30, 100.000000
35, 29, 31, 100.000000
35, 29, 32, 100.000000
35, 29, 33, 100.000000
35, 29, 34, 100.000000
36, 0, 0, 0.784661
36, 0, 1, 0.539099
36, 0, 2, 0.499028
36, 0, 3, 0.474751
36, 0, 4, 0.443362
36, 0, 5, 0.449083
36, 0, 6, 0.475637
36, 0, 7, 0.486292
36, 0, 8, 0.465507
36, 0, 9, 0.456149
36, 0, 10, 0.496253
36, 0, 11, 0.671237
36, 0, 12, 1.079580
36, 0, 13, 1.771198
36, 0, 14, 100.000000
36, 0, 15, 100.000000
36, 0, 16, 100.000000
36, 0, 17, 100.000000
36, 0, 18, 100.000000
36, 0, 19, 100.000000
36, 0, 20, 100.000000
36, 0, 21, 100.000000
36, 0, 22, 100.000000
36, 0, 23, 100.000000
36, 0, 24, 100.000000
36, 0, 25, 100.000000
36, 0, 26, 100.000000
36, 0, 27, 100.000000
36, 0, 28, 100.000000
36, 0, 29, 100.000000
36, 0, 30, 100.000000
36, 0, 31, 100.000000
36, 0, 32, 100.000000
36, 0, 33, 100.000000
36, 0, 34, 100.000000
36, 1, 0, 0.530084
36, 1, 1, 0.109158
36, 1, 2, -0.018414
36, 1, 3, -0.019706
36, 1, 4, -0.039133
36, 1, 5, -0.033477
36, 1, 6, -0.025646
36, 1, 7, -0.012100
36, 1, 8, -0.001641
36, 1, 9, 0.014120
36, 1, 10, 0.107753
36, 1, 11, 0.404233
36, 1, 12, 0.871909
36, 1, 13, 1.570383
36, 1, 14, 100.000000
36, 1, 15, 100.000000
36, 1, 16, 100.000000
36, 1, 17, 100.000000
36, 1, 18, 100.000000
36, 1, 19, 100.000000
36, 1, 20, 100.000000
36, 1, 21, 100.000000
36, 1, 22, 100.000000
36, 1, 23, 100.000000
36, 1, 24, 100.000000
36, 1, 25, 100.000000
36, 1, 26, 100.000000
36, 1, 27, 100.000000
36, 1, 28, 100.000000
36, 1, 29, 100.000000
36, 1, 30, 100.000000
36, 1, 31, 100.000000
36, 1, 32, 100.000000
36, 1, 33, 100.000000
36, 1, 34, 100.000000
36, 2, 0, 0.461723
36, 2, 1, -0.073993
36, 2, 2, -0.365011
36, 2, 3, -0.345709
36, 2, 4, -0.348618
36, 2, 5, -0.332787
36, 2, 6, -0.330463
36, 2, 7, -0.288752
36, 2, 8, -0.246342
36, 2, 9, -0.200082
36, 2, 10, -0.042004
36, 2, 11, 0.350973
36, 2, 12, 0.866150
36, 2, 13, 1.524916
36, 2, 14, 2.430857
36, 2, 15, 100.000000
36, 2, 16, 100.000000
36, 2, 17, 100.000000
36, 2, 18, 100.000000
36, 2, 19, 100.000000
36, 2, 20, 100.000000
36, 2, 21, 100.000000
36, 2, 22, 100.000000
36, 2, 23, 100.000000
36, 2, 24, 100.000000
36, 2, 25, 100.000000
36, 2, 26, 100.000000
36, 2, 27, 100.000000
36, 2, 28, 100.000000
36, 2, 29, 100.000000
36, 2, 30, 100.000000
36, 2, 31, 100.000000
36, 2, 32, 100.000000
36, 2, 33, 100.000000
36, 2, 34, 100.000000
36, 3, 0, 0.442862
36, 3, 1, -0.126741
36, 3, 2, -0.471744
36, 3, 3, -0.407003
36, 3, 4, -0.459140
36, 3, 5, -0.465229
36, 3, 6, -0.450405
36, 3, 7, -0.394946
36, 3, 8, -0.345296
36, 3, 9, -0.284494
36, 3, 10, -0.087637
36, 3, 11, 0.319672
36, 3, 12, 0.868229
36, 3, 13, 1.518126
36, 3, 14, 2.400931
36, 3, 15, 100.000000
36, 3, 16, 100.000000
36, 3, 17, 100.000000
36, 3, 18, 100.000000
36, 3, 19, 100.000000
36, 3, 20, 100.000000
36, 3, 21, 100.000000
36, 3, 22, 100.000000
36, 3, 23, 100.000000
36, 3, 24, 100.000000
36, 3, 25, 100.000000
36, 3, 26, 100.000000
36, 3, 27, 100.000000
36, 3, 28, 100.000000
36, 3, 29, 100.000000
36, 3, 30, 100.000000
36, 3, 31, 100.000000
36, 3, 32, 100.000000
36, 3, 33, 100.000000
36, 3, 34, 100.000000
36, 4, 0, 0.425513
36, 4, 1, -0.152542
36, 4, 2, -0.448089
36, 4, 3, -0.406406
36, 4, 4, -0.446591
36, 4, 5, -0.458818
36, 4, 6, -0.466212
36, 4, 7, -0.417867
36, 4, 8, -0.352956
36, 4, 9, -0.265859
36, 4, 10, -0.034888
36, 4, 11, 0.371042
36, 4, 12, 0.944027
36, 4, 13, 1.589412
36, 4, 14, 2.468249
36, 4, 15, 100.000000
36, 4, 16, 100.000000
36, 4, 17, 100.000000
36, 4, 18, 100.000000
36, 4, 19, 100.000000
36, 4, 20, 100.000000
36, 4, 21, 100.000000
36, 4, 22, 100.000000
36, 4, 23, 100.000000
36, 4, 24, 100.000000
36, 4, 25, 100.000000
36, 4, 26, 100.000000
36, 4, 27, 100.000000
36, 4, 28, 100.000000
36, 4, 29, 100.000000
36, 4, 30, 100.000000
36, 4, 31, 100.000000
36, 4, 32, 100.000000
36, 4, 33, 100.000000
36, 4, 34, 100.000000
36, 5, 0, 0.407634
36, 5, 1, -0.160073
36, 5, 2, -0.446815
36, 5, 3, -0.419209
36, 5, 4, -0.463430
36, 5, 5, -0.451405
36, 5, 6, -0.469611
36, 5, 7, -0.427016
36, 5, 8, -0.323349
36, 5, 9, -0.215205
36, 5, 10, 0.043881
36, 5, 11, 0.458058
36, 5, 12, 1.044193
36, 5, 13, 1.744664
36, 5, 14, 100.000000
36, 5, 15, 100.000000
36, 5, 16, 100.000000
36, 5, 17, 100.000000
36, 5, 18, 100.000000
36, 5, 19, 100.000000
36, 5, 20, 100.000000
36, 5, 21, 100.000000
36, 5, 22, 100.000000
36, 5, 23, 100.000000
36, 5, 24, 100.000000
36, 5, 25, 100.000000
36, 5, 26, 100.000000
36, 5, 27, 100.000000
36, 5, 28, 100.000000
36, 5, 29, 100.000000
36, 5, 30, 100.000000
36, 5, 31, 100.000000
36, 5, 32, 100.000000
36, 5, 33, 100.000000
36, 5, 34, 100.000000
36, 6, 0, 0.412235
36, 6, 1, -0.151534
36, 6, 2, -0.456930
36, 6, 3, -0.418536
36, 6, 4, -0.462551
36, 6, 5, -0.454365
36, 6, 6, -0.480837
36, 6, 7, -0.425817
36, 6, 8, -0.313184
36, 6, 9, -0.183147
36, 6, 10, 0.072293
36, 6, 11, 0.470214
36, 6, 12, 1.012796
36, 6, 13, 1.785626
36, 6, 14, 100.000000
36, 6, 15, 100.000000
36, 6, 16, 100.000000
36, 6, 17, 100.000000
36, 6, 18, 100.000000
36, 6, 19, 100.000000
36, 6, 20, 100.000000
36, 6, 21, 100.000000
36, 6, 22, 100.000000
36, 6, 23, 100.000000
36, 6, 24, 100.000000
36, 6, 25, 100.000000
36, 6, 26, 100.000000
36, 6, 27, 100.000000
36, 6, 28, 100.000000
36, 6, 29, 100.000000
36, 6, 30, 100.000000
36, 6, 31, 100.000000
36, 6, 32, 100.000000
36, 6, 33, 100.000000
36, 6, 34, 100.000000
36, 7, 0, 0.434367
36, 7, 1, -0.142062
36, 7, 2, -0.479419
36, 7, 3, -0.414900
36, 7, 4, -0.473427
36, 7, 5, -0.462206
36, 7, 6, -0.463168
36, 7, 7, -0.433419
36, 7, 8, -0.316396
36, 7, 9, -0.213054
36, 7, 10, 0.017723
36, 7, 11, 0.420921
36, 7, 12, 0.913428
36, 7, 13, 1.616909
36, 7, 14, 100.000000
36, 7, 15, 100.000000
36, 7, 16, 100.000000
36, 7, 17, 100.000000
36, 7, 18, 100.000000
36, 7, 19, 100.000000
36, 7, 20, 100.000000
36, 7, 21, 100.000000
36, 7, 22, 100.000000
36, 7, 23, 100.000000
36, 7, 24, 100.000000
36, 7, 25, 100.000000
36, 7, 26, 100.000000
36, 7, 27, 100.000000
36, 7, 28, 100.000000
36, 7, 29, 100.000000
36, 7, 30, 100.000000
36, 7, 31, 100.000000
36, 7, 32, 100.000000
36, 7, 33, 100.000000
36, 7, 34, 100.000000
36, 8, 0, 0.440181
36, 8, 1, -0.141828
36, 8, 2, -0.494693
36, 8, 3, -0.395011
36, 8, 4, -0.441860
36, 8, 5, -0.442383
36, 8, 6, -0.434500
36, 8, 7, -0.398769
36, 8, 8, -0.329836
36, 8, 9, -0.272950
36, 8, 10, -0.067849
36, 8, 11, 0.368987
36, 8, 12, 0.891895
36, 8, 13, 1.469966
36, 8, 14, 2.496634
36, 8, 15, 100.000000
36, 8, 16, 100.000000
36, 8, 17, 100.000000
36, 8, 18, 100.000000
36, 8, 19, 100.000000
36, 8, 20, 100.000000
36, 8, 21, 100.000000
36, 8, 22, 100.000000
36, 8, 23, 100.000000
36, 8, 24, 100.000000
36, 8, 25, 100.000000
36, 8, 26, 100.000000
36, 8, 27, 100.000000
36, 8, 28, 100.000000
36, 8, 29, 100.000000
36, 8, 30, 100.000000
36, 8, 31, 100.000000
36, 8, 32, 100.000000
36, 8, 33, 100.000000
36, 8, 34, 100.000000
36, 9, 0, 0.437145
36, 9, 1, -0.135195
36, 9, 2, -0.474222
36, 9, 3, -0.397777
36, 9, 4, -0.416991
36, 9, 5, -0.483831
36, 9, 6, -0.473432
36, 9, 7, -0.420868
36, 9, 8, -0.363172
36, 9, 9, -0.322752
36, 9, 10, -0.111665
36, 9, 11, 0.357163
36, 9, 12, 0.902162
36, 9, 13, 1.367499
36, 9, 14, 2.200450
36, 9, 15, 100.000000
36, 9, 16, 100.000000
36, 9, 17, 100.000000
36, 9, 18, 100.000000
36, 9, 19, 100.000000
36, 9, 20, 100.000000
36, 9, 21, 100.000000
36, 9, 22, 100.000000
36, 9, 23, 100.000000
36, 9, 24, 100.000000
36, 9, 25, 100.000000
36, 9, 26, 100.000000
36, 9, 27, 100.000000
36, 9, 28, 100.000000
36, 9, 29, 100.000000
36, 9, 30, 100.000000
36, 9, 31, 100.000000
36, 9, 32, 100.000000
36, 9, 33, 100.000000
36, 9, 34, 100.000000
36, 10, 0, 0.440487
36, 10, 1, -0.121145
36, 10, 2, -0.448725
36, 10, 3, -0.427820
36, 10, 4, -0.408647
36, 10, 5, -0.474770
36, 10, 6, -0.475565
36, 10, 7, -0.428354
36, 10, 8, -0.371326
36, 10, 9, -0.295122
36, 10, 10, -0.085855
36, 10, 11, 0.328871
36, 10, 12, 0.865264
36, 10, 13, 1.374258
36, 10, 14, 2.265043
36, 10, 15, 100.000000
36, 10, 16, 100.000000
36, 10, 17, 100.000000
36, 10, 18, 100.000000
36, 10, 19, 100.000000
36, 10, 20, 100.000000
36, 10, 21, 100.000000
36, 10, 22, 100.000000
36, 10, 23, 100.000000
36, 10, 24, 100.000000
36, 10, 25, 100.000000
36, 10, 26, 100.000000
36, 10, 27, 100.000000
36, 10, 28, 100.000000
36, 10, 29, 100.000000
36, 10, 30, 100.000000
36, 10, 31, 100.000000
36, 10, 32, 100.000000
36, 10, 33, 100.000000
36, 10, 34, 100.000000
36, 11, 0, 0.447300
36, 11, 1, -0.113162
36, 11, 2, -0.438627
36, 11, 3, -0.453369
36, 11, 4, -0.414175
36, 11, 5, -0.445997
36, 11, 6, -0.457289
36, 11, 7, -0.448724
36, 11, 8, -0.376673
36, 11, 9, -0.262508
36, 11, 10, -0.082787
36, 11, 11, 0.255909
36, 11, 12, 0.745950
36, 11, 13, 1.246883
36, 11, 14, 1.990791
36, 11, 15, 100.000000
36, 11, 16, 100.000000
36, 11, 17, 100.000000
36, 11, 18, 100.000000
36, 11, 19, 100.000000
36, 11, 20, 100.000000
36, 11, 21, 100.000000
36, 11, 22, 100.000000
36, 11, 23, 100.000000
36, 11, 24, 100.000000
36, 11, 25, 100.000000
36, 11, 26, 100.000000
36, 11, 27, 100.000000
36, 11, 28, 100.000000
36, 11, 29, 100.000000
36, 11, 30, 100.000000
36, 11, 31, 100.000000
36, 11, 32, 100.000000
36, 11, 33, 100.000000
36, 11, 34, 100.000000
36, 12, 0, 0.449133
36, 12, 1, -0.107178
36, 12, 2, -0.450785
36, 12, 3, -0.443802
36, 12, 4, -0.416232
36, 12, 5, -0.429893
36, 12, 6, -0.453633
36, 12, 7, -0.467408
36, 12, 8, -0.397180
36, 12, 9, -0.271663
36, 12, 10, -0.124200
36, 12, 11, 0.183873
36, 12, 12, 0.657704
36, 12, 13, 1.176401
36, 12, 14, 1.804320
36, 12, 15, 100.000000
36, 12, 16, 100.000000
36, 12, 17, 100.000000
36, 12, 18, 100.000000
36, 12, 19, 100.000000
36, 12, 20, 100.000000
36, 12, 21, 100.000000
36, 12, 22, 100.000000
36, 12, 23, 100.000000
36, 12, 24, 100.000000
36, 12, 25, 100.000000
36, 12, 26, 100.000000
36, 12, 27, 100.000000
36, 12, 28, 100.000000
36, 12, 29, 100.000000
36, 12, 30, 100.000000
36, 12, 31, 100.000000
36, 12, 32, 100.000000
36, 12, 33, 100.000000
36, 12, 34, 100.000000
36, 13, 0, 0.433790
36, 13, 1, -0.101599
36, 13, 2, -0.441976
36, 13, 3, -0.421042
36, 13, 4, -0.400743
36, 13, 5, -0.430746
36, 13, 6, -0.471952
36, 13, 7, -0.487757
36, 13, 8, -0.417922
36, 13, 9, -0.291710
36, 13, 10, -0.171563
36, 13, 11, 0.130821
36, 13, 12, 0.637236
36, 13, 13, 1.201537
36, 13, 14, 1.779277
36, 13, 15, 100.000000
36, 13, 16, 100.000000
36, 13, 17, 100.000000
36, 13, 18, 100.000000
36, 13, 19, 100.000000
36, 13, 20, 100.000000
36, 13, 21, 100.000000
36, 13, 22, 100.000000
36, 13, 23, 100.000000
36, 13, 24, 100.000000
36, 13, 25, 100.000000
36, 13, 26, 100.000000
36, 13, 27, 100.000000
36, 13, 28, 100.000000
36, 13, 29, 100.000000
36, 13, 30, 100.000000
36, 13, 31, 100.000000
36, 13, 32, 100.000000
36, 13, 33, 100.000000
36, 13, 34, 100.000000
36, 14, 0, 0.413015
36, 14, 1, -0.102614
36, 14, 2, -0.432415
36, 14, 3, -0.408149
36, 14, 4, -0.407790
36, 14, 5, -0.455856
36, 14, 6, -0.491702
36, 14, 7, -0.486937
36, 14, 8, -0.434137
36, 14, 9, -0.321387
36, 14, 10, -0.186130
36, 14, 11, 0.116664
36, 14, 12, 0.598388
36, 14, 13, 1.169694
36, 14, 14, 1.812813
36, 14, 15, 100.000000
36, 14, 16, 100.000000
36, 14, 17, 100.000000
36, 14, 18, 100.000000
36, 14, 19, 100.000000
36, 14, 20, 100.000000
36, 14, 21, 100.000000
36, 14, 22, 100.000000
36, 14, 23, 100.000000
36, 14, 24, 100.000000
36, 14, 25, 100.000000
36, 14, 26, 100.000000
36, 14, 27, 100.000000
36, 14, 28, 100.000000
36, 14, 29, 100.000000
36, 14, 30, 100.000000
36, 14, 31, 100.000000
36, 14, 32, 100.000000
36, 14, 33, 100.000000
36, 14, 34, 100.000000
36, 15, 0, 0.401773
36, 15, 1, -0.117475
36, 15, 2, -0.457060
36, 15, 3, -0.411711
36, 15, 4, -0.433306
36, 15, 5, -0.479146
36, 15, 6, -0.483355
36, 15, 7, -0.467083
36, 15, 8, -0.442718
36, 15, 9, -0.372241
36, 15, 10, -0.202184
36, 15, 11, 0.146005
36, 15, 12, 0.602014
36, 15, 13, 1.129295
36, 15, 14, 1.787699
36, 15, 15, 100.000000
36, 15, 16, 100.000000
36, 15, 17, 100.000000
36, 15, 18, 100.000000
36, 15, 19, 100.000000
36, 15, 20, 100.000000
36, 15, 21, 100.000000
36, 15, 22, 100.000000
36, 15, 23, 100.000000
36, 15, 24, 100.000000
36, 15, 25, 100.000000
36, 15, 26, 100.000000
36, 15, 27, 100.000000
36, 15, 28, 100.000000
36, 15, 29, 100.000000
36, 15, 30, 100.000000
36, 15, 31, 100.000000
36, 15, 32, 100.000000
36, 15, 33, 100.000000
36, 15, 34, 100.000000
36, 16, 0, 0.419400
36, 16, 1, -0.110400
36, 16, 2, -0.459171
36, 16, 3, -0.404379
36, 16, 4, -0.438636
36, 16, 5, -0.454970
36, 16, 6, -0.455889
36, 16, 7, -0.462273
36, 16, 8, -0.460857
36, 16, 9, -0.409583
36, 16, 10, -0.208671
36, 16, 11, 0.173533
36, 16, 12, 0.660657
36, 16, 13, 1.217018
36, 16, 14, 1.953550
36, 16, 15, 100.000000
36, 16, 16, 100.000000
36, 16, 17, 100.000000
36, 16, 18, 100.000000
36, 16, 19, 100.000000
36, 16, 20, 100.000000
36, 16, 21, 100.000000
36, 16, 22, 100.000000
36, 16, 23, 100.000000
36, 16, 24, 100.000000
36, 16, 25, 100.000000
36, 16, 26, 100.000000
36, 16, 27, 100.000000
36, 16, 28, 100.000000
36, 16, 29, 100.000000
36, 16, 30, 100.000000
36, 16, 31, 100.000000
36, 16, 32, 100.000000
36, 16, 33, 100.000000
36, 16, 34, 100.000000
36, 17, 0, 0.442851
36, 17, 1, -0.111535
36, 17, 2, -0.483151
36, 17, 3, -0.392875
36, 17, 4, -0.436773
36, 17, 5, -0.440694
36, 17, 6, -0.441922
36, 17, 7, -0.484299
36, 17, 8, -0.474692
36, 17, 9, -0.401196
36, 17, 10, -0.203454
36, 17, 11, 0.152735
36, 17, 12, 0.642453
36, 17, 13, 1.286321
36, 17, 14, 2.090995
36, 17, 15, 100.000000
36, 17, 16, 100.000000
36, 17, 17, 100.000000
36, 17, 18, 100.000000
36, 17, 19, 100.000000
36, 17, 20, 100.000000
36, 17, 21, 100.000000
36, 17, 22, 100.000000
36, 17, 23, 100.000000
36, 17, 24, 100.000000
36, 17, 25, 100.000000
36, 17, 26, 100.000000
36, 17, 27, 100.000000
36, 17, 28, 100.000000
36, 17, 29, 100.000000
36, 17, 30, 100.000000
36, 17, 31, 100.000000
36, 17, 32, 100.000000
36, 17, 33, 100.000000
36, 17, 34, 100.000000
36, 18, 0, 0.435123
36, 18, 1, -0.144880
36, 18, 2, -0.455449
36, 18, 3, -0.372827
36, 18, 4, -0.437544
36, 18, 5, -0.442121
36, 18, 6, -0.452550
36, 18, 7, -0.475807
36, 18, 8, -0.473433
36, 18, 9, -0.379427
36, 18, 10, -0.197931
36, 18, 11, 0.107731
36, 18, 12, 0.574538
36, 18, 13, 1.221758
36, 18, 14, 1.915908
36, 18, 15, 100.000000
36, 18, 16, 100.000000
36, 18, 17, 100.000000
36, 18, 18, 100.000000
36, 18, 19, 100.000000
36, 18, 20, 100.000000
36, 18, 21, 100.000000
36, 18, 22, 100.000000
36, 18, 23, 100.000000
36, 18, 24, 100.000000
36, 18, 25, 100.000000
36, 18, 26, 100.000000
36, 18, 27, 100.000000
36, 18, 28, 100.000000
36, 18, 29, 100.000000
36, 18, 30, 100.000000
36, 18, 31, 100.000000
36, 18, 32, 100.000000
36, 18, 33, 100.000000
36, 18, 34, 100.000000
36, 19, 0, 0.422457
36, 19, 1, -0.162820
36, 19, 2, -0.444967
36, 19, 3, -0.384456
36, 19, 4, -0.462763
36, 19, 5, -0.461509
36, 19, 6, -0.469025
36, 19, 7, -0.481977
36, 19, 8, -0.457552
36, 19, 9, -0.373353
36, 19, 10, -0.194965
36, 19, 11, 0.108375
36, 19, 12, 0.558643
36, 19, 13, 1.174218
36, 19, 14, 1.792898
36, 19, 15, 100.000000
36, 19, 16, 100.000000
36, 19, 17, 100.000000
36, 19, 18, 100.000000
36, 19, 19, 100.000000
36, 19, 20, 100.000000
36, 19, 21, 100.000000
36, 19, 22, 100.000000
36, 19, 23, 100.000000
36, 19, 24, 100.000000
36, 19, 25, 100.000000
36, 19, 26, 100.000000
36, 19, 27, 100.000000
36, 19, 28, 100.000000
36, 19, 29, 100.000000
36, 19, 30, 100.000000
36, 19, 31, 100.000000
36, 19, 32, 100.000000
36, 19, 33, 100.000000
36, 19, 34, 100.000000
36, 20, 0, 0.426365
36, 20, 1, -0.162941
36, 20, 2, -0.464512
36, 20, 3, -0.399245
36, 20, 4, -0.450868
36, 20, 5, -0.458273
36, 20, 6, -0.456971
36, 20, 7, -0.450786
36, 20, 8, -0.437502
36, 20, 9, -0.365583
36, 20, 10, -0.178612
36, 20, 11, 0.152308
36, 20, 12, 0.607144
36, 20, 13, 1.225423
36, 20, 14, 1.825831
36, 20, 15, 100.000000
36, 20, 16, 100.000000
36, 20, 17, 100.000000
36, 20, 18, 100.000000
36, 20, 19, 100.000000
36, 20, 20, 100.000000
36, 20, 21, 100.000000
36, 20, 22, 100.000000
36, 20, 23, 100.000000
36, 20, 24, 100.000000
36, 20, 25, 100.000000
36, 20, 26, 100.000000
36, 20, 27, 100.000000
36, 20, 28, 100.000000
36, 20, 29, 100.000000
36, 20, 30, 100.000000
36, 20, 31, 100.000000
36, 20, 32, 100.000000
36, 20, 33, 100.000000
36, 20, 34, 100.000000
36, 21, 0, 0.404242
36, 21, 1, -0.169027
36, 21, 2, -0.465626
36, 21, 3, -0.400959
36, 21, 4, -0.448905
36, 21, 5, -0.454898
36, 21, 6, -0.466386
36, 21, 7, -0.461295
36, 21, 8, -0.438054
36, 21, 9, -0.357140
36, 21, 10, -0.164972
36, 21, 11, 0.154691
36, 21, 12, 0.598780
36, 21, 13, 1.202644
36, 21, 14, 1.949520
36, 21, 15, 100.000000
36, 21, 16, 100.000000
36, 21, 17, 100.000000
36, 21, 18, 100.000000
36, 21, 19, 100.000000
36, 21, 20, 100.000000
36, 21, 21, 100.000000
36, 21, 22, 100.000000
36, 21, 23, 100.000000
36, 21, 24, 100.000000
36, 21, 25, 100.000000
36, 21, 26, 100.000000
36, 21, 27, 100.000000
36, 21, 28, 100.000000
36, 21, 29, 100.000000
36, 21, 30, 100.000000
36, 21, 31, 100.000000
36, 21, 32, 100.000000
36, 21, 33, 100.000000
36, 21, 34, 100.000000
36, 22, 0, 0.372430
36, 22, 1, -0.180750
36, 22, 2, -0.444564
36, 22, 3, -0.399053
36, 22, 4, -0.442139
36, 22, 5, -0.443822
36, 22, 6, -0.476234
36, 22, 7, -0.476791
36, 22, 8, -0.421556
36, 22, 9, -0.320402
36, 22, 10, -0.148659
36, 22, 11, 0.124854
36, 22, 12, 0.537114
36, 22, 13, 1.147561
36, 22, 14, 1.948167
36, 22, 15, 100.000000
36, 22, 16, 100.000000
36, 22, 17, 100.000000
36, 22, 18, 100.000000
36, 22, 19, 100.000000
36, 22, 20, 100.000000
36, 22, 21, 100.000000
36, 22, 22, 100.000000
36, 22, 23, 100.000000
36, 22, 24, 100.000000
36, 22, 25, 100.000000
36, 22, 26, 100.000000
36, 22, 27, 100.000000
36, 22, 28, 100.000000
36, 22, 29, 100.000000
36, 22, 30, 100.000000
36, 22, 31, 100.000000
36, 22, 32, 100.000000
36, 22, 33, 100.000000
36, 22, 34, 100.000000
36, 23, 0, 0.369641
36, 23, 1, -0.188337
36, 23, 2, -0.443470
36, 23, 3, -0.389284
36, 23, 4, -0.438916
36, 23, 5, -0.448924
36, 23, 6, -0.494364
36, 23, 7, -0.443012
36, 23, 8, -0.429992
36, 23, 9, -0.332257
36, 23, 10, -0.143892
36, 23, 11, 0.121343
36, 23, 12, 0.504799
36, 23, 13, 1.086467
36, 23, 14, 1.849429
36, 23, 15, 100.000000
36, 23, 16, 100.000000
36, 23, 17, 100.000000
36, 23, 18, 100.000000
36, 23, 19, 100.000000
36, 23, 20, 100.000000
36, 23, 21, 100.000000
36, 23, 22, 100.000000
36, 23, 23, 100.000000
36, 23, 24, 100.000000
36, 23, 25, 100.000000
36, 23, 26, 100.000000
36, 23, 27, 100.000000
36, 23, 28, 100.000000
36, 23, 29, 100.000000
36, 23, 30, 100.000000
36, 23, 31, 100.000000
36, 23, 32, 100.000000
36, 23, 33, 100.000000
36, 23, 34, 100.000000
36, 24, 0, 0.377376
36, 24, 1, -0.174376
36, 24, 2, -0.446334
36, 24, 3, -0.394837
36, 24, 4, -0.440669
36, 24, 5, -0.473756
36, 24, 6, -0.464773
36, 24, 7, -0.428676
36, 24, 8, -0.458029
36, 24, 9, -0.360180
36, 24, 10, -0.135122
36, 24, 11, 0.187943
36, 24, 12, 0.612613
36, 24, 13, 1.202353
36, 24, 14, 1.950728
36, 24, 15, 100.000000
36, 24, 16, 100.000000
36, 24, 17, 100.000000
36, 24, 18, 100.000000
36, 24, 19, 100.000000
36, 24, 20, 100.000000
36, 24, 21, 100.000000
36, 24, 22, 100.000000
36, 24, 23, 100.000000
36, 24, 24, 100.000000
36, 24, 25, 100.000000
36, 24, 26, 100.000000
36, 24, 27, 100.000000
36, 24, 28, 100.000000
36, 24, 29, 100.000000
36, 24, 30, 100.000000
36, 24, 31, 100.000000
36, 24, 32, 100.000000
36, 24, 33, 100.000000
36, 24, 34, 100.000000
36, 25, 0, 0.401027
36, 25, 1, -0.150804
36, 25, 2, -0.472912
36, 25, 3, -0.409007
36, 25, 4, -0.433980
36, 25, 5, -0.475706
36, 25, 6, -0.456597
36, 25, 7, -0.458952
36, 25, 8, -0.479381
36, 25, 9, -0.349569
36, 25, 10, -0.109474
36, 25, 11, 0.238243
36, 25, 12, 0.748036
36, 25, 13, 1.360168
36, 25, 14, 2.304157
36, 25, 15, 100.000000
36, 25, 16, 100.000000
36, 25, 17, 100.000000
36, 25, 18, 100.000000
36, 25, 19, 100.000000
36, 25, 20, 100.000000
36, 25, 21, 100.000000
36, 25, 22, 100.000000
36, 25, 23, 100.000000
36, 25, 24, 100.000000
36, 25, 25, 100.000000
36, 25, 26, 100.000000
36, 25, 27, 100.000000
36, 25, 28, 100.000000
36, 25, 29, 100.000000
36, 25, 30, 100.000000
36, 25, 31, 100.000000
36, 25, 32, 100.000000
36, 25, 33, 100.000000
36, 25, 34, 100.000000
36, 26, 0, 0.409463
36, 26, 1, -0.128608
36, 26, 2, -0.443838
36, 26, 3, -0.433067
36, 26, 4, -0.431267
36, 26, 5, -0.477981
36, 26, 6, -0.465075
36, 26, 7, -0.476496
36, 26, 8, -0.455482
36, 26, 9, -0.329287
36, 26, 10, -0.099377
36, 26, 11, 0.240304
36, 26, 12, 0.771602
36, 26, 13, 1.450326
36, 26, 14, 100.000000
36, 26, 15, 100.000000
36, 26, 16, 100.000000
36, 26, 17, 100.000000
36, 26, 18, 100.000000
36, 26, 19, 100.000000
36, 26, 20, 100.000000
36, 26, 21, 100.000000
36, 26, 22, 100.000000
36, 26, 23, 100.000000
36, 26, 24, 100.000000
36, 26, 25, 100.000000
36, 26, 26, 100.000000
36, 26, 27, 100.000000
36, 26, 28, 100.000000
36, 26, 29, 100.000000
36, 26, 30, 100.000000
36, 26, 31, 100.000000
36, 26, 32, 100.000000
36, 26, 33, 100.000000
36, 26, 34, 100.000000
36, 27, 0, 0.391146
36, 27, 1, -0.109523
36, 27, 2, -0.393799
36, 27, 3, -0.445328
36, 27, 4, -0.459324
36, 27, 5, -0.455678
36, 27, 6, -0.427391
36, 27, 7, -0.434902
36, 27, 8, -0.431895
36, 27, 9, -0.329757
36, 27, 10, -0.120294
36, 27, 11, 0.199475
36, 27, 12, 0.712946
36, 27, 13, 1.255501
36, 27, 14, 1.981952
36, 27, 15, 100.000000
36, 27, 16, 100.000000
36, 27, 17, 100.000000
36, 27, 18, 100.000000
36, 27, 19, 100.000000
36, 27, 20, 100.000000
36, 27, 21, 100.000000
36, 27, 22, 100.000000
36, 27, 23, 100.000000
36, 27, 24, 100.000000
36, 27, 25, 100.000000
36, 27, 26, 100.000000
36, 27, 27, 100.000000
36, 27, 28, 100.000000
36, 27, 29, 100.000000
36, 27, 30, 100.000000
36, 27, 31, 100.000000
36, 27, 32, 100.000000
36, 27, 33, 100.000000
36, 27, 34, 100.000000
36, 28, 0, 0.390018
36, 28, 1, -0.086365
36, 28, 2, -0.295445
36, 28, 3, -0.343246
36, 28, 4, -0.395068
36, 28, 5, -0.436057
36, 28, 6, -0.451152
36, 28, 7, -0.466800
36, 28, 8, -0.400762
36, 28, 9, -0.290047
36, 28, 10, -0.118011
36, 28, 11, 0.166772
36, 28, 12, 0.639720
36, 28, 13, 1.098845
36, 28, 14, 1.722950
36, 28, 15, 100.000000
36, 28, 16, 100.000000
36, 28, 17, 100.000000
36, 28, 18, 100.000000
36, 28, 19, 100.000000
36, 28, 20, 100.000000
36, 28, 21, 100.000000
36, 28, 22, 100.000000
36, 28, 23, 100.000000
36, 28, 24, 100.000000
36, 28, 25, 100.000000
36, 28, 26, 100.000000
36, 28, 27, 100.000000
36, 28, 28, 100.000000
36, 28, 29, 100.000000
36, 28, 30, 100.000000
36, 28, 31, 100.000000
36, 28, 32, 100.000000
36, 28, 33, 100.000000
36, 28, 34, 100.000000
36, 29, 0, 0.419370
36, 29, 1, 0.060898
36, 29, 2, -0.019695
36, 29, 3, -0.037755
36, 29, 4, -0.068186
36, 29, 5, -0.101622
36, 29, 6, -0.125091
36, 29, 7, -0.122562
36, 29, 8, -0.072375
36, 29, 9, 0.016373
36, 29, 10, 0.122436
36, 29, 11, 0.322588
36, 29, 12, 0.678296
36, 29, 13, 1.178359
36, 29, 14, 1.814007
36, 29, 15, 100.000000
36, 29, 16, 100.000000
36, 29, 17, 100.000000
36, 29, 18, 100.000000
36, 29, 19, 100.000000
36, 29, 20, 100.000000
36, 29, 21, 100.000000
36, 29, 22, 100.000000
36, 29, 23, 100.000000
36, 29, 24, 100.000000
36, 29, 25, 100.000000
36, 29, 26, 100.000000
36, 29, 27, 100.000000
36, 29, 28, 100.000000
36, 29, 29, 100.000000
36, 29, 30, 100.000000
36, 29, 31, 100.000000
36, 29, 32, 100.000000
36, 29, 33, 100.000000
36, 29, 34, 100.000000
37, 0, 0, 0.783352
37, 0, 1, 0.556140
37, 0, 2, 0.505937
37, 0, 3, 0.497188
37, 0, 4, 0.470408
37, 0, 5, 0.459856
37, 0, 6, 0.469973
37, 0, 7, 0.486346
37, 0, 8, 0.491611
37, 0, 9, 0.486846
37, 0, 10, 0.513761
37, 0, 11, 0.686922
37, 0, 12, 1.068742
37, 0, 13, 1.633744
37, 0, 14, 2.449721
37, 0, 15, 100.000000
37, 0, 16, 100.000000
37, 0, 17, 100.000000
37, 0, 18, 100.000000
37, 0, 19, 100.000000
37, 0, 20, 100.000000
37, 0, 21, 100.000000
37, 0, 22, 100.000000
37, 0, 23, 100.000000
37, 0, 24, 100.000000
37, 0, 25, 100.000000
37, 0, 26, 100.000000
37, 0, 27, 100.000000
37, 0, 28, 100.000000
37, 0, 29, 100.000000
37, 0, 30, 100.000000
37, 0, 31, 100.000000
37, 0, 32, 100.000000
37, 0, 33, 100.000000
37, 0, 34, 100.000000
37, 1, 0, 0.534555
37, 1, 1, 0.120020
37, 1, 2, -0.028622
37, 1, 3, -0.039474
37, 1, 4, -0.046972
37, 1, 5, -0.050234
37, 1, 6, -0.049066
37, 1, 7, -0.021364
37, 1, 8, 0.009104
37, 1, 9, 0.034016
37, 1, 10, 0.104055
37, 1, 11, 0.362555
37, 1, 12, 0.814129
37, 1, 13, 1.473695
37, 1, 14, 2.336364
37, 1, 15, 100.000000
37, 1, 16, 100.000000
37, 1, 17, 100.000000
37, 1, 18, 100.000000
37, 1, 19, 100.000000
37, 1, 20, 100.000000
37, 1, 21, 100.000000
37, 1, 22, 100.000000
37, 1, 23, 100.000000
37, 1, 24, 100.000000
37, 1, 25, 100.000000
37, 1, 26, 100.000000
37, 1, 27, 100.000000
37, 1, 28, 100.000000
37, 1, 29, 100.000000
37, 1, 30, 100.000000
37, 1, 31, 100.000000
37, 1, 32, 100.000000
37, 1, 33, 100.000000
37, 1, 34, 100.000000
37, 2, 0, 0.446885
37, 2, 1, -0.084511
37, 2, 2, -0.382420
37, 2, 3, -0.379976
37, 2, 4, -0.385778
37, 2, 5, -0.375061
37, 2, 6, -0.355359
37, 2, 7, -0.307219
37, 2, 8, -0.245899
37, 2, 9, -0.191045
37, 2, 10, -0.076466
37, 2, 11, 0.253481
37, 2, 12, 0.775698
37, 2, 13, 1.431049
37, 2, 14, 2.259557
37, 2, 15, 100.000000
37, 2, 16, 100.000000
37, 2, 17, 100.000000
37, 2, 18, 100.000000
37, 2, 19, 100.000000
37, 2, 20, 100.000000
37, 2, 21, 100.000000
37, 2, 22, 100.000000
37, 2, 23, 100.000000
37, 2, 24, 100.000000
37, 2, 25, 100.000000
37, 2, 26, 100.000000
37, 2, 27, 100.000000
37, 2, 28, 100.000000
37, 2, 29, 100.000000
37, 2, 30, 100.000000
37, 2, 31, 100.000000
37, 2, 32, 100.000000
37, 2, 33, 100.000000
37, 2, 34, 100.000000
37, 3, 0, 0.418642
37, 3, 1, -0.138855
37, 3, 2, -0.452796
37, 3, 3, -0.411508
37, 3, 4, -0.445304
37, 3, 5, -0.451583
37, 3, 6, -0.421753
37, 3, 7, -0.405958
37, 3, 8, -0.352570
37, 3, 9, -0.287746
37, 3, 10, -0.121153
37, 3, 11, 0.246865
37, 3, 12, 0.787294
37, 3, 13, 1.414029
37, 3, 14, 2.039270
37, 3, 15, 100.000000
37, 3, 16, 100.000000
37, 3, 17, 100.000000
37, 3, 18, 100.000000
37, 3, 19, 100.000000
37, 3, 20, 100.000000
37, 3, 21, 100.000000
37, 3, 22, 100.000000
37, 3, 23, 100.000000
37, 3, 24, 100.000000
37, 3, 25, 100.000000
37, 3, 26, 100.000000
37, 3, 27, 100.000000
37, 3, 28, 100.000000
37, 3, 29, 100.000000
37, 3, 30, 100.000000
37, 3, 31, 100.000000
37, 3, 32, 100.000000
37, 3, 33, 100.000000
37, 3, 34, 100.000000
37, 4, 0, 0.406586
37, 4, 1, -0.150482
37, 4, 2, -0.444211
37, 4, 3, -0.415044
37, 4, 4, -0.438719
37, 4, 5, -0.470308
37, 4, 6, -0.434971
37, 4, 7, -0.416173
37, 4, 8, -0.359014
37, 4, 9, -0.253826
37, 4, 10, -0.039506
37, 4, 11, 0.338425
37, 4, 12, 0.874536
37, 4, 13, 1.412898
37, 4, 14, 2.115896
37, 4, 15, 100.000000
37, 4, 16, 100.000000
37, 4, 17, 100.000000
37, 4, 18, 100.000000
37, 4, 19, 100.000000
37, 4, 20, 100.000000
37, 4, 21, 100.000000
37, 4, 22, 100.000000
37, 4, 23, 100.000000
37, 4, 24, 100.000000
37, 4, 25, 100.000000
37, 4, 26, 100.000000
37, 4, 27, 100.000000
37, 4, 28, 100.000000
37, 4, 29, 100.000000
37, 4, 30, 100.000000
37, 4, 31, 100.000000
37, 4, 32, 100.000000
37, 4, 33, 100.000000
37, 4, 34, 100.000000
37, 5, 0, 0.398539
37, 5, 1, -0.153157
37, 5, 2, -0.483219
37, 5, 3, -0.442548
37, 5, 4, -0.462862
37, 5, 5, -0.488777
37, 5, 6, -0.445824
37, 5, 7, -0.409497
37, 5, 8, -0.335576
37, 5, 9, -0.208833
37, 5, 10, 0.026025
37, 5, 11, 0.390167
37, 5, 12, 0.883358
37, 5, 13, 1.427049
37, 5, 14, 2.367701
37, 5, 15, 100.000000
37, 5, 16, 100.000000
37, 5, 17, 100.000000
37, 5, 18, 100.000000
37, 5, 19, 100.000000
37, 5, 20, 100.000000
37, 5, 21, 100.000000
37, 5, 22, 100.000000
37, 5, 23, 100.000000
37, 5, 24, 100.000000
37, 5, 25, 100.000000
37, 5, 26, 100.000000
37, 5, 27, 100.000000
37, 5, 28, 100.000000
37, 5, 29, 100.000000
37, 5, 30, 100.000000
37, 5, 31, 100.000000
37, 5, 32, 100.000000
37, 5, 33, 100.000000
37, 5, 34, 100.000000
37, 6, 0, 0.398259
37, 6, 1, -0.151247
37, 6, 2, -0.471399
37, 6, 3, -0.449515
37, 6, 4, -0.474683
37, 6, 5, -0.492056
37, 6, 6, -0.453699
37, 6, 7, -0.413895
37, 6, 8, -0.336822
37, 6, 9, -0.194318
37, 6, 10, 0.051158
37, 6, 11, 0.407246
37, 6, 12, 0.917881
37, 6, 13, 1.466343
37, 6, 14, 2.436460
37, 6, 15, 100.000000
37, 6, 16, 100.000000
37, 6, 17, 100.000000
37, 6, 18, 100.000000
37, 6, 19, 100.000000
37, 6, 20, 100.000000
37, 6, 21, 100.000000
37, 6, 22, 100.000000
37, 6, 23, 100.000000
37, 6, 24, 100.000000
37, 6, 25, 100.000000
37, 6, 26, 100.000000
37, 6, 27, 100.000000
37, 6, 28, 100.000000
37, 6, 29, 100.000000
37, 6, 30, 100.000000
37, 6, 31, 100.000000
37, 6, 32, 100.000000
37, 6, 33, 100.000000
37, 6, 34, 100.000000
37, 7, 0, 0.407808
37, 7, 1, -0.150529
37, 7, 2, -0.464982
37, 7, 3, -0.430229
37, 7, 4, -0.466099
37, 7, 5, -0.441816
37, 7, 6, -0.450234
37, 7, 7, -0.428101
37, 7, 8, -0.347541
37, 7, 9, -0.222516
37, 7, 10, 0.002156
37, 7, 11, 0.363003
37, 7, 12, 0.834804
37, 7, 13, 1.533093
37, 7, 14, 2.340560
37, 7, 15, 100.000000
37, 7, 16, 100.000000
37, 7, 17, 100.000000
37, 7, 18, 100.000000
37, 7, 19, 100.000000
37, 7, 20, 100.000000
37, 7, 21, 100.000000
37, 7, 22, 100.000000
37, 7, 23, 100.000000
37, 7, 24, 100.000000
37, 7, 25, 100.000000
37, 7, 26, 100.000000
37, 7, 27, 100.000000
37, 7, 28, 100.000000
37, 7, 29, 100.000000
37, 7, 30, 100.000000
37, 7, 31, 100.000000
37, 7, 32, 100.000000
37, 7, 33, 100.000000
37, 7, 34, 100.000000
37, 8, 0, 0.426674
37, 8, 1, -0.138667
37, 8, 2, -0.479675
37, 8, 3, -0.400780
37, 8, 4, -0.430767
37, 8, 5, -0.452557
37, 8, 6, -0.457301
37, 8, 7, -0.425182
37, 8, 8, -0.361539
37, 8, 9, -0.269912
37, 8, 10, -0.057625
37, 8, 11, 0.327926
37, 8, 12, 0.756381
37, 8, 13, 1.359568
37, 8, 14, 2.103299
37, 8, 15, 100.000000
37, 8, 16, 100.000000
37, 8, 17, 100.000000
37, 8, 18, 100.000000
37, 8, 19, 100.000000
37, 8, 20, 100.000000
37, 8, 21, 100.000000
37, 8, 22, 100.000000
37, 8, 23, 100.000000
37, 8, 24, 100.000000
37, 8, 25, 100.000000
37, 8, 26, 100.000000
37, 8, 27, 100.000000
37, 8, 28, 100.000000
37, 8, 29, 100.000000
37, 8, 30, 100.000000
37, 8, 31, 100.000000
37, 8, 32, 100.000000
37, 8, 33, 100.000000
37, 8, 34, 100.000000
37, 9, 0, 0.424257
37, 9, 1, -0.124853
37, 9, 2, -0.465802
37, 9, 3, -0.404190
37, 9, 4, -0.402558
37, 9, 5, -0.480005
37, 9, 6, -0.483675
37, 9, 7, -0.433577
37, 9, 8, -0.368428
37, 9, 9, -0.302565
37, 9, 10, -0.112493
37, 9, 11, 0.284874
37, 9, 12, 0.741372
37, 9, 13, 1.215357
37, 9, 14, 1.911096
37, 9, 15, 100.000000
37, 9, 16, 100.000000
37, 9, 17, 100.000000
37, 9, 18, 100.000000
37, 9, 19, 100.000000
37, 9, 20, 100.000000
37, 9, 21, 100.000000
37, 9, 22, 100.000000
37, 9, 23, 100.000000
37, 9, 24, 100.000000
37, 9, 25, 100.000000
37, 9, 26, 100.000000
37, 9, 27, 100.000000
37, 9, 28, 100.000000
37, 9, 29, 100.000000
37, 9, 30, 100.000000
37, 9, 31, 100.000000
37, 9, 32, 100.000000
37, 9, 33, 100.000000
37, 9, 34, 100.000000
37, 10, 0, 0.428784
37, 10, 1, -0.119855
37, 10, 2, -0.436973
37, 10, 3, -0.430826
37, 10, 4, -0.409615
37, 10, 5, -0.481332
37, 10, 6, -0.478723
37, 10, 7, -0.433942
37, 10, 8, -0.362573
37, 10, 9, -0.306156
37, 10, 10, -0.141208
37, 10, 11, 0.231826
37, 10, 12, 0.733317
37, 10, 13, 1.258595
37, 10, 14, 2.001077
37, 10, 15, 100.000000
37, 10, 16, 100.000000
37, 10, 17, 100.000000
37, 10, 18, 100.000000
37, 10, 19, 100.000000
37, 10, 20, 100.000000
37, 10, 21, 100.000000
37, 10, 22, 100.000000
37, 10, 23, 100.000000
37, 10, 24, 100.000000
37, 10, 25, 100.000000
37, 10, 26, 100.000000
37, 10, 27, 100.000000
37, 10, 28, 100.000000
37, 10, 29, 100.000000
37, 10, 30, 100.000000
37, 10, 31, 100.000000
37, 10, 32, 100.000000
37, 10, 33, 100.000000
37, 10, 34, 100.000000
37, 11, 0, 0.438856
37, 11, 1, -0.121540
37, 11, 2, -0.441839
37, 11, 3, -0.452996
37, 11, 4, -0.407486
37, 11, 5, -0.441308
37, 11, 6, -0.460753
37, 11, 7, -0.454261
37, 11, 8, -0.383942
37, 11, 9, -0.306342
37, 11, 10, -0.136643
37, 11, 11, 0.209884
37, 11, 12, 0.702567
37, 11, 13, 1.302397
37, 11, 14, 2.104493
37, 11, 15, 100.000000
37, 11, 16, 100.000000
37, 11, 17, 100.000000
37, 11, 18, 100.000000
37, 11, 19, 100.000000
37, 11, 20, 100.000000
37, 11, 21, 100.000000
37, 11, 22, 100.000000
37, 11, 23, 100.000000
37, 11, 24, 100.000000
37, 11, 25, 100.000000
37, 11, 26, 100.000000
37, 11, 27, 100.000000
37, 11, 28, 100.000000
37, 11, 29, 100.000000
37, 11, 30, 100.000000
37, 11, 31, 100.000000
37, 11, 32, 100.000000
37, 11, 33, 100.000000
37, 11, 34, 100.000000
37, 12, 0, 0.448725
37, 12, 1, -0.116602
37, 12, 2, -0.454260
37, 12, 3, -0.442242
37, 12, 4, -0.412224
37, 12, 5, -0.425131
37, 12, 6, -0.471450
37, 12, 7, -0.474604
37, 12, 8, -0.410715
37, 12, 9, -0.314178
37, 12, 10, -0.161738
37, 12, 11, 0.164890
37, 12, 12, 0.658282
37, 12, 13, 1.249728
37, 12, 14, 2.031141
37, 12, 15, 100.000000
37, 12, 16, 100.000000
37, 12, 17, 100.000000
37, 12, 18, 100.000000
37, 12, 19, 100.000000
37, 12, 20, 100.000000
37, 12, 21, 100.000000
37, 12, 22, 100.000000
37, 12, 23, 100.000000
37, 12, 24, 100.000000
37, 12, 25, 100.000000
37, 12, 26, 100.000000
37, 12, 27, 100.000000
37, 12, 28, 100.000000
37, 12, 29, 100.000000
37, 12, 30, 100.000000
37, 12, 31, 100.000000
37, 12, 32, 100.000000
37, 12, 33, 100.000000
37, 12, 34, 100.000000
37, 13, 0, 0.435660
37, 13, 1, -0.105736
37, 13, 2, -0.454065
37, 13, 3, -0.412865
37, 13, 4, -0.399551
37, 13, 5, -0.432907
37, 13, 6, -0.476165
37, 13, 7, -0.478569
37, 13, 8, -0.401441
37, 13, 9, -0.307899
37, 13, 10, -0.212484
37, 13, 11, 0.087808
37, 13, 12, 0.579750
37, 13, 13, 1.210565
37, 13, 14, 1.923692
37, 13, 15, 100.000000
37, 13, 16, 100.000000
37, 13, 17, 100.000000
37, 13, 18, 100.000000
37, 13, 19, 100.000000
37, 13, 20, 100.000000
37, 13, 21, 100.000000
37, 13, 22, 100.000000
37, 13, 23, 100.000000
37, 13, 24, 100.000000
37, 13, 25, 100.000000
37, 13, 26, 100.000000
37, 13, 27, 100.000000
37, 13, 28, 100.000000
37, 13, 29, 100.000000
37, 13, 30, 100.000000
37, 13, 31, 100.000000
37, 13, 32, 100.000000
37, 13, 33, 100.000000
37, 13, 34, 100.000000
37, 14, 0, 0.424559
37, 14, 1, -0.108063
37, 14, 2, -0.445247
37, 14, 3, -0.395962
37, 14, 4, -0.417572
37, 14, 5, -0.454744
37, 14, 6, -0.487713
37, 14, 7, -0.486637
37, 14, 8, -0.412093
37, 14, 9, -0.327610
37, 14, 10, -0.232952
37, 14, 11, 0.046493
37, 14, 12, 0.528367
37, 14, 13, 1.156564
37, 14, 14, 1.784565
37, 14, 15, 100.000000
37, 14, 16, 100.000000
37, 14, 17, 100.000000
37, 14, 18, 100.000000
37, 14, 19, 100.000000
37, 14, 20, 100.000000
37, 14, 21, 100.000000
37, 14, 22, 100.000000
37, 14, 23, 100.000000
37, 14, 24, 100.000000
37, 14, 25, 100.000000
37, 14, 26, 100.000000
37, 14, 27, 100.000000
37, 14, 28, 100.000000
37, 14, 29, 100.000000
37, 14, 30, 100.000000
37, 14, 31, 100.000000
37, 14, 32, 100.000000
37, 14, 33, 100.000000
37, 14, 34, 100.000000
37, 15, 0, 0.410882
37, 15, 1, -0.119296
37, 15, 2, -0.442664
37, 15, 3, -0.384484
37, 15, 4, -0.440072
37, 15, 5, -0.461985
37, 15, 6, -0.463239
37, 15, 7, -0.467631
37, 15, 8, -0.430277
37, 15, 9, -0.362115
37, 15, 10, -0.250011
37, 15, 11, 0.052049
37, 15, 12, 0.523266
37, 15, 13, 1.118606
37, 15, 14, 1.810649
37, 15, 15, 100.000000
37, 15, 16, 100.000000
37, 15, 17, 100.000000
37, 15, 18, 100.000000
37, 15, 19, 100.000000
37, 15, 20, 100.000000
37, 15, 21, 100.000000
37, 15, 22, 100.000000
37, 15, 23, 100.000000
37, 15, 24, 100.000000
37, 15, 25, 100.000000
37, 15, 26, 100.000000
37, 15, 27, 100.000000
37, 15, 28, 100.000000
37, 15, 29, 100.000000
37, 15, 30, 100.000000
37, 15, 31, 100.000000
37, 15, 32, 100.000000
37, 15, 33, 100.000000
37, 15, 34, 100.000000
37, 16, 0, 0.411047
37, 16, 1, -0.127215
37, 16, 2, -0.472975
37, 16, 3, -0.393761
37, 16, 4, -0.454975
37, 16, 5, -0.466366
37, 16, 6, -0.454645
37, 16, 7, -0.443194
37, 16, 8, -0.427362
37, 16, 9, -0.375259
37, 16, 10, -0.236095
37, 16, 11, 0.085809
37, 16, 12, 0.580761
37, 16, 13, 1.182805
37, 16, 14, 1.915985
37, 16, 15, 100.000000
37, 16, 16, 100.000000
37, 16, 17, 100.000000
37, 16, 18, 100.000000
37, 16, 19, 100.000000
37, 16, 20, 100.000000
37, 16, 21, 100.000000
37, 16, 22, 100.000000
37, 16, 23, 100.000000
37, 16, 24, 100.000000
37, 16, 25, 100.000000
37, 16, 26, 100.000000
37, 16, 27, 100.000000
37, 16, 28, 100.000000
37, 16, 29, 100.000000
37, 16, 30, 100.000000
37, 16, 31, 100.000000
37, 16, 32, 100.000000
37, 16, 33, 100.000000
37, 16, 34, 100.000000
37, 17, 0, 0.417539
37, 17, 1, -0.124352
37, 17, 2, -0.482315
37, 17, 3, -0.391374
37, 17, 4, -0.446010
37, 17, 5, -0.451820
37, 17, 6, -0.438933
37, 17, 7, -0.447806
37, 17, 8, -0.445176
37, 17, 9, -0.379712
37, 17, 10, -0.212380
37, 17, 11, 0.112494
37, 17, 12, 0.615220
37, 17, 13, 1.273784
37, 17, 14, 2.048652
37, 17, 15, 100.000000
37, 17, 16, 100.000000
37, 17, 17, 100.000000
37, 17, 18, 100.000000
37, 17, 19, 100.000000
37, 17, 20, 100.000000
37, 17, 21, 100.000000
37, 17, 22, 100.000000
37, 17, 23, 100.000000
37, 17, 24, 100.000000
37, 17, 25, 100.000000
37, 17, 26, 100.000000
37, 17, 27, 100.000000
37, 17, 28, 100.000000
37, 17, 29, 100.000000
37, 17, 30, 100.000000
37, 17, 31, 100.000000
37, 17, 32, 100.000000
37, 17, 33, 100.000000
37, 17, 34, 100.000000
37, 18, 0, 0.419492
37, 18, 1, -0.139269
37, 18, 2, -0.475364
37, 18, 3, -0.383541
37, 18, 4, -0.456236
37, 18, 5, -0.467697
37, 18, 6, -0.461900
37, 18, 7, -0.471330
37, 18, 8, -0.460586
37, 18, 9, -0.363666
37, 18, 10, -0.210637
37, 18, 11, 0.082177
37, 18, 12, 0.590848
37, 18, 13, 1.241899
37, 18, 14, 1.903377
37, 18, 15, 100.000000
37, 18, 16, 100.000000
37, 18, 17, 100.000000
37, 18, 18, 100.000000
37, 18, 19, 100.000000
37, 18, 20, 100.000000
37, 18, 21, 100.000000
37, 18, 22, 100.000000
37, 18, 23, 100.000000
37, 18, 24, 100.000000
37, 18, 25, 100.000000
37, 18, 26, 100.000000
37, 18, 27, 100.000000
37, 18, 28, 100.000000
37, 18, 29, 100.000000
37, 18, 30, 100.000000
37, 18, 31, 100.000000
37, 18, 32, 100.000000
37, 18, 33, 100.000000
37, 18, 34, 100.000000
37, 19, 0, 0.419243
37, 19, 1, -0.157116
37, 19, 2, -0.457487
37, 19, 3, -0.383024
37, 19, 4, -0.452448
37, 19, 5, -0.465794
37, 19, 6, -0.466775
37, 19, 7, -0.475395
37, 19, 8, -0.447545
37, 19, 9, -0.358977
37, 19, 10, -0.219064
37, 19, 11, 0.070557
37, 19, 12, 0.563246
37, 19, 13, 1.166109
37, 19, 14, 1.772902
37, 19, 15, 100.000000
37, 19, 16, 100.000000
37, 19, 17, 100.000000
37, 19, 18, 100.000000
37, 19, 19, 100.000000
37, 19, 20, 100.000000
37, 19, 21, 100.000000
37, 19, 22, 100.000000
37, 19, 23, 100.000000
37, 19, 24, 100.000000
37, 19, 25, 100.000000
37, 19, 26, 100.000000
37, 19, 27, 100.000000
37, 19, 28, 100.000000
37, 19, 29, 100.000000
37, 19, 30, 100.000000
37, 19, 31, 100.000000
37, 19, 32, 100.000000
37, 19, 33, 100.000000
37, 19, 34, 100.000000
37, 20, 0, 0.419127
37, 20, 1, -0.157591
37, 20, 2, -0.448792
37, 20, 3, -0.388693
37, 20, 4, -0.456059
37, 20, 5, -0.469916
37, 20, 6, -0.473001
37, 20, 7, -0.472211
37, 20, 8, -0.427397
37, 20, 9, -0.359763
37, 20, 10, -0.212527
37, 20, 11, 0.111430
37, 20, 12, 0.575927
37, 20, 13, 1.146148
37, 20, 14, 1.778221
37, 20, 15, 100.000000
37, 20, 16, 100.000000
37, 20, 17, 100.000000
37, 20, 18, 100.000000
37, 20, 19, 100.000000
37, 20, 20, 100.000000
37, 20, 21, 100.000000
37, 20, 22, 100.000000
37, 20, 23, 100.000000
37, 20, 24, 100.000000
37, 20, 25, 100.000000
37, 20, 26, 100.000000
37, 20, 27, 100.000000
37, 20, 28, 100.000000
37, 20, 29, 100.000000
37, 20, 30, 100.000000
37, 20, 31, 100.000000
37, 20, 32, 100.000000
37, 20, 33, 100.000000
37, 20, 34, 100.000000
37, 21, 0, 0.399859
37, 21, 1, -0.173792
37, 21, 2, -0.442506
37, 21, 3, -0.394401
37, 21, 4, -0.443412
37, 21, 5, -0.445609
37, 21, 6, -0.460973
37, 21, 7, -0.455596
37, 21, 8, -0.415605
37, 21, 9, -0.348920
37, 21, 10, -0.188411
37, 21, 11, 0.131599
37, 21, 12, 0.573512
37, 21, 13, 1.147072
37, 21, 14, 1.904387
37, 21, 15, 100.000000
37, 21, 16, 100.000000
37, 21, 17, 100.000000
37, 21, 18, 100.000000
37, 21, 19, 100.000000
37, 21, 20, 100.000000
37, 21, 21, 100.000000
37, 21, 22, 100.000000
37, 21, 23, 100.000000
37, 21, 24, 100.000000
37, 21, 25, 100.000000
37, 21, 26, 100.000000
37, 21, 27, 100.000000
37, 21, 28, 100.000000
37, 21, 29, 100.000000
37, 21, 30, 100.000000
37, 21, 31, 100.000000
37, 21, 32, 100.000000
37, 21, 33, 100.000000
37, 21, 34, 100.000000
37, 22, 0, 0.374989
37, 22, 1, -0.189086
37, 22, 2, -0.445624
37, 22, 3, -0.407438
37, 22, 4, -0.448633
37, 22, 5, -0.431923
37, 22, 6, -0.436940
37, 22, 7, -0.456732
37, 22, 8, -0.419942
37, 22, 9, -0.329201
37, 22, 10, -0.173943
37, 22, 11, 0.091382
37, 22, 12, 0.526908
37, 22, 13, 1.100668
37, 22, 14, 1.922863
37, 22, 15, 100.000000
37, 22, 16, 100.000000
37, 22, 17, 100.000000
37, 22, 18, 100.000000
37, 22, 19, 100.000000
37, 22, 20, 100.000000
37, 22, 21, 100.000000
37, 22, 22, 100.000000
37, 22, 23, 100.000000
37, 22, 24, 100.000000
37, 22, 25, 100.000000
37, 22, 26, 100.000000
37, 22, 27, 100.000000
37, 22, 28, 100.000000
37, 22, 29, 100.000000
37, 22, 30, 100.000000
37, 22, 31, 100.000000
37, 22, 32, 100.000000
37, 22, 33, 100.000000
37, 22, 34, 100.000000
37, 23, 0, 0.371947
37, 23, 1, -0.190327
37, 23, 2, -0.444270
37, 23, 3, -0.398573
37, 23, 4, -0.455454
37, 23, 5, -0.425742
37, 23, 6, -0.446779
37, 23, 7, -0.476269
37, 23, 8, -0.453700
37, 23, 9, -0.342766
37, 23, 10, -0.164318
37, 23, 11, 0.098239
37, 23, 12, 0.499298
37, 23, 13, 1.044903
37, 23, 14, 1.867840
37, 23, 15, 100.000000
37, 23, 16, 100.000000
37, 23, 17, 100.000000
37, 23, 18, 100.000000
37, 23, 19, 100.000000
37, 23, 20, 100.000000
37, 23, 21, 100.000000
37, 23, 22, 100.000000
37, 23, 23, 100.000000
37, 23, 24, 100.000000
37, 23, 25, 100.000000
37, 23, 26, 100.000000
37, 23, 27, 100.000000
37, 23, 28, 100.000000
37, 23, 29, 100.000000
37, 23, 30, 100.000000
37, 23, 31, 100.000000
37, 23, 32, 100.000000
37, 23, 33, 100.000000
37, 23, 34, 100.000000
37, 24, 0, 0.377113
37, 24, 1, -0.175673
37, 24, 2, -0.437256
37, 24, 3, -0.386291
37, 24, 4, -0.437779
37, 24, 5, -0.442181
37, 24, 6, -0.474980
37, 24, 7, -0.454192
37, 24, 8, -0.458675
37, 24, 9, -0.376626
37, 24, 10, -0.175168
37, 24, 11, 0.149987
37, 24, 12, 0.592326
37, 24, 13, 1.144060
37, 24, 14, 1.956796
37, 24, 15, 100.000000
37, 24, 16, 100.000000
37, 24, 17, 100.000000
37, 24, 18, 100.000000
37, 24, 19, 100.000000
37, 24, 20, 100.000000
37, 24, 21, 100.000000
37, 24, 22, 100.000000
37, 24, 23, 100.000000
37, 24, 24, 100.000000
37, 24, 25, 100.000000
37, 24, 26, 100.000000
37, 24, 27, 100.000000
37, 24, 28, 100.000000
37, 24, 29, 100.000000
37, 24, 30, 100.000000
37, 24, 31, 100.000000
37, 24, 32, 100.000000
37, 24, 33, 100.000000
37, 24, 34, 100.000000
37, 25, 0, 0.401231
37, 25, 1, -0.157090
37, 25, 2, -0.444368
37, 25, 3, -0.395637
37, 25, 4, -0.430122
37, 25, 5, -0.458062
37, 25, 6, -0.460954
37, 25, 7, -0.455876
37, 25, 8, -0.465368
37, 25, 9, -0.354614
37, 25, 10, -0.138424
37, 25, 11, 0.202375
37, 25, 12, 0.715951
37, 25, 13, 1.285625
37, 25, 14, 2.059307
37, 25, 15, 100.000000
37, 25, 16, 100.000000
37, 25, 17, 100.000000
37, 25, 18, 100.000000
37, 25, 19, 100.000000
37, 25, 20, 100.000000
37, 25, 21, 100.000000
37, 25, 22, 100.000000
37, 25, 23, 100.000000
37, 25, 24, 100.000000
37, 25, 25, 100.000000
37, 25, 26, 100.000000
37, 25, 27, 100.000000
37, 25, 28, 100.000000
37, 25, 29, 100.000000
37, 25, 30, 100.000000
37, 25, 31, 100.000000
37, 25, 32, 100.000000
37, 25, 33, 100.000000
37, 25, 34, 100.000000
37, 26, 0, 0.408352
37, 26, 1, -0.138884
37, 26, 2, -0.435909
37, 26, 3, -0.427523
37, 26, 4, -0.436585
37, 26, 5, -0.455998
37, 26, 6, -0.481600
37, 26, 7, -0.462486
37, 26, 8, -0.456216
37, 26, 9, -0.309203
37, 26, 10, -0.098327
37, 26, 11, 0.214375
37, 26, 12, 0.745532
37, 26, 13, 1.392516
37, 26, 14, 2.234658
37, 26, 15, 100.000000
37, 26, 16, 100.000000
37, 26, 17, 100.000000
37, 26, 18, 100.000000
37, 26, 19, 100.000000
37, 26, 20, 100.000000
37, 26, 21, 100.000000
37, 26, 22, 100.000000
37, 26, 23, 100.000000
37, 26, 24, 100.000000
37, 26, 25, 100.000000
37, 26, 26, 100.000000
37, 26, 27, 100.000000
37, 26, 28, 100.000000
37, 26, 29, 100.000000
37, 26, 30, 100.000000
37, 26, 31, 100.000000
37, 26, 32, 100.000000
37, 26, 33, 100.000000
37, 26, 34, 100.000000
37, 27, 0, 0.394668
37, 27, 1, -0.124329
37, 27, 2, -0.386883
37, 27, 3, -0.436868
37, 27, 4, -0.470658
37, 27, 5, -0.459624
37, 27, 6, -0.447835
37, 27, 7, -0.446832
37, 27, 8, -0.441361
37, 27, 9, -0.317377
37, 27, 10, -0.114397
37, 27, 11, 0.190420
37, 27, 12, 0.696615
37, 27, 13, 1.293983
37, 27, 14, 1.975443
37, 27, 15, 100.000000
37, 27, 16, 100.000000
37, 27, 17, 100.000000
37, 27, 18, 100.000000
37, 27, 19, 100.000000
37, 27, 20, 100.000000
37, 27, 21, 100.000000
37, 27, 22, 100.000000
37, 27, 23, 100.000000
37, 27, 24, 100.000000
37, 27, 25, 100.000000
37, 27, 26, 100.000000
37, 27, 27, 100.000000
37, 27, 28, 100.000000
37, 27, 29, 100.000000
37, 27, 30, 100.000000
37, 27, 31, 100.000000
37, 27, 32, 100.000000
37, 27, 33, 100.000000
37, 27, 34, 100.000000
37, 28, 0, 0.384872
37, 28, 1, -0.109288
37, 28, 2, -0.300309
37, 28, 3, -0.338973
37, 28, 4, -0.389413
37, 28, 5, -0.446641
37, 28, 6, -0.454540
37, 28, 7, -0.450739
37, 28, 8, -0.387041
37, 28, 9, -0.282616
37, 28, 10, -0.130690
37, 28, 11, 0.167479
37, 28, 12, 0.627040
37, 28, 13, 1.149173
37, 28, 14, 1.804386
37, 28, 15, 100.000000
37, 28, 16, 100.000000
37, 28, 17, 100.000000
37, 28, 18, 100.000000
37, 28, 19, 100.000000
37, 28, 20, 100.000000
37, 28, 21, 100.000000
37, 28, 22, 100.000000
37, 28, 23, 100.000000
37, 28, 24, 100.000000
37, 28, 25, 100.000000
37, 28, 26, 100.000000
37, 28, 27, 100.000000
37, 28, 28, 100.000000
37, 28, 29, 100.000000
37, 28, 30, 100.000000
37, 28, 31, 100.000000
37, 28, 32, 100.000000
37, 28, 33, 100.000000
37, 28, 34, 100.000000
37, 29, 0, 0.414427
37, 29, 1, 0.037736
37, 29, 2, -0.041627
37, 29, 3, -0.040365
37, 29, 4, -0.061805
37, 29, 5, -0.104213
37, 29, 6, -0.132751
37, 29, 7, -0.130768
37, 29, 8, -0.069707
37, 29, 9, 0.010035
37, 29, 10, 0.106003
37, 29, 11, 0.311835
37, 29, 12, 0.679584
37, 29, 13, 1.224356
37, 29, 14, 1.973500
37, 29, 15, 100.000000
37, 29, 16, 100.000000
37, 29, 17, 100.000000
37, 29, 18, 100.000000
37, 29, 19, 100.000000
37, 29, 20, 100.000000
37, 29, 21, 100.000000
37, 29, 22, 100.000000
37, 29, 23, 100.000000
37, 29, 24, 100.000000
37, 29, 25, 100.000000
37, 29, 26, 100.000000
37, 29, 27, 100.000000
37, 29, 28, 100.000000
37, 29, 29, 100.000000
37, 29, 30, 100.000000
37, 29, 31, 100.000000
37, 29, 32, 100.000000
37, 29, 33, 100.000000
37, 29, 34, 100.000000
38, 0, 0, 0.805108
38, 0, 1, 0.578103
38, 0, 2, 0.524989
38, 0, 3, 0.511126
38, 0, 4, 0.482408
38, 0, 5, 0.459521
38, 0, 6, 0.457973
38, 0, 7, 0.457780
38, 0, 8, 0.452487
38, 0, 9, 0.481721
38, 0, 10, 0.521947
38, 0, 11, 0.683786
38, 0, 12, 1.069099
38, 0, 13, 1.699541
38, 0, 14, 2.494236
38, 0, 15, 100.000000
38, 0, 16, 100.000000
38, 0, 17, 100.000000
38, 0, 18, 100.000000
38, 0, 19, 100.000000
38, 0, 20, 100.000000
38, 0, 21, 100.000000
38, 0, 22, 100.000000
38, 0, 23, 100.000000
38, 0, 24, 100.000000
38, 0, 25, 100.000000
38, 0, 26, 100.000000
38, 0, 27, 100.000000
38, 0, 28, 100.000000
38, 0, 29, 100.000000
38, 0, 30, 100.000000
38, 0, 31, 100.000000
38, 0, 32, 100.000000
38, 0, 33, 100.000000
38, 0, 34, 100.000000
38, 1, 0, 0.541504
38, 1, 1, 0.125204
38, 1, 2, -0.037442
38, 1, 3, -0.055374
38, 1, 4, -0.058039
38, 1, 5, -0.054003
38, 1, 6, -0.048065
38, 1, 7, -0.032851
38, 1, 8, -0.009369
38, 1, 9, 0.037900
38, 1, 10, 0.128985
38, 1, 11, 0.361047
38, 1, 12, 0.818155
38, 1, 13, 1.529923
38, 1, 14, 2.379080
38, 1, 15, 100.000000
38, 1, 16, 100.000000
38, 1, 17, 100.000000
38, 1, 18, 100.000000
38, 1, 19, 100.000000
38, 1, 20, 100.000000
38, 1, 21, 100.000000
38, 1, 22, 100.000000
38, 1, 23, 100.000000
38, 1, 24, 100.000000
38, 1, 25, 100.000000
38, 1, 26, 100.000000
38, 1, 27, 100.000000
38, 1, 28, 100.000000
38, 1, 29, 100.000000
38, 1, 30, 100.000000
38, 1, 31, 100.000000
38, 1, 32, 100.000000
38, 1, 33, 100.000000
38, 1, 34, 100.000000
38, 2, 0, 0.434493
38, 2, 1, -0.100259
38, 2, 2, -0.410302
38, 2, 3, -0.392317
38, 2, 4, -0.381259
38, 2, 5, -0.375839
38, 2, 6, -0.353567
38, 2, 7, -0.319208
38, 2, 8, -0.264561
38, 2, 9, -0.198705
38, 2, 10, -0.065166
38, 2, 11, 0.248890
38, 2, 12, 0.763851
38, 2, 13, 1.455808
38, 2, 14, 2.242698
38, 2, 15, 100.000000
38, 2, 16, 100.000000
38, 2, 17, 100.000000
38, 2, 18, 100.000000
38, 2, 19, 100.000000
38, 2, 20, 100.000000
38, 2, 21, 100.000000
38, 2, 22, 100.000000
38, 2, 23, 100.000000
38, 2, 24, 100.000000
38, 2, 25, 100.000000
38, 2, 26, 100.000000
38, 2, 27, 100.000000
38, 2, 28, 100.000000
38, 2, 29, 100.000000
38, 2, 30, 100.000000
38, 2, 31, 100.000000
38, 2, 32, 100.000000
38, 2, 33, 100.000000
38, 2, 34, 100.000000
38, 3, 0, 0.394430
38, 3, 1, -0.153613
38, 3, 2, -0.435425
38, 3, 3, -0.429227
38, 3, 4, -0.461449
38, 3, 5, -0.448664
38, 3, 6, -0.421468
38, 3, 7, -0.403985
38, 3, 8, -0.357345
38, 3, 9, -0.281536
38, 3, 10, -0.100601
38, 3, 11, 0.253356
38, 3, 12, 0.779459
38, 3, 13, 1.407350
38, 3, 14, 2.047595
38, 3, 15, 100.000000
38, 3, 16, 100.000000
38, 3, 17, 100.000000
38, 3, 18, 100.000000
38, 3, 19, 100.000000
38, 3, 20, 100.000000
38, 3, 21, 100.000000
38, 3, 22, 100.000000
38, 3, 23, 100.000000
38, 3, 24, 100.000000
38, 3, 25, 100.000000
38, 3, 26, 100.000000
38, 3, 27, 100.000000
38, 3, 28, 100.000000
38, 3, 29, 100.000000
38, 3, 30, 100.000000
38, 3, 31, 100.000000
38, 3, 32, 100.000000
38, 3, 33, 100.000000
38, 3, 34, 100.000000
38, 4, 0, 0.381250
38, 4, 1, -0.159138
38, 4, 2, -0.431572
38, 4, 3, -0.436507
38, 4, 4, -0.446652
38, 4, 5, -0.444885
38, 4, 6, -0.443612
38, 4, 7, -0.417816
38, 4, 8, -0.361465
38, 4, 9, -0.254022
38, 4, 10, -0.044930
38, 4, 11, 0.297946
38, 4, 12, 0.775159
38, 4, 13, 1.229788
38, 4, 14, 2.050975
38, 4, 15, 100.000000
38, 4, 16, 100.000000
38, 4, 17, 100.000000
38, 4, 18, 100.000000
38, 4, 19, 100.000000
38, 4, 20, 100.000000
38, 4, 21, 100.000000
38, 4, 22, 100.000000
38, 4, 23, 100.000000
38, 4, 24, 100.000000
38, 4, 25, 100.000000
38, 4, 26, 100.000000
38, 4, 27, 100.000000
38, 4, 28, 100.000000
38, 4, 29, 100.000000
38, 4, 30, 100.000000
38, 4, 31, 100.000000
38, 4, 32, 100.000000
38, 4, 33, 100.000000
38, 4, 34, 100.000000
38, 5, 0, 0.380920
38, 5, 1, -0.156363
38, 5, 2, -0.461936
38, 5, 3, -0.447897
38, 5, 4, -0.465821
38, 5, 5, -0.462382
38, 5, 6, -0.448509
38, 5, 7, -0.415113
38, 5, 8, -0.347038
38, 5, 9, -0.238171
38, 5, 10, -0.020148
38, 5, 11, 0.322721
38, 5, 12, 0.772224
38, 5, 13, 1.213913
38, 5, 14, 2.044982
38, 5, 15, 100.000000
38, 5, 16, 100.000000
38, 5, 17, 100.000000
38, 5, 18, 100.000000
38, 5, 19, 100.000000
38, 5, 20, 100.000000
38, 5, 21, 100.000000
38, 5, 22, 100.000000
38, 5, 23, 100.000000
38, 5, 24, 100.000000
38, 5, 25, 100.000000
38, 5, 26, 100.000000
38, 5, 27, 100.000000
38, 5, 28, 100.000000
38, 5, 29, 100.000000
38, 5, 30, 100.000000
38, 5, 31, 100.000000
38, 5, 32, 100.000000
38, 5, 33, 100.000000
38, 5, 34, 100.000000
38, 6, 0, 0.392991
38, 6, 1, -0.158911
38, 6, 2, -0.474345
38, 6, 3, -0.459379
38, 6, 4, -0.473222
38, 6, 5, -0.469623
38, 6, 6, -0.444432
38, 6, 7, -0.413551
38, 6, 8, -0.347601
38, 6, 9, -0.245553
38, 6, 10, -0.030785
38, 6, 11, 0.316934
38, 6, 12, 0.812362
38, 6, 13, 1.317171
38, 6, 14, 2.106008
38, 6, 15, 100.000000
38, 6, 16, 100.000000
38, 6, 17, 100.000000
38, 6, 18, 100.000000
38, 6, 19, 100.000000
38, 6, 20, 100.000000
38, 6, 21, 100.000000
38, 6, 22, 100.000000
38, 6, 23, 100.000000
38, 6, 24, 100.000000
38, 6, 25, 100.000000
38, 6, 26, 100.000000
38, 6, 27, 100.000000
38, 6, 28, 100.000000
38, 6, 29, 100.000000
38, 6, 30, 100.000000
38, 6, 31, 100.000000
38, 6, 32, 100.000000
38, 6, 33, 100.000000
38, 6, 34, 100.000000
38, 7, 0, 0.394113
38, 7, 1, -0.161285
38, 7, 2, -0.451232
38, 7, 3, -0.437804
38, 7, 4, -0.480434
38, 7, 5, -0.468208
38, 7, 6, -0.453768
38, 7, 7, -0.423629
38, 7, 8, -0.364810
38, 7, 9, -0.252579
38, 7, 10, -0.048076
38, 7, 11, 0.312390
38, 7, 12, 0.802217
38, 7, 13, 1.412371
38, 7, 14, 2.425927
38, 7, 15, 100.000000
38, 7, 16, 100.000000
38, 7, 17, 100.000000
38, 7, 18, 100.000000
38, 7, 19, 100.000000
38, 7, 20, 100.000000
38, 7, 21, 100.000000
38, 7, 22, 100.000000
38, 7, 23, 100.000000
38, 7, 24, 100.000000
38, 7, 25, 100.000000
38, 7, 26, 100.000000
38, 7, 27, 100.000000
38, 7, 28, 100.000000
38, 7, 29, 100.000000
38, 7, 30, 100.000000
38, 7, 31, 100.000000
38, 7, 32, 100.000000
38, 7, 33, 100.000000
38, 7, 34, 100.000000
38, 8, 0, 0.401855
38, 8, 1, -0.135531
38, 8, 2, -0.447851
38, 8, 3, -0.402236
38, 8, 4, -0.456234
38, 8, 5, -0.460836
38, 8, 6, -0.456218
38, 8, 7, -0.418442
38, 8, 8, -0.383318
38, 8, 9, -0.275410
38, 8, 10, -0.061924
38, 8, 11, 0.322648
38, 8, 12, 0.741545
38, 8, 13, 1.357556
38, 8, 14, 2.091889
38, 8, 15, 100.000000
38, 8, 16, 100.000000
38, 8, 17, 100.000000
38, 8, 18, 100.000000
38, 8, 19, 100.000000
38, 8, 20, 100.000000
38, 8, 21, 100.000000
38, 8, 22, 100.000000
38, 8, 23, 100.000000
38, 8, 24, 100.000000
38, 8, 25, 100.000000
38, 8, 26, 100.000000
38, 8, 27, 100.000000
38, 8, 28, 100.000000
38, 8, 29, 100.000000
38, 8, 30, 100.000000
38, 8, 31, 100.000000
38, 8, 32, 100.000000
38, 8, 33, 100.000000
38, 8, 34, 100.000000
38, 9, 0, 0.400079
38, 9, 1, -0.117236
38, 9, 2, -0.446417
38, 9, 3, -0.418104
38, 9, 4, -0.417737
38, 9, 5, -0.459494
38, 9, 6, -0.459282
38, 9, 7, -0.412785
38, 9, 8, -0.380221
38, 9, 9, -0.297651
38, 9, 10, -0.095838
38, 9, 11, 0.259411
38, 9, 12, 0.668622
38, 9, 13, 1.150498
38, 9, 14, 1.826735
38, 9, 15, 100.000000
38, 9, 16, 100.000000
38, 9, 17, 100.000000
38, 9, 18, 100.000000
38, 9, 19, 100.000000
38, 9, 20, 100.000000
38, 9, 21, 100.000000
38, 9, 22, 100.000000
38, 9, 23, 100.000000
38, 9, 24, 100.000000
38, 9, 25, 100.000000
38, 9, 26, 100.000000
38, 9, 27, 100.000000
38, 9, 28, 100.000000
38, 9, 29, 100.000000
38, 9, 30, 100.000000
38, 9, 31, 100.000000
38, 9, 32, 100.000000
38, 9, 33, 100.000000
38, 9, 34, 100.000000
38, 10, 0, 0.394367
38, 10, 1, -0.123987
38, 10, 2, -0.418861
38, 10, 3, -0.433152
38, 10, 4, -0.408904
38, 10, 5, -0.456252
38, 10, 6, -0.453583
38, 10, 7, -0.423696
38, 10, 8, -0.374181
38, 10, 9, -0.319342
38, 10, 10, -0.154971
38, 10, 11, 0.182374
38, 10, 12, 0.625030
38, 10, 13, 1.149779
38, 10, 14, 1.851808
38, 10, 15, 100.000000
38, 10, 16, 100.000000
38, 10, 17, 100.000000
38, 10, 18, 100.000000
38, 10, 19, 100.000000
38, 10, 20, 100.000000
38, 10, 21, 100.000000
38, 10, 22, 100.000000
38, 10, 23, 100.000000
38, 10, 24, 100.000000
38, 10, 25, 100.000000
38, 10, 26, 100.000000
38, 10, 27, 100.000000
38, 10, 28, 100.000000
38, 10, 29, 100.000000
38, 10, 30, 100.000000
38, 10, 31, 100.000000
38, 10, 32, 100.000000
38, 10, 33, 100.000000
38, 10, 34, 100.000000
38, 11, 0, 0.406372
38, 11, 1, -0.134520
38, 11, 2, -0.437260
38, 11, 3, -0.457601
38, 11, 4, -0.415776
38, 11, 5, -0.437653
38, 11, 6, -0.476840
38, 11, 7, -0.462251
38, 11, 8, -0.404053
38, 11, 9, -0.344582
38, 11, 10, -0.198594
38, 11, 11, 0.122608
38, 11, 12, 0.590796
38, 11, 13, 1.181889
38, 11, 14, 1.937278
38, 11, 15, 100.000000
38, 11, 16, 100.000000
38, 11, 17, 100.000000
38, 11, 18, 100.000000
38, 11, 19, 100.000000
38, 11, 20, 100.000000
38, 11, 21, 100.000000
38, 11, 22, 100.000000
38, 11, 23, 100.000000
38, 11, 24, 100.000000
38, 11, 25, 100.000000
38, 11, 26, 100.000000
38, 11, 27, 100.000000
38, 11, 28, 100.000000
38, 11, 29, 100.000000
38, 11, 30, 100.000000
38, 11, 31, 100.000000
38, 11, 32, 100.000000
38, 11, 33, 100.000000
38, 11, 34, 100.000000
38, 12, 0, 0.423769
38, 12, 1, -0.126295
38, 12, 2, -0.443704
38, 12, 3, -0.441999
38, 12, 4, -0.432292
38, 12, 5, -0.424290
38, 12, 6, -0.460117
38, 12, 7, -0.467235
38, 12, 8, -0.420467
38, 12, 9, -0.368592
38, 12, 10, -0.240389
38, 12, 11, 0.070510
38, 12, 12, 0.571080
38, 12, 13, 1.178329
38, 12, 14, 1.940322
38, 12, 15, 100.000000
38, 12, 16, 100.000000
38, 12, 17, 100.000000
38, 12, 18, 100.000000
38, 12, 19, 100.000000
38, 12, 20, 100.000000
38, 12, 21, 100.000000
38, 12, 22, 100.000000
38, 12, 23, 100.000000
38, 12, 24, 100.000000
38, 12, 25, 100.000000
38, 12, 26, 100.000000
38, 12, 27, 100.000000
38, 12, 28, 100.000000
38, 12, 29, 100.000000
38, 12, 30, 100.000000
38, 12, 31, 100.000000
38, 12, 32, 100.000000
38, 12, 33, 100.000000
38, 12, 34, 100.000000
38, 13, 0, 0.429745
38, 13, 1, -0.123906
38, 13, 2, -0.483300
38, 13, 3, -0.403097
38, 13, 4, -0.407559
38, 13, 5, -0.429530
38, 13, 6, -0.456328
38, 13, 7, -0.460589
38, 13, 8, -0.409688
38, 13, 9, -0.352205
38, 13, 10, -0.260142
38, 13, 11, 0.036928
38, 13, 12, 0.532259
38, 13, 13, 1.167993
38, 13, 14, 1.882300
38, 13, 15, 100.000000
38, 13, 16, 100.000000
38, 13, 17, 100.000000
38, 13, 18, 100.000000
38, 13, 19, 100.000000
38, 13, 20, 100.000000
38, 13, 21, 100.000000
38, 13, 22, 100.000000
38, 13, 23, 100.000000
38, 13, 24, 100.000000
38, 13, 25, 100.000000
38, 13, 26, 100.000000
38, 13, 27, 100.000000
38, 13, 28, 100.000000
38, 13, 29, 100.000000
38, 13, 30, 100.000000
38, 13, 31, 100.000000
38, 13, 32, 100.000000
38, 13, 33, 100.000000
38, 13, 34, 100.000000
38, 14, 0, 0.431844
38, 14, 1, -0.127069
38, 14, 2, -0.479051
38, 14, 3, -0.378188
38, 14, 4, -0.426054
38, 14, 5, -0.462903
38, 14, 6, -0.476902
38, 14, 7, -0.473953
38, 14, 8, -0.421349
38, 14, 9, -0.358585
38, 14, 10, -0.272045
38, 14, 11, 0.017512
38, 14, 12, 0.491705
38, 14, 13, 1.149865
38, 14, 14, 1.895160
38, 14, 15, 100.000000
38, 14, 16, 100.000000
38, 14, 17, 100.000000
38, 14, 18, 100.000000
38, 14, 19, 100.000000
38, 14, 20, 100.000000
38, 14, 21, 100.000000
38, 14, 22, 100.000000
38, 14, 23, 100.000000
38, 14, 24, 100.000000
38, 14, 25, 100.000000
38, 14, 26, 100.000000
38, 14, 27, 100.000000
38, 14, 28, 100.000000
38, 14, 29, 100.000000
38, 14, 30, 100.000000
38, 14, 31, 100.000000
38, 14, 32, 100.000000
38, 14, 33, 100.000000
38, 14, 34, 100.000000
38, 15, 0, 0.417396
38, 15, 1, -0.143972
38, 15, 2, -0.467609
38, 15, 3, -0.375210
38, 15, 4, -0.456434
38, 15, 5, -0.464684
38, 15, 6, -0.456724
38, 15, 7, -0.461476
38, 15, 8, -0.424748
38, 15, 9, -0.374693
38, 15, 10, -0.294473
38, 15, 11, -0.007227
38, 15, 12, 0.462200
38, 15, 13, 1.079522
38, 15, 14, 1.794651
38, 15, 15, 100.000000
38, 15, 16, 100.000000
38, 15, 17, 100.000000
38, 15, 18, 100.000000
38, 15, 19, 100.000000
38, 15, 20, 100.000000
38, 15, 21, 100.000000
38, 15, 22, 100.000000
38, 15, 23, 100.000000
38, 15, 24, 100.000000
38, 15, 25, 100.000000
38, 15, 26, 100.000000
38, 15, 27, 100.000000
38, 15, 28, 100.000000
38, 15, 29, 100.000000
38, 15, 30, 100.000000
38, 15, 31, 100.000000
38, 15, 32, 100.000000
38, 15, 33, 100.000000
38, 15, 34, 100.000000
38, 16, 0, 0.413778
38, 16, 1, -0.139629
38, 16, 2, -0.457466
38, 16, 3, -0.395967
38, 16, 4, -0.467406
38, 16, 5, -0.480388
38, 16, 6, -0.463478
38, 16, 7, -0.475800
38, 16, 8, -0.456462
38, 16, 9, -0.380509
38, 16, 10, -0.270529
38, 16, 11, 0.028744
38, 16, 12, 0.504781
38, 16, 13, 1.102807
38, 16, 14, 1.722441
38, 16, 15, 100.000000
38, 16, 16, 100.000000
38, 16, 17, 100.000000
38, 16, 18, 100.000000
38, 16, 19, 100.000000
38, 16, 20, 100.000000
38, 16, 21, 100.000000
38, 16, 22, 100.000000
38, 16, 23, 100.000000
38, 16, 24, 100.000000
38, 16, 25, 100.000000
38, 16, 26, 100.000000
38, 16, 27, 100.000000
38, 16, 28, 100.000000
38, 16, 29, 100.000000
38, 16, 30, 100.000000
38, 16, 31, 100.000000
38, 16, 32, 100.000000
38, 16, 33, 100.000000
38, 16, 34, 100.000000
38, 17, 0, 0.418680
38, 17, 1, -0.130984
38, 17, 2, -0.478634
38, 17, 3, -0.396185
38, 17, 4, -0.449672
38, 17, 5, -0.445502
38, 17, 6, -0.446559
38, 17, 7, -0.453205
38, 17, 8, -0.452482
38, 17, 9, -0.376510
38, 17, 10, -0.217651
38, 17, 11, 0.085243
38, 17, 12, 0.573979
38, 17, 13, 1.168175
38, 17, 14, 1.803989
38, 17, 15, 100.000000
38, 17, 16, 100.000000
38, 17, 17, 100.000000
38, 17, 18, 100.000000
38, 17, 19, 100.000000
38, 17, 20, 100.000000
38, 17, 21, 100.000000
38, 17, 22, 100.000000
38, 17, 23, 100.000000
38, 17, 24, 100.000000
38, 17, 25, 100.000000
38, 17, 26, 100.000000
38, 17, 27, 100.000000
38, 17, 28, 100.000000
38, 17, 29, 100.000000
38, 17, 30, 100.000000
38, 17, 31, 100.000000
38, 17, 32, 100.000000
38, 17, 33, 100.000000
38, 17, 34, 100.000000
38, 18, 0, 0.421014
38, 18, 1, -0.132434
38, 18, 2, -0.467202
38, 18, 3, -0.379801
38, 18, 4, -0.452209
38, 18, 5, -0.465789
38, 18, 6, -0.470988
38, 18, 7, -0.493516
38, 18, 8, -0.446674
38, 18, 9, -0.345149
38, 18, 10, -0.211600
38, 18, 11, 0.083052
38, 18, 12, 0.587383
38, 18, 13, 1.191193
38, 18, 14, 1.784337
38, 18, 15, 100.000000
38, 18, 16, 100.000000
38, 18, 17, 100.000000
38, 18, 18, 100.000000
38, 18, 19, 100.000000
38, 18, 20, 100.000000
38, 18, 21, 100.000000
38, 18, 22, 100.000000
38, 18, 23, 100.000000
38, 18, 24, 100.000000
38, 18, 25, 100.000000
38, 18, 26, 100.000000
38, 18, 27, 100.000000
38, 18, 28, 100.000000
38, 18, 29, 100.000000
38, 18, 30, 100.000000
38, 18, 31, 100.000000
38, 18, 32, 100.000000
38, 18, 33, 100.000000
38, 18, 34, 100.000000
38, 19, 0, 0.421733
38, 19, 1, -0.146741
38, 19, 2, -0.448476
38, 19, 3, -0.365551
38, 19, 4, -0.456821
38, 19, 5, -0.473645
38, 19, 6, -0.482026
38, 19, 7, -0.488288
38, 19, 8, -0.421026
38, 19, 9, -0.353730
38, 19, 10, -0.229278
38, 19, 11, 0.058111
38, 19, 12, 0.552125
38, 19, 13, 1.147389
38, 19, 14, 1.846698
38, 19, 15, 100.000000
38, 19, 16, 100.000000
38, 19, 17, 100.000000
38, 19, 18, 100.000000
38, 19, 19, 100.000000
38, 19, 20, 100.000000
38, 19, 21, 100.000000
38, 19, 22, 100.000000
38, 19, 23, 100.000000
38, 19, 24, 100.000000
38, 19, 25, 100.000000
38, 19, 26, 100.000000
38, 19, 27, 100.000000
38, 19, 28, 100.000000
38, 19, 29, 100.000000
38, 19, 30, 100.000000
38, 19, 31, 100.000000
38, 19, 32, 100.000000
38, 19, 33, 100.000000
38, 19, 34, 100.000000
38, 20, 0, 0.403799
38, 20, 1, -0.160249
38, 20, 2, -0.457188
38, 20, 3, -0.375689
38, 20, 4, -0.439236
38, 20, 5, -0.451815
38, 20, 6, -0.479876
38, 20, 7, -0.482385
38, 20, 8, -0.419103
38, 20, 9, -0.351981
38, 20, 10, -0.232975
38, 20, 11, 0.070007
38, 20, 12, 0.521356
38, 20, 13, 1.050076
38, 20, 14, 1.820350
38, 20, 15, 100.000000
38, 20, 16, 100.000000
38, 20, 17, 100.000000
38, 20, 18, 100.000000
38, 20, 19, 100.000000
38, 20, 20, 100.000000
38, 20, 21, 100.000000
38, 20, 22, 100.000000
38, 20, 23, 100.000000
38, 20, 24, 100.000000
38, 20, 25, 100.000000
38, 20, 26, 100.000000
38, 20, 27, 100.000000
38, 20, 28, 100.000000
38, 20, 29, 100.000000
38, 20, 30, 100.000000
38, 20, 31, 100.000000
38, 20, 32, 100.000000
38, 20, 33, 100.000000
38, 20, 34, 100.000000
38, 21, 0, 0.383445
38, 21, 1, -0.184263
38, 21, 2, -0.446073
38, 21, 3, -0.395616
38, 21, 4, -0.447097
38, 21, 5, -0.433782
38, 21, 6, -0.440857
38, 21, 7, -0.453507
38, 21, 8, -0.399452
38, 21, 9, -0.339882
38, 21, 10, -0.221710
38, 21, 11, 0.075236
38, 21, 12, 0.516456
38, 21, 13, 1.067597
38, 21, 14, 1.910932
38, 21, 15, 100.000000
38, 21, 16, 100.000000
38, 21, 17, 100.000000
38, 21, 18, 100.000000
38, 21, 19, 100.000000
38, 21, 20, 100.000000
38, 21, 21, 100.000000
38, 21, 22, 100.000000
38, 21, 23, 100.000000
38, 21, 24, 100.000000
38, 21, 25, 100.000000
38, 21, 26, 100.000000
38, 21, 27, 100.000000
38, 21, 28, 100.000000
38, 21, 29, 100.000000
38, 21, 30, 100.000000
38, 21, 31, 100.000000
38, 21, 32, 100.000000
38, 21, 33, 100.000000
38, 21, 34, 100.000000
38, 22, 0, 0.381041
38, 22, 1, -0.195888
38, 22, 2, -0.443364
38, 22, 3, -0.416107
38, 22, 4, -0.479644
38, 22, 5, -0.460971
38, 22, 6, -0.461747
38, 22, 7, -0.461701
38, 22, 8, -0.392489
38, 22, 9, -0.318939
38, 22, 10, -0.195358
38, 22, 11, 0.047298
38, 22, 12, 0.479218
38, 22, 13, 1.039413
38, 22, 14, 1.788803
38, 22, 15, 100.000000
38, 22, 16, 100.000000
38, 22, 17, 100.000000
38, 22, 18, 100.000000
38, 22, 19, 100.000000
38, 22, 20, 100.000000
38, 22, 21, 100.000000
38, 22, 22, 100.000000
38, 22, 23, 100.000000
38, 22, 24, 100.000000
38, 22, 25, 100.000000
38, 22, 26, 100.000000
38, 22, 27, 100.000000
38, 22, 28, 100.000000
38, 22, 29, 100.000000
38, 22, 30, 100.000000
38, 22, 31, 100.000000
38, 22, 32, 100.000000
38, 22, 33, 100.000000
38, 22, 34, 100.000000
38, 23, 0, 0.395361
38, 23, 1, -0.178361
38, 23, 2, -0.440930
38, 23, 3, -0.402935
38, 23, 4, -0.474911
38, 23, 5, -0.443065
38, 23, 6, -0.451928
38, 23, 7, -0.455099
38, 23, 8, -0.436432
38, 23, 9, -0.335955
38, 23, 10, -0.188965
38, 23, 11, 0.053716
38, 23, 12, 0.477094
38, 23, 13, 1.015465
38, 23, 14, 1.708846
38, 23, 15, 100.000000
38, 23, 16, 100.000000
38, 23, 17, 100.000000
38, 23, 18, 100.000000
38, 23, 19, 100.000000
38, 23, 20, 100.000000
38, 23, 21, 100.000000
38, 23, 22, 100.000000
38, 23, 23, 100.000000
38, 23, 24, 100.000000
38, 23, 25, 100.000000
38, 23, 26, 100.000000
38, 23, 27, 100.000000
38, 23, 28, 100.000000
38, 23, 29, 100.000000
38, 23, 30, 100.000000
38, 23, 31, 100.000000
38, 23, 32, 100.000000
38, 23, 33, 100.000000
38, 23, 34, 100.000000
38, 24, 0, 0.410297
38, 24, 1, -0.159848
38, 24, 2, -0.456126
38, 24, 3, -0.375647
38, 24, 4, -0.448207
38, 24, 5, -0.459611
38, 24, 6, -0.440252
38, 24, 7, -0.439997
38, 24, 8, -0.447421
38, 24, 9, -0.375343
38, 24, 10, -0.202926
38, 24, 11, 0.087277
38, 24, 12, 0.539604
38, 24, 13, 1.070512
38, 24, 14, 1.779729
38, 24, 15, 100.000000
38, 24, 16, 100.000000
38, 24, 17, 100.000000
38, 24, 18, 100.000000
38, 24, 19, 100.000000
38, 24, 20, 100.000000
38, 24, 21, 100.000000
38, 24, 22, 100.000000
38, 24, 23, 100.000000
38, 24, 24, 100.000000
38, 24, 25, 100.000000
38, 24, 26, 100.000000
38, 24, 27, 100.000000
38, 24, 28, 100.000000
38, 24, 29, 100.000000
38, 24, 30, 100.000000
38, 24, 31, 100.000000
38, 24, 32, 100.000000
38, 24, 33, 100.000000
38, 24, 34, 100.000000
38, 25, 0, 0.410486
38, 25, 1, -0.155520
38, 25, 2, -0.455092
38, 25, 3, -0.383407
38, 25, 4, -0.433119
38, 25, 5, -0.456546
38, 25, 6, -0.453087
38, 25, 7, -0.462293
38, 25, 8, -0.461382
38, 25, 9, -0.344172
38, 25, 10, -0.162910
38, 25, 11, 0.128725
38, 25, 12, 0.620199
38, 25, 13, 1.128506
38, 25, 14, 1.747993
38, 25, 15, 100.000000
38, 25, 16, 100.000000
38, 25, 17, 100.000000
38, 25, 18, 100.000000
38, 25, 19, 100.000000
38, 25, 20, 100.000000
38, 25, 21, 100.000000
38, 25, 22, 100.000000
38, 25, 23, 100.000000
38, 25, 24, 100.000000
38, 25, 25, 100.000000
38, 25, 26, 100.000000
38, 25, 27, 100.000000
38, 25, 28, 100.000000
38, 25, 29, 100.000000
38, 25, 30, 100.000000
38, 25, 31, 100.000000
38, 25, 32, 100.000000
38, 25, 33, 100.000000
38, 25, 34, 100.000000
38, 26, 0, 0.399341
38, 26, 1, -0.153199
38, 26, 2, -0.426383
38, 26, 3, -0.410983
38, 26, 4, -0.447692
38, 26, 5, -0.453570
38, 26, 6, -0.466165
38, 26, 7, -0.460362
38, 26, 8, -0.434995
38, 26, 9, -0.292746
38, 26, 10, -0.121796
38, 26, 11, 0.144769
38, 26, 12, 0.648063
38, 26, 13, 1.227937
38, 26, 14, 1.788158
38, 26, 15, 100.000000
38, 26, 16, 100.000000
38, 26, 17, 100.000000
38, 26, 18, 100.000000
38, 26, 19, 100.000000
38, 26, 20, 100.000000
38, 26, 21, 100.000000
38, 26, 22, 100.000000
38, 26, 23, 100.000000
38, 26, 24, 100.000000
38, 26, 25, 100.000000
38, 26, 26, 100.000000
38, 26, 27, 100.000000
38, 26, 28, 100.000000
38, 26, 29, 100.000000
38, 26, 30, 100.000000
38, 26, 31, 100.000000
38, 26, 32, 100.000000
38, 26, 33, 100.000000
38, 26, 34, 100.000000
38, 27, 0, 0.387399
38, 27, 1, -0.147939
38, 27, 2, -0.388558
38, 27, 3, -0.431054
38, 27, 4, -0.470679
38, 27, 5, -0.450051
38, 27, 6, -0.461266
38, 27, 7, -0.467836
38, 27, 8, -0.434050
38, 27, 9, -0.307121
38, 27, 10, -0.136473
38, 27, 11, 0.147708
38, 27, 12, 0.654248
38, 27, 13, 1.272681
38, 27, 14, 1.842013
38, 27, 15, 100.000000
38, 27, 16, 100.000000
38, 27, 17, 100.000000
38, 27, 18, 100.000000
38, 27, 19, 100.000000
38, 27, 20, 100.000000
38, 27, 21, 100.000000
38, 27, 22, 100.000000
38, 27, 23, 100.000000
38, 27, 24, 100.000000
38, 27, 25, 100.000000
38, 27, 26, 100.000000
38, 27, 27, 100.000000
38, 27, 28, 100.000000
38, 27, 29, 100.000000
38, 27, 30, 100.000000
38, 27, 31, 100.000000
38, 27, 32, 100.000000
38, 27, 33, 100.000000
38, 27, 34, 100.000000
38, 28, 0, 0.382687
38, 28, 1, -0.117078
38, 28, 2, -0.314540
38, 28, 3, -0.363303
38, 28, 4, -0.412967
38, 28, 5, -0.459278
38, 28, 6, -0.478803
38, 28, 7, -0.470411
38, 28, 8, -0.392399
38, 28, 9, -0.283200
38, 28, 10, -0.159868
38, 28, 11, 0.141966
38, 28, 12, 0.627508
38, 28, 13, 1.203796
38, 28, 14, 1.935056
38, 28, 15, 100.000000
38, 28, 16, 100.000000
38, 28, 17, 100.000000
38, 28, 18, 100.000000
38, 28, 19, 100.000000
38, 28, 20, 100.000000
38, 28, 21, 100.000000
38, 28, 22, 100.000000
38, 28, 23, 100.000000
38, 28, 24, 100.000000
38, 28, 25, 100.000000
38, 28, 26, 100.000000
38, 28, 27, 100.000000
38, 28, 28, 100.000000
38, 28, 29, 100.000000
38, 28, 30, 100.000000
38, 28, 31, 100.000000
38, 28, 32, 100.000000
38, 28, 33, 100.000000
38, 28, 34, 100.000000
38, 29, 0, 0.427423
38, 29, 1, 0.039407
38, 29, 2, -0.043378
38, 29, 3, -0.054718
38, 29, 4, -0.083493
38, 29, 5, -0.122868
38, 29, 6, -0.133638
38, 29, 7, -0.112917
38, 29, 8, -0.053123
38, 29, 9, -0.000499
38, 29, 10, 0.060885
38, 29, 11, 0.282333
38, 29, 12, 0.680994
38, 29, 13, 1.234671
38, 29, 14, 2.125487
38, 29, 15, 100.000000
38, 29, 16, 100.000000
38, 29, 17, 100.000000
38, 29, 18, 100.000000
38, 29, 19, 100.000000
38, 29, 20, 100.000000
38, 29, 21, 100.000000
38, 29, 22, 100.000000
38, 29, 23, 100.000000
38, 29, 24, 100.000000
38, 29, 25, 100.000000
38, 29, 26, 100.000000
38, 29, 27, 100.000000
38, 29, 28, 100.000000
38, 29, 29, 100.000000
38, 29, 30, 100.000000
38, 29, 31, 100.000000
38, 29, 32, 100.000000
38, 29, 33, 100.000000
38, 29, 34, 100.000000
39, 0, 0, 0.803164
39, 0, 1, 0.553189
39, 0, 2, 0.508357
39, 0, 3, 0.493022
39, 0, 4, 0.461694
39, 0, 5, 0.446572
39, 0, 6, 0.449219
39, 0, 7, 0.449054
39, 0, 8, 0.422410
39, 0, 9, 0.433290
39, 0, 10, 0.501337
39, 0, 11, 0.686098
39, 0, 12, 1.100688
39, 0, 13, 1.752837
39, 0, 14, 100.000000
39, 0, 15, 100.000000
39, 0, 16, 100.000000
39, 0, 17, 100.000000
39, 0, 18, 100.000000
39, 0, 19, 100.000000
39, 0, 20, 100.000000
39, 0, 21, 100.000000
39, 0, 22, 100.000000
39, 0, 23, 100.000000
39, 0, 24, 100.000000
39, 0, 25, 100.000000
39, 0, 26, 100.000000
39, 0, 27, 100.000000
39, 0, 28, 100.000000
39, 0, 29, 100.000000
39, 0, 30, 100.000000
39, 0, 31, 100.000000
39, 0, 32, 100.000000
39, 0, 33, 100.000000
39, 0, 34, 100.000000
39, 1, 0, 0.539967
39, 1, 1, 0.106599
39, 1, 2, -0.051143
39, 1, 3, -0.062850
39, 1, 4, -0.073153
39, 1, 5, -0.059666
39, 1, 6, -0.034333
39, 1, 7, -0.020441
39, 1, 8, -0.026691
39, 1, 9, -0.002702
39, 1, 10, 0.103587
39, 1, 11, 0.379053
39, 1, 12, 0.890934
39, 1, 13, 1.601378
39, 1, 14, 100.000000
39, 1, 15, 100.000000
39, 1, 16, 100.000000
39, 1, 17, 100.000000
39, 1, 18, 100.000000
39, 1, 19, 100.000000
39, 1, 20, 100.000000
39, 1, 21, 100.000000
39, 1, 22, 100.000000
39, 1, 23, 100.000000
39, 1, 24, 100.000000
39, 1, 25, 100.000000
39, 1, 26, 100.000000
39, 1, 27, 100.000000
39, 1, 28, 100.000000
39, 1, 29, 100.000000
39, 1, 30, 100.000000
39, 1, 31, 100.000000
39, 1, 32, 100.000000
39, 1, 33, 100.000000
39, 1, 34, 100.000000
39, 2, 0, 0.447783
39, 2, 1, -0.111315
39, 2, 2, -0.418430
39, 2, 3, -0.372360
39, 2, 4, -0.385372
39, 2, 5, -0.389726
39, 2, 6, -0.357382
39, 2, 7, -0.311198
39, 2, 8, -0.272693
39, 2, 9, -0.220358
39, 2, 10, -0.085917
39, 2, 11, 0.267035
39, 2, 12, 0.841019
39, 2, 13, 1.525503
39, 2, 14, 100.000000
39, 2, 15, 100.000000
39, 2, 16, 100.000000
39, 2, 17, 100.000000
39, 2, 18, 100.000000
39, 2, 19, 100.000000
39, 2, 20, 100.000000
39, 2, 21, 100.000000
39, 2, 22, 100.000000
39, 2, 23, 100.000000
39, 2, 24, 100.000000
39, 2, 25, 100.000000
39, 2, 26, 100.000000
39, 2, 27, 100.000000
39, 2, 28, 100.000000
39, 2, 29, 100.000000
39, 2, 30, 100.000000
39, 2, 31, 100.000000
39, 2, 32, 100.000000
39, 2, 33, 100.000000
39, 2, 34, 100.000000
39, 3, 0, 0.399194
39, 3, 1, -0.161712
39, 3, 2, -0.441963
39, 3, 3, -0.413254
39, 3, 4, -0.436657
39, 3, 5, -0.473492
39, 3, 6, -0.456525
39, 3, 7, -0.393238
39, 3, 8, -0.337678
39, 3, 9, -0.287437
39, 3, 10, -0.105539
39, 3, 11, 0.285622
39, 3, 12, 0.824435
39, 3, 13, 1.520231
39, 3, 14, 2.417641
39, 3, 15, 100.000000
39, 3, 16, 100.000000
39, 3, 17, 100.000000
39, 3, 18, 100.000000
39, 3, 19, 100.000000
39, 3, 20, 100.000000
39, 3, 21, 100.000000
39, 3, 22, 100.000000
39, 3, 23, 100.000000
39, 3, 24, 100.000000
39, 3, 25, 100.000000
39, 3, 26, 100.000000
39, 3, 27, 100.000000
39, 3, 28, 100.000000
39, 3, 29, 100.000000
39, 3, 30, 100.000000
39, 3, 31, 100.000000
39, 3, 32, 100.000000
39, 3, 33, 100.000000
39, 3, 34, 100.000000
39, 4, 0, 0.383703
39, 4, 1, -0.166618
39, 4, 2, -0.445182
39, 4, 3, -0.440548
39, 4, 4, -0.438784
39, 4, 5, -0.457436
39, 4, 6, -0.462554
39, 4, 7, -0.408715
39, 4, 8, -0.352856
39, 4, 9, -0.281879
39, 4, 10, -0.062832
39, 4, 11, 0.314246
39, 4, 12, 0.793146
39, 4, 13, 1.377797
39, 4, 14, 2.332991
39, 4, 15, 100.000000
39, 4, 16, 100.000000
39, 4, 17, 100.000000
39, 4, 18, 100.000000
39, 4, 19, 100.000000
39, 4, 20, 100.000000
39, 4, 21, 100.000000
39, 4, 22, 100.000000
39, 4, 23, 100.000000
39, 4, 24, 100.000000
39, 4, 25, 100.000000
39, 4, 26, 100.000000
39, 4, 27, 100.000000
39, 4, 28, 100.000000
39, 4, 29, 100.000000
39, 4, 30, 100.000000
39, 4, 31, 100.000000
39, 4, 32, 100.000000
39, 4, 33, 100.000000
39, 4, 34, 100.000000
39, 5, 0, 0.392440
39, 5, 1, -0.157101
39, 5, 2, -0.448106
39, 5, 3, -0.432360
39, 5, 4, -0.461378
39, 5, 5, -0.488145
39, 5, 6, -0.463515
39, 5, 7, -0.403231
39, 5, 8, -0.358721
39, 5, 9, -0.284510
39, 5, 10, -0.074807
39, 5, 11, 0.282697
39, 5, 12, 0.758301
39, 5, 13, 1.253338
39, 5, 14, 2.048936
39, 5, 15, 100.000000
39, 5, 16, 100.000000
39, 5, 17, 100.000000
39, 5, 18, 100.000000
39, 5, 19, 100.000000
39, 5, 20, 100.000000
39, 5, 21, 100.000000
39, 5, 22, 100.000000
39, 5, 23, 100.000000
39, 5, 24, 100.000000
39, 5, 25, 100.000000
39, 5, 26, 100.000000
39, 5, 27, 100.000000
39, 5, 28, 100.000000
39, 5, 29, 100.000000
39, 5, 30, 100.000000
39, 5, 31, 100.000000
39, 5, 32, 100.000000
39, 5, 33, 100.000000
39, 5, 34, 100.000000
39, 6, 0, 0.403223
39, 6, 1, -0.152585
39, 6, 2, -0.477849
39, 6, 3, -0.455720
39, 6, 4, -0.490061
39, 6, 5, -0.487877
39, 6, 6, -0.435266
39, 6, 7, -0.396118
39, 6, 8, -0.347864
39, 6, 9, -0.295617
39, 6, 10, -0.106497
39, 6, 11, 0.237040
39, 6, 12, 0.728447
39, 6, 13, 1.222362
39, 6, 14, 1.933978
39, 6, 15, 100.000000
39, 6, 16, 100.000000
39, 6, 17, 100.000000
39, 6, 18, 100.000000
39, 6, 19, 100.000000
39, 6, 20, 100.000000
39, 6, 21, 100.000000
39, 6, 22, 100.000000
39, 6, 23, 100.000000
39, 6, 24, 100.000000
39, 6, 25, 100.000000
39, 6, 26, 100.000000
39, 6, 27, 100.000000
39, 6, 28, 100.000000
39, 6, 29, 100.000000
39, 6, 30, 100.000000
39, 6, 31, 100.000000
39, 6, 32, 100.000000
39, 6, 33, 100.000000
39, 6, 34, 100.000000
39, 7, 0, 0.408363
39, 7, 1, -0.147945
39, 7, 2, -0.475653
39, 7, 3, -0.452863
39, 7, 4, -0.482350
39, 7, 5, -0.469300
39, 7, 6, -0.425045
39, 7, 7, -0.389643
39, 7, 8, -0.348814
39, 7, 9, -0.281567
39, 7, 10, -0.107955
39, 7, 11, 0.254334
39, 7, 12, 0.776416
39, 7, 13, 1.386431
39, 7, 14, 2.192774
39, 7, 15, 100.000000
39, 7, 16, 100.000000
39, 7, 17, 100.000000
39, 7, 18, 100.000000
39, 7, 19, 100.000000
39, 7, 20, 100.000000
39, 7, 21, 100.000000
39, 7, 22, 100.000000
39, 7, 23, 100.000000
39, 7, 24, 100.000000
39, 7, 25, 100.000000
39, 7, 26, 100.000000
39, 7, 27, 100.000000
39, 7, 28, 100.000000
39, 7, 29, 100.000000
39, 7, 30, 100.000000
39, 7, 31, 100.000000
39, 7, 32, 100.000000
39, 7, 33, 100.000000
39, 7, 34, 100.000000
39, 8, 0, 0.407154
39, 8, 1, -0.138442
39, 8, 2, -0.439303
39, 8, 3, -0.408497
39, 8, 4, -0.470214
39, 8, 5, -0.473095
39, 8, 6, -0.435169
39, 8, 7, -0.388916
39, 8, 8, -0.368789
39, 8, 9, -0.290820
39, 8, 10, -0.100448
39, 8, 11, 0.296736
39, 8, 12, 0.798000
39, 8, 13, 1.412300
39, 8, 14, 2.393977
39, 8, 15, 100.000000
39, 8, 16, 100.000000
39, 8, 17, 100.000000
39, 8, 18, 100.000000
39, 8, 19, 100.000000
39, 8, 20, 100.000000
39, 8, 21, 100.000000
39, 8, 22, 100.000000
39, 8, 23, 100.000000
39, 8, 24, 100.000000
39, 8, 25, 100.000000
39, 8, 26, 100.000000
39, 8, 27, 100.000000
39, 8, 28, 100.000000
39, 8, 29, 100.000000
39, 8, 30, 100.000000
39, 8, 31, 100.000000
39, 8, 32, 100.000000
39, 8, 33, 100.000000
39, 8, 34, 100.000000
39, 9, 0, 0.400443
39, 9, 1, -0.128564
39, 9, 2, -0.448979
39, 9, 3, -0.412769
39, 9, 4, -0.443098
39, 9, 5, -0.454746
39, 9, 6, -0.418543
39, 9, 7, -0.376597
39, 9, 8, -0.372847
39, 9, 9, -0.311422
39, 9, 10, -0.131432
39, 9, 11, 0.244108
39, 9, 12, 0.716975
39, 9, 13, 1.267301
39, 9, 14, 2.090164
39, 9, 15, 100.000000
39, 9, 16, 100.000000
39, 9, 17, 100.000000
39, 9, 18, 100.000000
39, 9, 19, 100.000000
39, 9, 20, 100.000000
39, 9, 21, 100.000000
39, 9, 22, 100.000000
39, 9, 23, 100.000000
39, 9, 24, 100.000000
39, 9, 25, 100.000000
39, 9, 26, 100.000000
39, 9, 27, 100.000000
39, 9, 28, 100.000000
39, 9, 29, 100.000000
39, 9, 30, 100.000000
39, 9, 31, 100.000000
39, 9, 32, 100.000000
39, 9, 33, 100.000000
39, 9, 34, 100.000000
39, 10, 0, 0.383094
39, 10, 1, -0.131814
39, 10, 2, -0.432691
39, 10, 3, -0.421740
39, 10, 4, -0.424224
39, 10, 5, -0.447990
39, 10, 6, -0.442579
39, 10, 7, -0.410643
39, 10, 8, -0.383817
39, 10, 9, -0.337082
39, 10, 10, -0.173706
39, 10, 11, 0.153398
39, 10, 12, 0.631942
39, 10, 13, 1.203895
39, 10, 14, 1.998809
39, 10, 15, 100.000000
39, 10, 16, 100.000000
39, 10, 17, 100.000000
39, 10, 18, 100.000000
39, 10, 19, 100.000000
39, 10, 20, 100.000000
39, 10, 21, 100.000000
39, 10, 22, 100.000000
39, 10, 23, 100.000000
39, 10, 24, 100.000000
39, 10, 25, 100.000000
39, 10, 26, 100.000000
39, 10, 27, 100.000000
39, 10, 28, 100.000000
39, 10, 29, 100.000000
39, 10, 30, 100.000000
39, 10, 31, 100.000000
39, 10, 32, 100.000000
39, 10, 33, 100.000000
39, 10, 34, 100.000000
39, 11, 0, 0.376352
39, 11, 1, -0.142977
39, 11, 2, -0.454602
39, 11, 3, -0.443768
39, 11, 4, -0.440071
39, 11, 5, -0.452425
39, 11, 6, -0.450018
39, 11, 7, -0.440258
39, 11, 8, -0.407485
39, 11, 9, -0.351003
39, 11, 10, -0.215414
39, 11, 11, 0.076893
39, 11, 12, 0.542188
39, 11, 13, 1.131143
39, 11, 14, 1.935865
39, 11, 15, 100.000000
39, 11, 16, 100.000000
39, 11, 17, 100.000000
39, 11, 18, 100.000000
39, 11, 19, 100.000000
39, 11, 20, 100.000000
39, 11, 21, 100.000000
39, 11, 22, 100.000000
39, 11, 23, 100.000000
39, 11, 24, 100.000000
39, 11, 25, 100.000000
39, 11, 26, 100.000000
39, 11, 27, 100.000000
39, 11, 28, 100.000000
39, 11, 29, 100.000000
39, 11, 30, 100.000000
39, 11, 31, 100.000000
39, 11, 32, 100.000000
39, 11, 33, 100.000000
39, 11, 34, 100.000000
39, 12, 0, 0.395292
39, 12, 1, -0.137281
39, 12, 2, -0.450670
39, 12, 3, -0.424422
39, 12, 4, -0.433329
39, 12, 5, -0.457873
39, 12, 6, -0.460994
39, 12, 7, -0.450252
39, 12, 8, -0.433768
39, 12, 9, -0.391879
39, 12, 10, -0.260114
39, 12, 11, 0.038665
39, 12, 12, 0.520466
39, 12, 13, 1.124963
39, 12, 14, 1.839038
39, 12, 15, 100.000000
39, 12, 16, 100.000000
39, 12, 17, 100.000000
39, 12, 18, 100.000000
39, 12, 19, 100.000000
39, 12, 20, 100.000000
39, 12, 21, 100.000000
39, 12, 22, 100.000000
39, 12, 23, 100.000000
39, 12, 24, 100.000000
39, 12, 25, 100.000000
39, 12, 26, 100.000000
39, 12, 27, 100.000000
39, 12, 28, 100.000000
39, 12, 29, 100.000000
39, 12, 30, 100.000000
39, 12, 31, 100.000000
39, 12, 32, 100.000000
39, 12, 33, 100.000000
39, 12, 34, 100.000000
39, 13, 0, 0.409412
39, 13, 1, -0.141301
39, 13, 2, -0.474935
39, 13, 3, -0.393569
39, 13, 4, -0.423199
39, 13, 5, -0.435629
39, 13, 6, -0.439415
39, 13, 7, -0.456647
39, 13, 8, -0.433181
39, 13, 9, -0.378624
39, 13, 10, -0.252730
39, 13, 11, 0.053496
39, 13, 12, 0.545892
39, 13, 13, 1.186405
39, 13, 14, 1.829965
39, 13, 15, 100.000000
39, 13, 16, 100.000000
39, 13, 17, 100.000000
39, 13, 18, 100.000000
39, 13, 19, 100.000000
39, 13, 20, 100.000000
39, 13, 21, 100.000000
39, 13, 22, 100.000000
39, 13, 23, 100.000000
39, 13, 24, 100.000000
39, 13, 25, 100.000000
39, 13, 26, 100.000000
39, 13, 27, 100.000000
39, 13, 28, 100.000000
39, 13, 29, 100.000000
39, 13, 30, 100.000000
39, 13, 31, 100.000000
39, 13, 32, 100.000000
39, 13, 33, 100.000000
39, 13, 34, 100.000000
39, 14, 0, 0.418192
39, 14, 1, -0.136399
39, 14, 2, -0.481414
39, 14, 3, -0.371335
39, 14, 4, -0.430041
39, 14, 5, -0.462843
39, 14, 6, -0.481390
39, 14, 7, -0.485639
39, 14, 8, -0.444549
39, 14, 9, -0.379599
39, 14, 10, -0.255626
39, 14, 11, 0.065157
39, 14, 12, 0.544970
39, 14, 13, 1.193613
39, 14, 14, 1.932256
39, 14, 15, 100.000000
39, 14, 16, 100.000000
39, 14, 17, 100.000000
39, 14, 18, 100.000000
39, 14, 19, 100.000000
39, 14, 20, 100.000000
39, 14, 21, 100.000000
39, 14, 22, 100.000000
39, 14, 23, 100.000000
39, 14, 24, 100.000000
39, 14, 25, 100.000000
39, 14, 26, 100.000000
39, 14, 27, 100.000000
39, 14, 28, 100.000000
39, 14, 29, 100.000000
39, 14, 30, 100.000000
39, 14, 31, 100.000000
39, 14, 32, 100.000000
39, 14, 33, 100.000000
39, 14, 34, 100.000000
39, 15, 0, 0.423563
39, 15, 1, -0.142497
39, 15, 2, -0.463333
39, 15, 3, -0.382157
39, 15, 4, -0.447936
39, 15, 5, -0.458708
39, 15, 6, -0.455375
39, 15, 7, -0.470493
39, 15, 8, -0.459671
39, 15, 9, -0.404079
39, 15, 10, -0.288290
39, 15, 11, 0.036941
39, 15, 12, 0.503850
39, 15, 13, 1.100584
39, 15, 14, 1.844983
39, 15, 15, 100.000000
39, 15, 16, 100.000000
39, 15, 17, 100.000000
39, 15, 18, 100.000000
39, 15, 19, 100.000000
39, 15, 20, 100.000000
39, 15, 21, 100.000000
39, 15, 22, 100.000000
39, 15, 23, 100.000000
39, 15, 24, 100.000000
39, 15, 25, 100.000000
39, 15, 26, 100.000000
39, 15, 27, 100.000000
39, 15, 28, 100.000000
39, 15, 29, 100.000000
39, 15, 30, 100.000000
39, 15, 31, 100.000000
39, 15, 32, 100.000000
39, 15, 33, 100.000000
39, 15, 34, 100.000000
39, 16, 0, 0.432453
39, 16, 1, -0.143151
39, 16, 2, -0.458298
39, 16, 3, -0.401114
39, 16, 4, -0.462274
39, 16, 5, -0.471464
39, 16, 6, -0.469725
39, 16, 7, -0.487168
39, 16, 8, -0.475281
39, 16, 9, -0.424060
39, 16, 10, -0.286266
39, 16, 11, 0.035444
39, 16, 12, 0.491398
39, 16, 13, 1.013603
39, 16, 14, 1.584260
39, 16, 15, 2.417831
39, 16, 16, 100.000000
39, 16, 17, 100.000000
39, 16, 18, 100.000000
39, 16, 19, 100.000000
39, 16, 20, 100.000000
39, 16, 21, 100.000000
39, 16, 22, 100.000000
39, 16, 23, 100.000000
39, 16, 24, 100.000000
39, 16, 25, 100.000000
39, 16, 26, 100.000000
39, 16, 27, 100.000000
39, 16, 28, 100.000000
39, 16, 29, 100.000000
39, 16, 30, 100.000000
39, 16, 31, 100.000000
39, 16, 32, 100.000000
39, 16, 33, 100.000000
39, 16, 34, 100.000000
39, 17, 0, 0.433673
39, 17, 1, -0.141993
39, 17, 2, -0.471007
39, 17, 3, -0.402303
39, 17, 4, -0.459291
39, 17, 5, -0.459838
39, 17, 6, -0.456129
39, 17, 7, -0.456588
39, 17, 8, -0.460863
39, 17, 9, -0.400535
39, 17, 10, -0.229471
39, 17, 11, 0.092217
39, 17, 12, 0.552547
39, 17, 13, 1.046280
39, 17, 14, 1.528061
39, 17, 15, 2.354414
39, 17, 16, 100.000000
39, 17, 17, 100.000000
39, 17, 18, 100.000000
39, 17, 19, 100.000000
39, 17, 20, 100.000000
39, 17, 21, 100.000000
39, 17, 22, 100.000000
39, 17, 23, 100.000000
39, 17, 24, 100.000000
39, 17, 25, 100.000000
39, 17, 26, 100.000000
39, 17, 27, 100.000000
39, 17, 28, 100.000000
39, 17, 29, 100.000000
39, 17, 30, 100.000000
39, 17, 31, 100.000000
39, 17, 32, 100.000000
39, 17, 33, 100.000000
39, 17, 34, 100.000000
39, 18, 0, 0.420913
39, 18, 1, -0.147659
39, 18, 2, -0.457031
39, 18, 3, -0.385617
39, 18, 4, -0.459177
39, 18, 5, -0.470021
39, 18, 6, -0.460712
39, 18, 7, -0.464327
39, 18, 8, -0.441266
39, 18, 9, -0.356828
39, 18, 10, -0.201448
39, 18, 11, 0.108977
39, 18, 12, 0.574283
39, 18, 13, 1.123207
39, 18, 14, 1.790625
39, 18, 15, 100.000000
39, 18, 16, 100.000000
39, 18, 17, 100.000000
39, 18, 18, 100.000000
39, 18, 19, 100.000000
39, 18, 20, 100.000000
39, 18, 21, 100.000000
39, 18, 22, 100.000000
39, 18, 23, 100.000000
39, 18, 24, 100.000000
39, 18, 25, 100.000000
39, 18, 26, 100.000000
39, 18, 27, 100.000000
39, 18, 28, 100.000000
39, 18, 29, 100.000000
39, 18, 30, 100.000000
39, 18, 31, 100.000000
39, 18, 32, 100.000000
39, 18, 33, 100.000000
39, 18, 34, 100.000000
39, 19, 0, 0.407326
39, 19, 1, -0.159542
39, 19, 2, -0.434790
39, 19, 3, -0.376838
39, 19, 4, -0.463620
39, 19, 5, -0.477259
39, 19, 6, -0.471481
39, 19, 7, -0.482528
39, 19, 8, -0.423542
39, 19, 9, -0.362125
39, 19, 10, -0.215799
39, 19, 11, 0.085397
39, 19, 12, 0.555548
39, 19, 13, 1.153798
39, 19, 14, 1.913614
39, 19, 15, 100.000000
39, 19, 16, 100.000000
39, 19, 17, 100.000000
39, 19, 18, 100.000000
39, 19, 19, 100.000000
39, 19, 20, 100.000000
39, 19, 21, 100.000000
39, 19, 22, 100.000000
39, 19, 23, 100.000000
39, 19, 24, 100.000000
39, 19, 25, 100.000000
39, 19, 26, 100.000000
39, 19, 27, 100.000000
39, 19, 28, 100.000000
39, 19, 29, 100.000000
39, 19, 30, 100.000000
39, 19, 31, 100.000000
39, 19, 32, 100.000000
39, 19, 33, 100.000000
39, 19, 34, 100.000000
39, 20, 0, 0.397611
39, 20, 1, -0.175614
39, 20, 2, -0.444519
39, 20, 3, -0.391147
39, 20, 4, -0.434884
39, 20, 5, -0.444549
39, 20, 6, -0.483600
39, 20, 7, -0.473847
39, 20, 8, -0.424307
39, 20, 9, -0.354008
39, 20, 10, -0.218914
39, 20, 11, 0.076908
39, 20, 12, 0.505127
39, 20, 13, 1.040522
39, 20, 14, 1.806422
39, 20, 15, 100.000000
39, 20, 16, 100.000000
39, 20, 17, 100.000000
39, 20, 18, 100.000000
39, 20, 19, 100.000000
39, 20, 20, 100.000000
39, 20, 21, 100.000000
39, 20, 22, 100.000000
39, 20, 23, 100.000000
39, 20, 24, 100.000000
39, 20, 25, 100.000000
39, 20, 26, 100.000000
39, 20, 27, 100.000000
39, 20, 28, 100.000000
39, 20, 29, 100.000000
39, 20, 30, 100.000000
39, 20, 31, 100.000000
39, 20, 32, 100.000000
39, 20, 33, 100.000000
39, 20, 34, 100.000000
39, 21, 0, 0.381045
39, 21, 1, -0.188526
39, 21, 2, -0.457156
39, 21, 3, -0.406321
39, 21, 4, -0.445768
39, 21, 5, -0.429855
39, 21, 6, -0.454545
39, 21, 7, -0.468881
39, 21, 8, -0.413273
39, 21, 9, -0.344878
39, 21, 10, -0.222766
39, 21, 11, 0.050284
39, 21, 12, 0.463837
39, 21, 13, 1.009817
39, 21, 14, 1.795480
39, 21, 15, 100.000000
39, 21, 16, 100.000000
39, 21, 17, 100.000000
39, 21, 18, 100.000000
39, 21, 19, 100.000000
39, 21, 20, 100.000000
39, 21, 21, 100.000000
39, 21, 22, 100.000000
39, 21, 23, 100.000000
39, 21, 24, 100.000000
39, 21, 25, 100.000000
39, 21, 26, 100.000000
39, 21, 27, 100.000000
39, 21, 28, 100.000000
39, 21, 29, 100.000000
39, 21, 30, 100.000000
39, 21, 31, 100.000000
39, 21, 32, 100.000000
39, 21, 33, 100.000000
39, 21, 34, 100.000000
39, 22, 0, 0.384030
39, 22, 1, -0.183920
39, 22, 2, -0.453664
39, 22, 3, -0.407587
39, 22, 4, -0.469749
39, 22, 5, -0.451499
39, 22, 6, -0.466154
39, 22, 7, -0.483022
39, 22, 8, -0.423235
39, 22, 9, -0.335664
39, 22, 10, -0.208153
39, 22, 11, 0.031456
39, 22, 12, 0.447005
39, 22, 13, 1.004180
39, 22, 14, 1.666079
39, 22, 15, 100.000000
39, 22, 16, 100.000000
39, 22, 17, 100.000000
39, 22, 18, 100.000000
39, 22, 19, 100.000000
39, 22, 20, 100.000000
39, 22, 21, 100.000000
39, 22, 22, 100.000000
39, 22, 23, 100.000000
39, 22, 24, 100.000000
39, 22, 25, 100.000000
39, 22, 26, 100.000000
39, 22, 27, 100.000000
39, 22, 28, 100.000000
39, 22, 29, 100.000000
39, 22, 30, 100.000000
39, 22, 31, 100.000000
39, 22, 32, 100.000000
39, 22, 33, 100.000000
39, 22, 34, 100.000000
39, 23, 0, 0.412528
39, 23, 1, -0.159005
39, 23, 2, -0.478270
39, 23, 3, -0.400624
39, 23, 4, -0.463960
39, 23, 5, -0.464645
39, 23, 6, -0.484726
39, 23, 7, -0.478262
39, 23, 8, -0.451127
39, 23, 9, -0.351285
39, 23, 10, -0.203435
39, 23, 11, 0.045681
39, 23, 12, 0.475652
39, 23, 13, 1.044548
39, 23, 14, 1.609010
39, 23, 15, 2.493351
39, 23, 16, 100.000000
39, 23, 17, 100.000000
39, 23, 18, 100.000000
39, 23, 19, 100.000000
39, 23, 20, 100.000000
39, 23, 21, 100.000000
39, 23, 22, 100.000000
39, 23, 23, 100.000000
39, 23, 24, 100.000000
39, 23, 25, 100.000000
39, 23, 26, 100.000000
39, 23, 27, 100.000000
39, 23, 28, 100.000000
39, 23, 29, 100.000000
39, 23, 30, 100.000000
39, 23, 31, 100.000000
39, 23, 32, 100.000000
39, 23, 33, 100.000000
39, 23, 34, 100.000000
39, 24, 0, 0.435435
39, 24, 1, -0.139217
39, 24, 2, -0.467572
39, 24, 3, -0.384686
39, 24, 4, -0.448075
39, 24, 5, -0.484803
39, 24, 6, -0.471686
39, 24, 7, -0.459574
39, 24, 8, -0.461945
39, 24, 9, -0.374548
39, 24, 10, -0.209319
39, 24, 11, 0.062897
39, 24, 12, 0.522171
39, 24, 13, 1.099743
39, 24, 14, 1.705105
39, 24, 15, 100.000000
39, 24, 16, 100.000000
39, 24, 17, 100.000000
39, 24, 18, 100.000000
39, 24, 19, 100.000000
39, 24, 20, 100.000000
39, 24, 21, 100.000000
39, 24, 22, 100.000000
39, 24, 23, 100.000000
39, 24, 24, 100.000000
39, 24, 25, 100.000000
39, 24, 26, 100.000000
39, 24, 27, 100.000000
39, 24, 28, 100.000000
39, 24, 29, 100.000000
39, 24, 30, 100.000000
39, 24, 31, 100.000000
39, 24, 32, 100.000000
39, 24, 33, 100.000000
39, 24, 34, 100.000000
39, 25, 0, 0.409790
39, 25, 1, -0.153484
39, 25, 2, -0.478145
39, 25, 3, -0.389234
39, 25, 4, -0.439638
39, 25, 5, -0.485586
39, 25, 6, -0.483481
39, 25, 7, -0.472674
39, 25, 8, -0.442057
39, 25, 9, -0.326243
39, 25, 10, -0.164254
39, 25, 11, 0.091658
39, 25, 12, 0.576381
39, 25, 13, 1.108441
39, 25, 14, 1.652290
39, 25, 15, 100.000000
39, 25, 16, 100.000000
39, 25, 17, 100.000000
39, 25, 18, 100.000000
39, 25, 19, 100.000000
39, 25, 20, 100.000000
39, 25, 21, 100.000000
39, 25, 22, 100.000000
39, 25, 23, 100.000000
39, 25, 24, 100.000000
39, 25, 25, 100.000000
39, 25, 26, 100.000000
39, 25, 27, 100.000000
39, 25, 28, 100.000000
39, 25, 29, 100.000000
39, 25, 30, 100.000000
39, 25, 31, 100.000000
39, 25, 32, 100.000000
39, 25, 33, 100.000000
39, 25, 34, 100.000000
39, 26, 0, 0.375373
39, 26, 1, -0.171024
39, 26, 2, -0.433887
39, 26, 3, -0.417730
39, 26, 4, -0.455074
39, 26, 5, -0.463438
39, 26, 6, -0.469205
39, 26, 7, -0.458869
39, 26, 8, -0.423090
39, 26, 9, -0.289758
39, 26, 10, -0.145507
39, 26, 11, 0.109955
39, 26, 12, 0.600893
39, 26, 13, 1.129030
39, 26, 14, 1.608717
39, 26, 15, 100.000000
39, 26, 16, 100.000000
39, 26, 17, 100.000000
39, 26, 18, 100.000000
39, 26, 19, 100.000000
39, 26, 20, 100.000000
39, 26, 21, 100.000000
39, 26, 22, 100.000000
39, 26, 23, 100.000000
39, 26, 24, 100.000000
39, 26, 25, 100.000000
39, 26, 26, 100.000000
39, 26, 27, 100.000000
39, 26, 28, 100.000000
39, 26, 29, 100.000000
39, 26, 30, 100.000000
39, 26, 31, 100.000000
39, 26, 32, 100.000000
39, 26, 33, 100.000000
39, 26, 34, 100.000000
39, 27, 0, 0.364069
39, 27, 1, -0.160566
39, 27, 2, -0.411719
39, 27, 3, -0.443182
39, 27, 4, -0.480514
39, 27, 5, -0.449124
39, 27, 6, -0.464754
39, 27, 7, -0.461227
39, 27, 8, -0.420516
39, 27, 9, -0.310168
39, 27, 10, -0.167893
39, 27, 11, 0.133371
39, 27, 12, 0.618126
39, 27, 13, 1.208099
39, 27, 14, 1.777950
39, 27, 15, 100.000000
39, 27, 16, 100.000000
39, 27, 17, 100.000000
39, 27, 18, 100.000000
39, 27, 19, 100.000000
39, 27, 20, 100.000000
39, 27, 21, 100.000000
39, 27, 22, 100.000000
39, 27, 23, 100.000000
39, 27, 24, 100.000000
39, 27, 25, 100.000000
39, 27, 26, 100.000000
39, 27, 27, 100.000000
39, 27, 28, 100.000000
39, 27, 29, 100.000000
39, 27, 30, 100.000000
39, 27, 31, 100.000000
39, 27, 32, 100.000000
39, 27, 33, 100.000000
39, 27, 34, 100.000000
39, 28, 0, 0.389948
39, 28, 1, -0.113719
39, 28, 2, -0.345108
39, 28, 3, -0.383084
39, 28, 4, -0.401683
39, 28, 5, -0.429213
39, 28, 6, -0.467984
39, 28, 7, -0.472889
39, 28, 8, -0.387158
39, 28, 9, -0.299654
39, 28, 10, -0.181888
39, 28, 11, 0.123931
39, 28, 12, 0.612506
39, 28, 13, 1.222552
39, 28, 14, 1.968012
39, 28, 15, 100.000000
39, 28, 16, 100.000000
39, 28, 17, 100.000000
39, 28, 18, 100.000000
39, 28, 19, 100.000000
39, 28, 20, 100.000000
39, 28, 21, 100.000000
39, 28, 22, 100.000000
39, 28, 23, 100.000000
39, 28, 24, 100.000000
39, 28, 25, 100.000000
39, 28, 26, 100.000000
39, 28, 27, 100.000000
39, 28, 28, 100.000000
39, 28, 29, 100.000000
39, 28, 30, 100.000000
39, 28, 31, 100.000000
39, 28, 32, 100.000000
39, 28, 33, 100.000000
39, 28, 34, 100.000000
39, 29, 0, 0.484210
39, 29, 1, 0.066651
39, 29, 2, -0.042358
39, 29, 3, -0.065380
39, 29, 4, -0.076164
39, 29, 5, -0.104667
39, 29, 6, -0.109351
39, 29, 7, -0.090635
39, 29, 8, -0.048083
39, 29, 9, -0.019557
39, 29, 10, 0.045650
39, 29, 11, 0.271433
39, 29, 12, 0.671848
39, 29, 13, 1.215295
39, 29, 14, 1.941781
39, 29, 15, 100.000000
39, 29, 16, 100.000000
39, 29, 17, 100.000000
39, 29, 18, 100.000000
39, 29, 19, 100.000000
39, 29, 20, 100.000000
39, 29, 21, 100.000000
39, 29, 22, 100.000000
39, 29, 23, 100.000000
39, 29, 24, 100.000000
39, 29, 25, 100.000000
39, 29, 26, 100.000000
39, 29, 27, 100.000000
39, 29, 28, 100.000000
39, 29, 29, 100.000000
39, 29, 30, 100.000000
39, 29, 31, 100.000000
39, 29, 32, 100.000000
39, 29, 33, 100.000000
39, 29, 34, 100.000000
40, 0, 0, 0.797475
40, 0, 1, 0.506335
40, 0, 2, 0.472519
40, 0, 3, 0.464369
40, 0, 4, 0.444267
40, 0, 5, 0.443661
40, 0, 6, 0.458814
40, 0, 7, 0.470224
40, 0, 8, 0.431862
40, 0, 9, 0.408976
40, 0, 10, 0.459698
40, 0, 11, 0.661255
40, 0, 12, 1.067177
40, 0, 13, 1.734382
40, 0, 14, 100.000000
40, 0, 15, 100.000000
40, 0, 16, 100.000000
40, 0, 17, 100.000000
40, 0, 18, 100.000000
40, 0, 19, 100.000000
40, 0, 20, 100.000000
40, 0, 21, 100.000000
40, 0, 22, 100.000000
40, 0, 23, 100.000000
40, 0, 24, 100.000000
40, 0, 25, 100.000000
40, 0, 26, 100.000000
40, 0, 27, 100.000000
40, 0, 28, 100.000000
40, 0, 29, 100.000000
40, 0, 30, 100.000000
40, 0, 31, 100.000000
40, 0, 32, 100.000000
40, 0, 33, 100.000000
40, 0, 34, 100.000000
40, 1, 0, 0.538528
40, 1, 1, 0.075644
40, 1, 2, -0.062508
40, 1, 3, -0.084780
40, 1, 4, -0.099321
40, 1, 5, -0.069927
40, 1, 6, -0.039230
40, 1, 7, -0.022154
40, 1, 8, -0.035911
40, 1, 9, -0.036470
40, 1, 10, 0.063055
40, 1, 11, 0.383068
40, 1, 12, 0.939257
40, 1, 13, 1.535958
40, 1, 14, 2.335600
40, 1, 15, 100.000000
40, 1, 16, 100.000000
40, 1, 17, 100.000000
40, 1, 18, 100.000000
40, 1, 19, 100.000000
40, 1, 20, 100.000000
40, 1, 21, 100.000000
40, 1, 22, 100.000000
40, 1, 23, 100.000000
40, 1, 24, 100.000000
40, 1, 25, 100.000000
40, 1, 26, 100.000000
40, 1, 27, 100.000000
40, 1, 28, 100.000000
40, 1, 29, 100.000000
40, 1, 30, 100.000000
40, 1, 31, 100.000000
40, 1, 32, 100.000000
40, 1, 33, 100.000000
40, 1, 34, 100.000000
40, 2, 0, 0.448840
40, 2, 1, -0.133354
40, 2, 2, -0.407056
40, 2, 3, -0.392812
40, 2, 4, -0.431568
40, 2, 5, -0.406586
40, 2, 6, -0.380349
40, 2, 7, -0.325380
40, 2, 8, -0.277766
40, 2, 9, -0.238618
40, 2, 10, -0.105099
40, 2, 11, 0.282429
40, 2, 12, 0.890914
40, 2, 13, 1.502334
40, 2, 14, 2.235076
40, 2, 15, 100.000000
40, 2, 16, 100.000000
40, 2, 17, 100.000000
40, 2, 18, 100.000000
40, 2, 19, 100.000000
40, 2, 20, 100.000000
40, 2, 21, 100.000000
40, 2, 22, 100.000000
40, 2, 23, 100.000000
40, 2, 24, 100.000000
40, 2, 25, 100.000000
40, 2, 26, 100.000000
40, 2, 27, 100.000000
40, 2, 28, 100.000000
40, 2, 29, 100.000000
40, 2, 30, 100.000000
40, 2, 31, 100.000000
40, 2, 32, 100.000000
40, 2, 33, 100.000000
40, 2, 34, 100.000000
40, 3, 0, 0.405529
40, 3, 1, -0.170089
40, 3, 2, -0.451499
40, 3, 3, -0.407208
40, 3, 4, -0.461199
40, 3, 5, -0.449759
40, 3, 6, -0.453342
40, 3, 7, -0.398026
40, 3, 8, -0.329990
40, 3, 9, -0.296036
40, 3, 10, -0.120354
40, 3, 11, 0.286991
40, 3, 12, 0.829008
40, 3, 13, 1.494002
40, 3, 14, 2.295355
40, 3, 15, 100.000000
40, 3, 16, 100.000000
40, 3, 17, 100.000000
40, 3, 18, 100.000000
40, 3, 19, 100.000000
40, 3, 20, 100.000000
40, 3, 21, 100.000000
40, 3, 22, 100.000000
40, 3, 23, 100.000000
40, 3, 24, 100.000000
40, 3, 25, 100.000000
40, 3, 26, 100.000000
40, 3, 27, 100.000000
40, 3, 28, 100.000000
40, 3, 29, 100.000000
40, 3, 30, 100.000000
40, 3, 31, 100.000000
40, 3, 32, 100.000000
40, 3, 33, 100.000000
40, 3, 34, 100.000000
40, 4, 0, 0.401011
40, 4, 1, -0.173713
40, 4, 2, -0.473131
40, 4, 3, -0.419493
40, 4, 4, -0.441582
40, 4, 5, -0.456999
40, 4, 6, -0.451536
40, 4, 7, -0.391154
40, 4, 8, -0.346073
40, 4, 9, -0.290049
40, 4, 10, -0.085149
40, 4, 11, 0.299559
40, 4, 12, 0.781076
40, 4, 13, 1.404232
40, 4, 14, 2.222223
40, 4, 15, 100.000000
40, 4, 16, 100.000000
40, 4, 17, 100.000000
40, 4, 18, 100.000000
40, 4, 19, 100.000000
40, 4, 20, 100.000000
40, 4, 21, 100.000000
40, 4, 22, 100.000000
40, 4, 23, 100.000000
40, 4, 24, 100.000000
40, 4, 25, 100.000000
40, 4, 26, 100.000000
40, 4, 27, 100.000000
40, 4, 28, 100.000000
40, 4, 29, 100.000000
40, 4, 30, 100.000000
40, 4, 31, 100.000000
40, 4, 32, 100.000000
40, 4, 33, 100.000000
40, 4, 34, 100.000000
40, 5, 0, 0.418325
40, 5, 1, -0.155509
40, 5, 2, -0.465299
40, 5, 3, -0.428807
40, 5, 4, -0.458083
40, 5, 5, -0.478737
40, 5, 6, -0.451487
40, 5, 7, -0.377562
40, 5, 8, -0.354495
40, 5, 9, -0.286275
40, 5, 10, -0.101864
40, 5, 11, 0.257083
40, 5, 12, 0.703797
40, 5, 13, 1.270978
40, 5, 14, 2.168698
40, 5, 15, 100.000000
40, 5, 16, 100.000000
40, 5, 17, 100.000000
40, 5, 18, 100.000000
40, 5, 19, 100.000000
40, 5, 20, 100.000000
40, 5, 21, 100.000000
40, 5, 22, 100.000000
40, 5, 23, 100.000000
40, 5, 24, 100.000000
40, 5, 25, 100.000000
40, 5, 26, 100.000000
40, 5, 27, 100.000000
40, 5, 28, 100.000000
40, 5, 29, 100.000000
40, 5, 30, 100.000000
40, 5, 31, 100.000000
40, 5, 32, 100.000000
40, 5, 33, 100.000000
40, 5, 34, 100.000000
40, 6, 0, 0.427667
40, 6, 1, -0.144174
40, 6, 2, -0.464507
40, 6, 3, -0.440140
40, 6, 4, -0.474542
40, 6, 5, -0.469787
40, 6, 6, -0.410859
40, 6, 7, -0.380804
40, 6, 8, -0.359278
40, 6, 9, -0.307677
40, 6, 10, -0.138603
40, 6, 11, 0.205379
40, 6, 12, 0.640004
40, 6, 13, 1.171004
40, 6, 14, 1.881129
40, 6, 15, 100.000000
40, 6, 16, 100.000000
40, 6, 17, 100.000000
40, 6, 18, 100.000000
40, 6, 19, 100.000000
40, 6, 20, 100.000000
40, 6, 21, 100.000000
40, 6, 22, 100.000000
40, 6, 23, 100.000000
40, 6, 24, 100.000000
40, 6, 25, 100.000000
40, 6, 26, 100.000000
40, 6, 27, 100.000000
40, 6, 28, 100.000000
40, 6, 29, 100.000000
40, 6, 30, 100.000000
40, 6, 31, 100.000000
40, 6, 32, 100.000000
40, 6, 33, 100.000000
40, 6, 34, 100.000000
40, 7, 0, 0.435615
40, 7, 1, -0.139711
40, 7, 2, -0.491241
40, 7, 3, -0.452134
40, 7, 4, -0.473331
40, 7, 5, -0.435588
40, 7, 6, -0.400775
40, 7, 7, -0.392079
40, 7, 8, -0.360805
40, 7, 9, -0.305718
40, 7, 10, -0.145365
40, 7, 11, 0.191941
40, 7, 12, 0.675842
40, 7, 13, 1.259446
40, 7, 14, 1.942804
40, 7, 15, 100.000000
40, 7, 16, 100.000000
40, 7, 17, 100.000000
40, 7, 18, 100.000000
40, 7, 19, 100.000000
40, 7, 20, 100.000000
40, 7, 21, 100.000000
40, 7, 22, 100.000000
40, 7, 23, 100.000000
40, 7, 24, 100.000000
40, 7, 25, 100.000000
40, 7, 26, 100.000000
40, 7, 27, 100.000000
40, 7, 28, 100.000000
40, 7, 29, 100.000000
40, 7, 30, 100.000000
40, 7, 31, 100.000000
40, 7, 32, 100.000000
40, 7, 33, 100.000000
40, 7, 34, 100.000000
40, 8, 0, 0.436444
40, 8, 1, -0.141377
40, 8, 2, -0.471034
40, 8, 3, -0.433481
40, 8, 4, -0.465797
40, 8, 5, -0.443682
40, 8, 6, -0.410692
40, 8, 7, -0.385417
40, 8, 8, -0.371406
40, 8, 9, -0.316527
40, 8, 10, -0.138755
40, 8, 11, 0.228458
40, 8, 12, 0.755913
40, 8, 13, 1.421779
40, 8, 14, 2.173762
40, 8, 15, 100.000000
40, 8, 16, 100.000000
40, 8, 17, 100.000000
40, 8, 18, 100.000000
40, 8, 19, 100.000000
40, 8, 20, 100.000000
40, 8, 21, 100.000000
40, 8, 22, 100.000000
40, 8, 23, 100.000000
40, 8, 24, 100.000000
40, 8, 25, 100.000000
40, 8, 26, 100.000000
40, 8, 27, 100.000000
40, 8, 28, 100.000000
40, 8, 29, 100.000000
40, 8, 30, 100.000000
40, 8, 31, 100.000000
40, 8, 32, 100.000000
40, 8, 33, 100.000000
40, 8, 34, 100.000000
40, 9, 0, 0.424228
40, 9, 1, -0.149549
40, 9, 2, -0.467758
40, 9, 3, -0.413198
40, 9, 4, -0.453838
40, 9, 5, -0.449268
40, 9, 6, -0.411088
40, 9, 7, -0.387833
40, 9, 8, -0.395989
40, 9, 9, -0.344772
40, 9, 10, -0.173209
40, 9, 11, 0.205568
40, 9, 12, 0.755280
40, 9, 13, 1.433527
40, 9, 14, 2.289490
40, 9, 15, 100.000000
40, 9, 16, 100.000000
40, 9, 17, 100.000000
40, 9, 18, 100.000000
40, 9, 19, 100.000000
40, 9, 20, 100.000000
40, 9, 21, 100.000000
40, 9, 22, 100.000000
40, 9, 23, 100.000000
40, 9, 24, 100.000000
40, 9, 25, 100.000000
40, 9, 26, 100.000000
40, 9, 27, 100.000000
40, 9, 28, 100.000000
40, 9, 29, 100.000000
40, 9, 30, 100.000000
40, 9, 31, 100.000000
40, 9, 32, 100.000000
40, 9, 33, 100.000000
40, 9, 34, 100.000000
40, 10, 0, 0.404749
40, 10, 1, -0.154499
40, 10, 2, -0.462758
40, 10, 3, -0.404942
40, 10, 4, -0.442500
40, 10, 5, -0.453467
40, 10, 6, -0.445829
40, 10, 7, -0.411185
40, 10, 8, -0.395883
40, 10, 9, -0.339313
40, 10, 10, -0.191696
40, 10, 11, 0.136410
40, 10, 12, 0.661527
40, 10, 13, 1.309317
40, 10, 14, 2.116123
40, 10, 15, 100.000000
40, 10, 16, 100.000000
40, 10, 17, 100.000000
40, 10, 18, 100.000000
40, 10, 19, 100.000000
40, 10, 20, 100.000000
40, 10, 21, 100.000000
40, 10, 22, 100.000000
40, 10, 23, 100.000000
40, 10, 24, 100.000000
40, 10, 25, 100.000000
40, 10, 26, 100.000000
40, 10, 27, 100.000000
40, 10, 28, 100.000000
40, 10, 29, 100.000000
40, 10, 30, 100.000000
40, 10, 31, 100.000000
40, 10, 32, 100.000000
40, 10, 33, 100.000000
40, 10, 34, 100.000000
40, 11, 0, 0.381438
40, 11, 1, -0.158786
40, 11, 2, -0.477980
40, 11, 3, -0.420057
40, 11, 4, -0.443450
40, 11, 5, -0.461685
40, 11, 6, -0.453074
40, 11, 7, -0.429634
40, 11, 8, -0.402380
40, 11, 9, -0.349960
40, 11, 10, -0.202169
40, 11, 11, 0.097777
40, 11, 12, 0.571120
40, 11, 13, 1.210437
40, 11, 14, 2.008615
40, 11, 15, 100.000000
40, 11, 16, 100.000000
40, 11, 17, 100.000000
40, 11, 18, 100.000000
40, 11, 19, 100.000000
40, 11, 20, 100.000000
40, 11, 21, 100.000000
40, 11, 22, 100.000000
40, 11, 23, 100.000000
40, 11, 24, 100.000000
40, 11, 25, 100.000000
40, 11, 26, 100.000000
40, 11, 27, 100.000000
40, 11, 28, 100.000000
40, 11, 29, 100.000000
40, 11, 30, 100.000000
40, 11, 31, 100.000000
40, 11, 32, 100.000000
40, 11, 33, 100.000000
40, 11, 34, 100.000000
40, 12, 0, 0.375520
40, 12, 1, -0.154958
40, 12, 2, -0.445448
40, 12, 3, -0.403285
40, 12, 4, -0.432683
40, 12, 5, -0.451032
40, 12, 6, -0.463423
40, 12, 7, -0.462870
40, 12, 8, -0.433698
40, 12, 9, -0.368295
40, 12, 10, -0.215869
40, 12, 11, 0.100597
40, 12, 12, 0.569048
40, 12, 13, 1.233407
40, 12, 14, 1.938941
40, 12, 15, 100.000000
40, 12, 16, 100.000000
40, 12, 17, 100.000000
40, 12, 18, 100.000000
40, 12, 19, 100.000000
40, 12, 20, 100.000000
40, 12, 21, 100.000000
40, 12, 22, 100.000000
40, 12, 23, 100.000000
40, 12, 24, 100.000000
40, 12, 25, 100.000000
40, 12, 26, 100.000000
40, 12, 27, 100.000000
40, 12, 28, 100.000000
40, 12, 29, 100.000000
40, 12, 30, 100.000000
40, 12, 31, 100.000000
40, 12, 32, 100.000000
40, 12, 33, 100.000000
40, 12, 34, 100.000000
40, 13, 0, 0.388127
40, 13, 1, -0.148683
40, 13, 2, -0.457171
40, 13, 3, -0.384751
40, 13, 4, -0.437072
40, 13, 5, -0.468871
40, 13, 6, -0.464141
40, 13, 7, -0.476949
40, 13, 8, -0.452112
40, 13, 9, -0.373246
40, 13, 10, -0.206274
40, 13, 11, 0.124358
40, 13, 12, 0.604902
40, 13, 13, 1.248785
40, 13, 14, 1.971270
40, 13, 15, 100.000000
40, 13, 16, 100.000000
40, 13, 17, 100.000000
40, 13, 18, 100.000000
40, 13, 19, 100.000000
40, 13, 20, 100.000000
40, 13, 21, 100.000000
40, 13, 22, 100.000000
40, 13, 23, 100.000000
40, 13, 24, 100.000000
40, 13, 25, 100.000000
40, 13, 26, 100.000000
40, 13, 27, 100.000000
40, 13, 28, 100.000000
40, 13, 29, 100.000000
40, 13, 30, 100.000000
40, 13, 31, 100.000000
40, 13, 32, 100.000000
40, 13, 33, 100.000000
40, 13, 34, 100.000000
40, 14, 0, 0.408673
40, 14, 1, -0.132694
40, 14, 2, -0.477674
40, 14, 3, -0.381288
40, 14, 4, -0.426037
40, 14, 5, -0.466568
40, 14, 6, -0.465591
40, 14, 7, -0.476198
40, 14, 8, -0.470837
40, 14, 9, -0.405273
40, 14, 10, -0.216171
40, 14, 11, 0.142093
40, 14, 12, 0.630743
40, 14, 13, 1.246175
40, 14, 14, 1.978087
40, 14, 15, 100.000000
40, 14, 16, 100.000000
40, 14, 17, 100.000000
40, 14, 18, 100.000000
40, 14, 19, 100.000000
40, 14, 20, 100.000000
40, 14, 21, 100.000000
40, 14, 22, 100.000000
40, 14, 23, 100.000000
40, 14, 24, 100.000000
40, 14, 25, 100.000000
40, 14, 26, 100.000000
40, 14, 27, 100.000000
40, 14, 28, 100.000000
40, 14, 29, 100.000000
40, 14, 30, 100.000000
40, 14, 31, 100.000000
40, 14, 32, 100.000000
40, 14, 33, 100.000000
40, 14, 34, 100.000000
40, 15, 0, 0.436776
40, 15, 1, -0.123373
40, 15, 2, -0.470570
40, 15, 3, -0.386621
40, 15, 4, -0.431881
40, 15, 5, -0.482130
40, 15, 6, -0.472580
40, 15, 7, -0.473429
40, 15, 8, -0.479395
40, 15, 9, -0.437392
40, 15, 10, -0.254938
40, 15, 11, 0.111039
40, 15, 12, 0.605366
40, 15, 13, 1.201423
40, 15, 14, 1.881709
40, 15, 15, 100.000000
40, 15, 16, 100.000000
40, 15, 17, 100.000000
40, 15, 18, 100.000000
40, 15, 19, 100.000000
40, 15, 20, 100.000000
40, 15, 21, 100.000000
40, 15, 22, 100.000000
40, 15, 23, 100.000000
40, 15, 24, 100.000000
40, 15, 25, 100.000000
40, 15, 26, 100.000000
40, 15, 27, 100.000000
40, 15, 28, 100.000000
40, 15, 29, 100.000000
40, 15, 30, 100.000000
40, 15, 31, 100.000000
40, 15, 32, 100.000000
40, 15, 33, 100.000000
40, 15, 34, 100.000000
40, 16, 0, 0.454588
40, 16, 1, -0.133215
40, 16, 2, -0.463661
40, 16, 3, -0.393048
40, 16, 4, -0.462510
40, 16, 5, -0.474678
40, 16, 6, -0.481961
40, 16, 7, -0.476925
40, 16, 8, -0.480197
40, 16, 9, -0.447402
40, 16, 10, -0.267493
40, 16, 11, 0.085804
40, 16, 12, 0.562126
40, 16, 13, 1.076505
40, 16, 14, 1.673891
40, 16, 15, 2.452409
40, 16, 16, 100.000000
40, 16, 17, 100.000000
40, 16, 18, 100.000000
40, 16, 19, 100.000000
40, 16, 20, 100.000000
40, 16, 21, 100.000000
40, 16, 22, 100.000000
40, 16, 23, 100.000000
40, 16, 24, 100.000000
40, 16, 25, 100.000000
40, 16, 26, 100.000000
40, 16, 27, 100.000000
40, 16, 28, 100.000000
40, 16, 29, 100.000000
40, 16, 30, 100.000000
40, 16, 31, 100.000000
40, 16, 32, 100.000000
40, 16, 33, 100.000000
40, 16, 34, 100.000000
40, 17, 0, 0.436631
40, 17, 1, -0.155193
40, 17, 2, -0.458802
40, 17, 3, -0.416533
40, 17, 4, -0.479864
40, 17, 5, -0.481935
40, 17, 6, -0.468020
40, 17, 7, -0.458510
40, 17, 8, -0.446752
40, 17, 9, -0.390808
40, 17, 10, -0.230170
40, 17, 11, 0.093966
40, 17, 12, 0.547283
40, 17, 13, 1.014812
40, 17, 14, 1.582827
40, 17, 15, 2.389750
40, 17, 16, 100.000000
40, 17, 17, 100.000000
40, 17, 18, 100.000000
40, 17, 19, 100.000000
40, 17, 20, 100.000000
40, 17, 21, 100.000000
40, 17, 22, 100.000000
40, 17, 23, 100.000000
40, 17, 24, 100.000000
40, 17, 25, 100.000000
40, 17, 26, 100.000000
40, 17, 27, 100.000000
40, 17, 28, 100.000000
40, 17, 29, 100.000000
40, 17, 30, 100.000000
40, 17, 31, 100.000000
40, 17, 32, 100.000000
40, 17, 33, 100.000000
40, 17, 34, 100.000000
40, 18, 0, 0.405393
40, 18, 1, -0.163789
40, 18, 2, -0.459682
40, 18, 3, -0.430355
40, 18, 4, -0.467495
40, 18, 5, -0.466439
40, 18, 6, -0.460923
40, 18, 7, -0.442314
40, 18, 8, -0.405160
40, 18, 9, -0.351046
40, 18, 10, -0.218735
40, 18, 11, 0.095807
40, 18, 12, 0.563842
40, 18, 13, 1.099064
40, 18, 14, 1.840021
40, 18, 15, 100.000000
40, 18, 16, 100.000000
40, 18, 17, 100.000000
40, 18, 18, 100.000000
40, 18, 19, 100.000000
40, 18, 20, 100.000000
40, 18, 21, 100.000000
40, 18, 22, 100.000000
40, 18, 23, 100.000000
40, 18, 24, 100.000000
40, 18, 25, 100.000000
40, 18, 26, 100.000000
40, 18, 27, 100.000000
40, 18, 28, 100.000000
40, 18, 29, 100.000000
40, 18, 30, 100.000000
40, 18, 31, 100.000000
40, 18, 32, 100.000000
40, 18, 33, 100.000000
40, 18, 34, 100.000000
40, 19, 0, 0.392785
40, 19, 1, -0.166858
40, 19, 2, -0.456313
40, 19, 3, -0.419291
40, 19, 4, -0.465676
40, 19, 5, -0.471201
40, 19, 6, -0.471980
40, 19, 7, -0.469740
40, 19, 8, -0.415409
40, 19, 9, -0.369410
40, 19, 10, -0.240850
40, 19, 11, 0.087096
40, 19, 12, 0.582663
40, 19, 13, 1.153564
40, 19, 14, 1.929155
40, 19, 15, 100.000000
40, 19, 16, 100.000000
40, 19, 17, 100.000000
40, 19, 18, 100.000000
40, 19, 19, 100.000000
40, 19, 20, 100.000000
40, 19, 21, 100.000000
40, 19, 22, 100.000000
40, 19, 23, 100.000000
40, 19, 24, 100.000000
40, 19, 25, 100.000000
40, 19, 26, 100.000000
40, 19, 27, 100.000000
40, 19, 28, 100.000000
40, 19, 29, 100.000000
40, 19, 30, 100.000000
40, 19, 31, 100.000000
40, 19, 32, 100.000000
40, 19, 33, 100.000000
40, 19, 34, 100.000000
40, 20, 0, 0.402678
40, 20, 1, -0.173273
40, 20, 2, -0.438376
40, 20, 3, -0.405077
40, 20, 4, -0.440375
40, 20, 5, -0.445771
40, 20, 6, -0.485986
40, 20, 7, -0.482097
40, 20, 8, -0.429866
40, 20, 9, -0.366971
40, 20, 10, -0.227542
40, 20, 11, 0.080717
40, 20, 12, 0.543262
40, 20, 13, 1.065873
40, 20, 14, 1.814103
40, 20, 15, 100.000000
40, 20, 16, 100.000000
40, 20, 17, 100.000000
40, 20, 18, 100.000000
40, 20, 19, 100.000000
40, 20, 20, 100.000000
40, 20, 21, 100.000000
40, 20, 22, 100.000000
40, 20, 23, 100.000000
40, 20, 24, 100.000000
40, 20, 25, 100.000000
40, 20, 26, 100.000000
40, 20, 27, 100.000000
40, 20, 28, 100.000000
40, 20, 29, 100.000000
40, 20, 30, 100.000000
40, 20, 31, 100.000000
40, 20, 32, 100.000000
40, 20, 33, 100.000000
40, 20, 34, 100.000000
40, 21, 0, 0.394198
40, 21, 1, -0.182269
40, 21, 2, -0.449344
40, 21, 3, -0.410034
40, 21, 4, -0.439678
40, 21, 5, -0.429483
40, 21, 6, -0.474223
40, 21, 7, -0.469608
40, 21, 8, -0.453169
40, 21, 9, -0.367145
40, 21, 10, -0.217019
40, 21, 11, 0.067943
40, 21, 12, 0.489751
40, 21, 13, 1.000107
40, 21, 14, 1.705153
40, 21, 15, 100.000000
40, 21, 16, 100.000000
40, 21, 17, 100.000000
40, 21, 18, 100.000000
40, 21, 19, 100.000000
40, 21, 20, 100.000000
40, 21, 21, 100.000000
40, 21, 22, 100.000000
40, 21, 23, 100.000000
40, 21, 24, 100.000000
40, 21, 25, 100.000000
40, 21, 26, 100.000000
40, 21, 27, 100.000000
40, 21, 28, 100.000000
40, 21, 29, 100.000000
40, 21, 30, 100.000000
40, 21, 31, 100.000000
40, 21, 32, 100.000000
40, 21, 33, 100.000000
40, 21, 34, 100.000000
40, 22, 0, 0.387218
40, 22, 1, -0.172039
40, 22, 2, -0.470064
40, 22, 3, -0.418523
40, 22, 4, -0.445190
40, 22, 5, -0.439778
40, 22, 6, -0.464200
40, 22, 7, -0.458594
40, 22, 8, -0.445960
40, 22, 9, -0.355893
40, 22, 10, -0.193220
40, 22, 11, 0.072338
40, 22, 12, 0.488025
40, 22, 13, 1.004526
40, 22, 14, 1.554354
40, 22, 15, 2.470763
40, 22, 16, 100.000000
40, 22, 17, 100.000000
40, 22, 18, 100.000000
40, 22, 19, 100.000000
40, 22, 20, 100.000000
40, 22, 21, 100.000000
40, 22, 22, 100.000000
40, 22, 23, 100.000000
40, 22, 24, 100.000000
40, 22, 25, 100.000000
40, 22, 26, 100.000000
40, 22, 27, 100.000000
40, 22, 28, 100.000000
40, 22, 29, 100.000000
40, 22, 30, 100.000000
40, 22, 31, 100.000000
40, 22, 32, 100.000000
40, 22, 33, 100.000000
40, 22, 34, 100.000000
40, 23, 0, 0.401160
40, 23, 1, -0.152508
40, 23, 2, -0.487794
40, 23, 3, -0.415067
40, 23, 4, -0.446266
40, 23, 5, -0.457162
40, 23, 6, -0.479565
40, 23, 7, -0.463804
40, 23, 8, -0.450751
40, 23, 9, -0.372314
40, 23, 10, -0.202433
40, 23, 11, 0.086107
40, 23, 12, 0.525164
40, 23, 13, 1.066188
40, 23, 14, 1.468072
40, 23, 15, 2.480129
40, 23, 16, 100.000000
40, 23, 17, 100.000000
40, 23, 18, 100.000000
40, 23, 19, 100.000000
40, 23, 20, 100.000000
40, 23, 21, 100.000000
40, 23, 22, 100.000000
40, 23, 23, 100.000000
40, 23, 24, 100.000000
40, 23, 25, 100.000000
40, 23, 26, 100.000000
40, 23, 27, 100.000000
40, 23, 28, 100.000000
40, 23, 29, 100.000000
40, 23, 30, 100.000000
40, 23, 31, 100.000000
40, 23, 32, 100.000000
40, 23, 33, 100.000000
40, 23, 34, 100.000000
40, 24, 0, 0.415346
40, 24, 1, -0.148232
40, 24, 2, -0.487406
40, 24, 3, -0.407300
40, 24, 4, -0.439438
40, 24, 5, -0.478970
40, 24, 6, -0.482524
40, 24, 7, -0.464962
40, 24, 8, -0.472415
40, 24, 9, -0.373910
40, 24, 10, -0.184105
40, 24, 11, 0.108387
40, 24, 12, 0.576662
40, 24, 13, 1.172941
40, 24, 14, 1.747115
40, 24, 15, 100.000000
40, 24, 16, 100.000000
40, 24, 17, 100.000000
40, 24, 18, 100.000000
40, 24, 19, 100.000000
40, 24, 20, 100.000000
40, 24, 21, 100.000000
40, 24, 22, 100.000000
40, 24, 23, 100.000000
40, 24, 24, 100.000000
40, 24, 25, 100.000000
40, 24, 26, 100.000000
40, 24, 27, 100.000000
40, 24, 28, 100.000000
40, 24, 29, 100.000000
40, 24, 30, 100.000000
40, 24, 31, 100.000000
40, 24, 32, 100.000000
40, 24, 33, 100.000000
40, 24, 34, 100.000000
40, 25, 0, 0.401181
40, 25, 1, -0.165515
40, 25, 2, -0.477516
40, 25, 3, -0.398086
40, 25, 4, -0.445893
40, 25, 5, -0.481754
40, 25, 6, -0.472877
40, 25, 7, -0.466437
40, 25, 8, -0.466499
40, 25, 9, -0.334941
40, 25, 10, -0.136053
40, 25, 11, 0.138290
40, 25, 12, 0.613806
40, 25, 13, 1.213056
40, 25, 14, 1.861680
40, 25, 15, 100.000000
40, 25, 16, 100.000000
40, 25, 17, 100.000000
40, 25, 18, 100.000000
40, 25, 19, 100.000000
40, 25, 20, 100.000000
40, 25, 21, 100.000000
40, 25, 22, 100.000000
40, 25, 23, 100.000000
40, 25, 24, 100.000000
40, 25, 25, 100.000000
40, 25, 26, 100.000000
40, 25, 27, 100.000000
40, 25, 28, 100.000000
40, 25, 29, 100.000000
40, 25, 30, 100.000000
40, 25, 31, 100.000000
40, 25, 32, 100.000000
40, 25, 33, 100.000000
40, 25, 34, 100.000000
40, 26, 0, 0.363915
40, 26, 1, -0.185617
40, 26, 2, -0.442410
40, 26, 3, -0.410681
40, 26, 4, -0.454423
40, 26, 5, -0.467399
40, 26, 6, -0.495733
40, 26, 7, -0.474568
40, 26, 8, -0.439584
40, 26, 9, -0.306679
40, 26, 10, -0.125765
40, 26, 11, 0.162684
40, 26, 12, 0.623247
40, 26, 13, 1.152756
40, 26, 14, 1.853636
40, 26, 15, 100.000000
40, 26, 16, 100.000000
40, 26, 17, 100.000000
40, 26, 18, 100.000000
40, 26, 19, 100.000000
40, 26, 20, 100.000000
40, 26, 21, 100.000000
40, 26, 22, 100.000000
40, 26, 23, 100.000000
40, 26, 24, 100.000000
40, 26, 25, 100.000000
40, 26, 26, 100.000000
40, 26, 27, 100.000000
40, 26, 28, 100.000000
40, 26, 29, 100.000000
40, 26, 30, 100.000000
40, 26, 31, 100.000000
40, 26, 32, 100.000000
40, 26, 33, 100.000000
40, 26, 34, 100.000000
40, 27, 0, 0.363589
40, 27, 1, -0.163824
40, 27, 2, -0.421261
40, 27, 3, -0.424689
40, 27, 4, -0.450121
40, 27, 5, -0.476860
40, 27, 6, -0.465915
40, 27, 7, -0.474434
40, 27, 8, -0.430870
40, 27, 9, -0.328117
40, 27, 10, -0.161434
40, 27, 11, 0.171123
40, 27, 12, 0.632598
40, 27, 13, 1.210941
40, 27, 14, 2.055112
40, 27, 15, 100.000000
40, 27, 16, 100.000000
40, 27, 17, 100.000000
40, 27, 18, 100.000000
40, 27, 19, 100.000000
40, 27, 20, 100.000000
40, 27, 21, 100.000000
40, 27, 22, 100.000000
40, 27, 23, 100.000000
40, 27, 24, 100.000000
40, 27, 25, 100.000000
40, 27, 26, 100.000000
40, 27, 27, 100.000000
40, 27, 28, 100.000000
40, 27, 29, 100.000000
40, 27, 30, 100.000000
40, 27, 31, 100.000000
40, 27, 32, 100.000000
40, 27, 33, 100.000000
40, 27, 34, 100.000000
40, 28, 0, 0.410777
40, 28, 1, -0.107020
40, 28, 2, -0.365352
40, 28, 3, -0.365881
40, 28, 4, -0.360794
40, 28, 5, -0.401733
40, 28, 6, -0.435176
40, 28, 7, -0.443007
40, 28, 8, -0.380713
40, 28, 9, -0.319383
40, 28, 10, -0.164821
40, 28, 11, 0.153327
40, 28, 12, 0.622118
40, 28, 13, 1.211673
40, 28, 14, 1.928353
40, 28, 15, 100.000000
40, 28, 16, 100.000000
40, 28, 17, 100.000000
40, 28, 18, 100.000000
40, 28, 19, 100.000000
40, 28, 20, 100.000000
40, 28, 21, 100.000000
40, 28, 22, 100.000000
40, 28, 23, 100.000000
40, 28, 24, 100.000000
40, 28, 25, 100.000000
40, 28, 26, 100.000000
40, 28, 27, 100.000000
40, 28, 28, 100.000000
40, 28, 29, 100.000000
40, 28, 30, 100.000000
40, 28, 31, 100.000000
40, 28, 32, 100.000000
40, 28, 33, 100.000000
40, 28, 34, 100.000000
40, 29, 0, 0.524956
40, 29, 1, 0.087761
40, 29, 2, -0.049641
40, 29, 3, -0.062123
40, 29, 4, -0.068591
40, 29, 5, -0.091083
40, 29, 6, -0.099616
40, 29, 7, -0.088138
40, 29, 8, -0.065463
40, 29, 9, -0.034268
40, 29, 10, 0.070099
40, 29, 11, 0.308393
40, 29, 12, 0.719389
40, 29, 13, 1.245399
40, 29, 14, 1.803181
40, 29, 15, 100.000000
40, 29, 16, 100.000000
40, 29, 17, 100.000000
40, 29, 18, 100.000000
40, 29, 19, 100.000000
40, 29, 20, 100.000000
40, 29, 21, 100.000000
40, 29, 22, 100.000000
40, 29, 23, 100.000000
40, 29, 24, 100.000000
40, 29, 25, 100.000000
40, 29, 26, 100.000000
40, 29, 27, 100.000000
40, 29, 28, 100.000000
40, 29, 29, 100.000000
40, 29, 30, 100.000000
40, 29, 31, 100.000000
40, 29, 32, 100.000000
40, 29, 33, 100.000000
40, 29, 34, 100.000000
41, 0, 0, 0.775441
41, 0, 1, 0.475557
41, 0, 2, 0.450880
41, 0, 3, 0.452503
41, 0, 4, 0.444999
41, 0, 5, 0.446687
41, 0, 6, 0.450801
41, 0, 7, 0.464581
41, 0, 8, 0.452087
41, 0, 9, 0.427796
41, 0, 10, 0.441788
41, 0, 11, 0.610271
41, 0, 12, 1.017798
41, 0, 13, 1.682675
41, 0, 14, 100.000000
41, 0, 15, 100.000000
41, 0, 16, 100.000000
41, 0, 17, 100.000000
41, 0, 18, 100.000000
41, 0, 19, 100.000000
41, 0, 20, 100.000000
41, 0, 21, 100.000000
41, 0, 22, 100.000000
41, 0, 23, 100.000000
41, 0, 24, 100.000000
41, 0, 25, 100.000000
41, 0, 26, 100.000000
41, 0, 27, 100.000000
41, 0, 28, 100.000000
41, 0, 29, 100.000000
41, 0, 30, 100.000000
41, 0, 31, 100.000000
41, 0, 32, 100.000000
41, 0, 33, 100.000000
41, 0, 34, 100.000000
41, 1, 0, 0.508804
41, 1, 1, 0.038796
41, 1, 2, -0.071455
41, 1, 3, -0.099903
41, 1, 4, -0.109139
41, 1, 5, -0.092465
41, 1, 6, -0.074695
41, 1, 7, -0.061813
41, 1, 8, -0.058593
41, 1, 9, -0.040915
41, 1, 10, 0.063983
41, 1, 11, 0.367948
41, 1, 12, 0.911156
41, 1, 13, 1.512636
41, 1, 14, 2.405428
41, 1, 15, 100.000000
41, 1, 16, 100.000000
41, 1, 17, 100.000000
41, 1, 18, 100.000000
41, 1, 19, 100.000000
41, 1, 20, 100.000000
41, 1, 21, 100.000000
41, 1, 22, 100.000000
41, 1, 23, 100.000000
41, 1, 24, 100.000000
41, 1, 25, 100.000000
41, 1, 26, 100.000000
41, 1, 27, 100.000000
41, 1, 28, 100.000000
41, 1, 29, 100.000000
41, 1, 30, 100.000000
41, 1, 31, 100.000000
41, 1, 32, 100.000000
41, 1, 33, 100.000000
41, 1, 34, 100.000000
41, 2, 0, 0.421987
41, 2, 1, -0.162509
41, 2, 2, -0.405238
41, 2, 3, -0.423786
41, 2, 4, -0.457717
41, 2, 5, -0.448052
41, 2, 6, -0.418940
41, 2, 7, -0.357824
41, 2, 8, -0.310084
41, 2, 9, -0.250465
41, 2, 10, -0.070118
41, 2, 11, 0.309906
41, 2, 12, 0.864105
41, 2, 13, 1.505469
41, 2, 14, 2.306588
41, 2, 15, 100.000000
41, 2, 16, 100.000000
41, 2, 17, 100.000000
41, 2, 18, 100.000000
41, 2, 19, 100.000000
41, 2, 20, 100.000000
41, 2, 21, 100.000000
41, 2, 22, 100.000000
41, 2, 23, 100.000000
41, 2, 24, 100.000000
41, 2, 25, 100.000000
41, 2, 26, 100.000000
41, 2, 27, 100.000000
41, 2, 28, 100.000000
41, 2, 29, 100.000000
41, 2, 30, 100.000000
41, 2, 31, 100.000000
41, 2, 32, 100.000000
41, 2, 33, 100.000000
41, 2, 34, 100.000000
41, 3, 0, 0.398028
41, 3, 1, -0.188315
41, 3, 2, -0.450127
41, 3, 3, -0.414275
41, 3, 4, -0.429648
41, 3, 5, -0.407834
41, 3, 6, -0.415195
41, 3, 7, -0.369596
41, 3, 8, -0.343236
41, 3, 9, -0.302166
41, 3, 10, -0.088234
41, 3, 11, 0.284961
41, 3, 12, 0.770115
41, 3, 13, 1.352631
41, 3, 14, 2.052020
41, 3, 15, 100.000000
41, 3, 16, 100.000000
41, 3, 17, 100.000000
41, 3, 18, 100.000000
41, 3, 19, 100.000000
41, 3, 20, 100.000000
41, 3, 21, 100.000000
41, 3, 22, 100.000000
41, 3, 23, 100.000000
41, 3, 24, 100.000000
41, 3, 25, 100.000000
41, 3, 26, 100.000000
41, 3, 27, 100.000000
41, 3, 28, 100.000000
41, 3, 29, 100.000000
41, 3, 30, 100.000000
41, 3, 31, 100.000000
41, 3, 32, 100.000000
41, 3, 33, 100.000000
41, 3, 34, 100.000000
41, 4, 0, 0.395760
41, 4, 1, -0.181918
41, 4, 2, -0.463981
41, 4, 3, -0.399027
41, 4, 4, -0.434420
41, 4, 5, -0.429739
41, 4, 6, -0.428672
41, 4, 7, -0.383565
41, 4, 8, -0.371157
41, 4, 9, -0.298063
41, 4, 10, -0.078679
41, 4, 11, 0.262645
41, 4, 12, 0.692144
41, 4, 13, 1.262123
41, 4, 14, 1.985371
41, 4, 15, 100.000000
41, 4, 16, 100.000000
41, 4, 17, 100.000000
41, 4, 18, 100.000000
41, 4, 19, 100.000000
41, 4, 20, 100.000000
41, 4, 21, 100.000000
41, 4, 22, 100.000000
41, 4, 23, 100.000000
41, 4, 24, 100.000000
41, 4, 25, 100.000000
41, 4, 26, 100.000000
41, 4, 27, 100.000000
41, 4, 28, 100.000000
41, 4, 29, 100.000000
41, 4, 30, 100.000000
41, 4, 31, 100.000000
41, 4, 32, 100.000000
41, 4, 33, 100.000000
41, 4, 34, 100.000000
41, 5, 0, 0.408662
41, 5, 1, -0.173852
41, 5, 2, -0.462911
41, 5, 3, -0.404204
41, 5, 4, -0.439763
41, 5, 5, -0.443211
41, 5, 6, -0.448758
41, 5, 7, -0.388608
41, 5, 8, -0.375410
41, 5, 9, -0.286339
41, 5, 10, -0.093153
41, 5, 11, 0.226551
41, 5, 12, 0.619537
41, 5, 13, 1.150355
41, 5, 14, 1.922366
41, 5, 15, 100.000000
41, 5, 16, 100.000000
41, 5, 17, 100.000000
41, 5, 18, 100.000000
41, 5, 19, 100.000000
41, 5, 20, 100.000000
41, 5, 21, 100.000000
41, 5, 22, 100.000000
41, 5, 23, 100.000000
41, 5, 24, 100.000000
41, 5, 25, 100.000000
41, 5, 26, 100.000000
41, 5, 27, 100.000000
41, 5, 28, 100.000000
41, 5, 29, 100.000000
41, 5, 30, 100.000000
41, 5, 31, 100.000000
41, 5, 32, 100.000000
41, 5, 33, 100.000000
41, 5, 34, 100.000000
41, 6, 0, 0.422156
41, 6, 1, -0.168733
41, 6, 2, -0.450761
41, 6, 3, -0.423614
41, 6, 4, -0.465579
41, 6, 5, -0.468027
41, 6, 6, -0.424191
41, 6, 7, -0.375626
41, 6, 8, -0.369762
41, 6, 9, -0.296428
41, 6, 10, -0.112913
41, 6, 11, 0.198806
41, 6, 12, 0.600690
41, 6, 13, 1.140023
41, 6, 14, 1.891694
41, 6, 15, 100.000000
41, 6, 16, 100.000000
41, 6, 17, 100.000000
41, 6, 18, 100.000000
41, 6, 19, 100.000000
41, 6, 20, 100.000000
41, 6, 21, 100.000000
41, 6, 22, 100.000000
41, 6, 23, 100.000000
41, 6, 24, 100.000000
41, 6, 25, 100.000000
41, 6, 26, 100.000000
41, 6, 27, 100.000000
41, 6, 28, 100.000000
41, 6, 29, 100.000000
41, 6, 30, 100.000000
41, 6, 31, 100.000000
41, 6, 32, 100.000000
41, 6, 33, 100.000000
41, 6, 34, 100.000000
41, 7, 0, 0.432187
41, 7, 1, -0.161943
41, 7, 2, -0.463133
41, 7, 3, -0.444557
41, 7, 4, -0.483885
41, 7, 5, -0.456595
41, 7, 6, -0.403287
41, 7, 7, -0.391676
41, 7, 8, -0.380212
41, 7, 9, -0.294898
41, 7, 10, -0.129452
41, 7, 11, 0.174142
41, 7, 12, 0.628343
41, 7, 13, 1.199542
41, 7, 14, 1.969360
41, 7, 15, 100.000000
41, 7, 16, 100.000000
41, 7, 17, 100.000000
41, 7, 18, 100.000000
41, 7, 19, 100.000000
41, 7, 20, 100.000000
41, 7, 21, 100.000000
41, 7, 22, 100.000000
41, 7, 23, 100.000000
41, 7, 24, 100.000000
41, 7, 25, 100.000000
41, 7, 26, 100.000000
41, 7, 27, 100.000000
41, 7, 28, 100.000000
41, 7, 29, 100.000000
41, 7, 30, 100.000000
41, 7, 31, 100.000000
41, 7, 32, 100.000000
41, 7, 33, 100.000000
41, 7, 34, 100.000000
41, 8, 0, 0.438050
41, 8, 1, -0.155002
41, 8, 2, -0.458735
41, 8, 3, -0.454435
41, 8, 4, -0.481528
41, 8, 5, -0.447196
41, 8, 6, -0.411710
41, 8, 7, -0.394366
41, 8, 8, -0.379033
41, 8, 9, -0.311180
41, 8, 10, -0.135538
41, 8, 11, 0.198675
41, 8, 12, 0.697099
41, 8, 13, 1.324334
41, 8, 14, 2.102190
41, 8, 15, 100.000000
41, 8, 16, 100.000000
41, 8, 17, 100.000000
41, 8, 18, 100.000000
41, 8, 19, 100.000000
41, 8, 20, 100.000000
41, 8, 21, 100.000000
41, 8, 22, 100.000000
41, 8, 23, 100.000000
41, 8, 24, 100.000000
41, 8, 25, 100.000000
41, 8, 26, 100.000000
41, 8, 27, 100.000000
41, 8, 28, 100.000000
41, 8, 29, 100.000000
41, 8, 30, 100.000000
41, 8, 31, 100.000000
41, 8, 32, 100.000000
41, 8, 33, 100.000000
41, 8, 34, 100.000000
41, 9, 0, 0.436624
41, 9, 1, -0.163939
41, 9, 2, -0.456363
41, 9, 3, -0.434889
41, 9, 4, -0.463024
41, 9, 5, -0.447771
41, 9, 6, -0.410209
41, 9, 7, -0.392172
41, 9, 8, -0.392941
41, 9, 9, -0.333682
41, 9, 10, -0.154677
41, 9, 11, 0.197417
41, 9, 12, 0.742575
41, 9, 13, 1.370501
41, 9, 14, 2.054099
41, 9, 15, 100.000000
41, 9, 16, 100.000000
41, 9, 17, 100.000000
41, 9, 18, 100.000000
41, 9, 19, 100.000000
41, 9, 20, 100.000000
41, 9, 21, 100.000000
41, 9, 22, 100.000000
41, 9, 23, 100.000000
41, 9, 24, 100.000000
41, 9, 25, 100.000000
41, 9, 26, 100.000000
41, 9, 27, 100.000000
41, 9, 28, 100.000000
41, 9, 29, 100.000000
41, 9, 30, 100.000000
41, 9, 31, 100.000000
41, 9, 32, 100.000000
41, 9, 33, 100.000000
41, 9, 34, 100.000000
41, 10, 0, 0.425271
41, 10, 1, -0.175476
41, 10, 2, -0.448478
41, 10, 3, -0.415551
41, 10, 4, -0.461124
41, 10, 5, -0.454335
41, 10, 6, -0.446968
41, 10, 7, -0.409223
41, 10, 8, -0.387754
41, 10, 9, -0.336178
41, 10, 10, -0.164013
41, 10, 11, 0.177968
41, 10, 12, 0.704125
41, 10, 13, 1.315971
41, 10, 14, 1.916710
41, 10, 15, 100.000000
41, 10, 16, 100.000000
41, 10, 17, 100.000000
41, 10, 18, 100.000000
41, 10, 19, 100.000000
41, 10, 20, 100.000000
41, 10, 21, 100.000000
41, 10, 22, 100.000000
41, 10, 23, 100.000000
41, 10, 24, 100.000000
41, 10, 25, 100.000000
41, 10, 26, 100.000000
41, 10, 27, 100.000000
41, 10, 28, 100.000000
41, 10, 29, 100.000000
41, 10, 30, 100.000000
41, 10, 31, 100.000000
41, 10, 32, 100.000000
41, 10, 33, 100.000000
41, 10, 34, 100.000000
41, 11, 0, 0.403375
41, 11, 1, -0.178908
41, 11, 2, -0.452756
41, 11, 3, -0.422906
41, 11, 4, -0.468782
41, 11, 5, -0.465271
41, 11, 6, -0.460512
41, 11, 7, -0.436653
41, 11, 8, -0.402639
41, 11, 9, -0.343969
41, 11, 10, -0.173844
41, 11, 11, 0.170377
41, 11, 12, 0.645396
41, 11, 13, 1.247997
41, 11, 14, 1.947266
41, 11, 15, 100.000000
41, 11, 16, 100.000000
41, 11, 17, 100.000000
41, 11, 18, 100.000000
41, 11, 19, 100.000000
41, 11, 20, 100.000000
41, 11, 21, 100.000000
41, 11, 22, 100.000000
41, 11, 23, 100.000000
41, 11, 24, 100.000000
41, 11, 25, 100.000000
41, 11, 26, 100.000000
41, 11, 27, 100.000000
41, 11, 28, 100.000000
41, 11, 29, 100.000000
41, 11, 30, 100.000000
41, 11, 31, 100.000000
41, 11, 32, 100.000000
41, 11, 33, 100.000000
41, 11, 34, 100.000000
41, 12, 0, 0.383424
41, 12, 1, -0.178118
41, 12, 2, -0.452394
41, 12, 3, -0.409031
41, 12, 4, -0.469945
41, 12, 5, -0.468981
41, 12, 6, -0.459348
41, 12, 7, -0.456172
41, 12, 8, -0.425743
41, 12, 9, -0.351386
41, 12, 10, -0.185837
41, 12, 11, 0.161396
41, 12, 12, 0.640070
41, 12, 13, 1.277904
41, 12, 14, 1.940567
41, 12, 15, 100.000000
41, 12, 16, 100.000000
41, 12, 17, 100.000000
41, 12, 18, 100.000000
41, 12, 19, 100.000000
41, 12, 20, 100.000000
41, 12, 21, 100.000000
41, 12, 22, 100.000000
41, 12, 23, 100.000000
41, 12, 24, 100.000000
41, 12, 25, 100.000000
41, 12, 26, 100.000000
41, 12, 27, 100.000000
41, 12, 28, 100.000000
41, 12, 29, 100.000000
41, 12, 30, 100.000000
41, 12, 31, 100.000000
41, 12, 32, 100.000000
41, 12, 33, 100.000000
41, 12, 34, 100.000000
41, 13, 0, 0.386953
41, 13, 1, -0.156046
41, 13, 2, -0.444222
41, 13, 3, -0.377835
41, 13, 4, -0.432471
41, 13, 5, -0.461208
41, 13, 6, -0.469475
41, 13, 7, -0.468302
41, 13, 8, -0.444936
41, 13, 9, -0.364617
41, 13, 10, -0.202478
41, 13, 11, 0.153364
41, 13, 12, 0.663102
41, 13, 13, 1.282426
41, 13, 14, 2.033493
41, 13, 15, 100.000000
41, 13, 16, 100.000000
41, 13, 17, 100.000000
41, 13, 18, 100.000000
41, 13, 19, 100.000000
41, 13, 20, 100.000000
41, 13, 21, 100.000000
41, 13, 22, 100.000000
41, 13, 23, 100.000000
41, 13, 24, 100.000000
41, 13, 25, 100.000000
41, 13, 26, 100.000000
41, 13, 27, 100.000000
41, 13, 28, 100.000000
41, 13, 29, 100.000000
41, 13, 30, 100.000000
41, 13, 31, 100.000000
41, 13, 32, 100.000000
41, 13, 33, 100.000000
41, 13, 34, 100.000000
41, 14, 0, 0.409236
41, 14, 1, -0.131156
41, 14, 2, -0.475549
41, 14, 3, -0.393648
41, 14, 4, -0.434841
41, 14, 5, -0.457677
41, 14, 6, -0.469597
41, 14, 7, -0.479477
41, 14, 8, -0.465256
41, 14, 9, -0.401118
41, 14, 10, -0.237214
41, 14, 11, 0.141318
41, 14, 12, 0.664844
41, 14, 13, 1.256360
41, 14, 14, 1.995954
41, 14, 15, 100.000000
41, 14, 16, 100.000000
41, 14, 17, 100.000000
41, 14, 18, 100.000000
41, 14, 19, 100.000000
41, 14, 20, 100.000000
41, 14, 21, 100.000000
41, 14, 22, 100.000000
41, 14, 23, 100.000000
41, 14, 24, 100.000000
41, 14, 25, 100.000000
41, 14, 26, 100.000000
41, 14, 27, 100.000000
41, 14, 28, 100.000000
41, 14, 29, 100.000000
41, 14, 30, 100.000000
41, 14, 31, 100.000000
41, 14, 32, 100.000000
41, 14, 33, 100.000000
41, 14, 34, 100.000000
41, 15, 0, 0.440440
41, 15, 1, -0.116260
41, 15, 2, -0.475189
41, 15, 3, -0.401142
41, 15, 4, -0.429066
41, 15, 5, -0.458655
41, 15, 6, -0.479222
41, 15, 7, -0.480523
41, 15, 8, -0.488487
41, 15, 9, -0.442794
41, 15, 10, -0.247244
41, 15, 11, 0.135460
41, 15, 12, 0.638008
41, 15, 13, 1.238654
41, 15, 14, 2.067528
41, 15, 15, 100.000000
41, 15, 16, 100.000000
41, 15, 17, 100.000000
41, 15, 18, 100.000000
41, 15, 19, 100.000000
41, 15, 20, 100.000000
41, 15, 21, 100.000000
41, 15, 22, 100.000000
41, 15, 23, 100.000000
41, 15, 24, 100.000000
41, 15, 25, 100.000000
41, 15, 26, 100.000000
41, 15, 27, 100.000000
41, 15, 28, 100.000000
41, 15, 29, 100.000000
41, 15, 30, 100.000000
41, 15, 31, 100.000000
41, 15, 32, 100.000000
41, 15, 33, 100.000000
41, 15, 34, 100.000000
41, 16, 0, 0.470099
41, 16, 1, -0.119677
41, 16, 2, -0.485699
41, 16, 3, -0.400649
41, 16, 4, -0.436260
41, 16, 5, -0.470307
41, 16, 6, -0.485022
41, 16, 7, -0.469629
41, 16, 8, -0.462861
41, 16, 9, -0.424732
41, 16, 10, -0.240298
41, 16, 11, 0.113095
41, 16, 12, 0.585537
41, 16, 13, 1.154758
41, 16, 14, 1.928499
41, 16, 15, 100.000000
41, 16, 16, 100.000000
41, 16, 17, 100.000000
41, 16, 18, 100.000000
41, 16, 19, 100.000000
41, 16, 20, 100.000000
41, 16, 21, 100.000000
41, 16, 22, 100.000000
41, 16, 23, 100.000000
41, 16, 24, 100.000000
41, 16, 25, 100.000000
41, 16, 26, 100.000000
41, 16, 27, 100.000000
41, 16, 28, 100.000000
41, 16, 29, 100.000000
41, 16, 30, 100.000000
41, 16, 31, 100.000000
41, 16, 32, 100.000000
41, 16, 33, 100.000000
41, 16, 34, 100.000000
41, 17, 0, 0.447384
41, 17, 1, -0.140441
41, 17, 2, -0.465091
41, 17, 3, -0.419283
41, 17, 4, -0.454113
41, 17, 5, -0.477396
41, 17, 6, -0.483705
41, 17, 7, -0.449295
41, 17, 8, -0.426674
41, 17, 9, -0.367537
41, 17, 10, -0.224403
41, 17, 11, 0.066228
41, 17, 12, 0.515288
41, 17, 13, 1.090034
41, 17, 14, 1.865523
41, 17, 15, 100.000000
41, 17, 16, 100.000000
41, 17, 17, 100.000000
41, 17, 18, 100.000000
41, 17, 19, 100.000000
41, 17, 20, 100.000000
41, 17, 21, 100.000000
41, 17, 22, 100.000000
41, 17, 23, 100.000000
41, 17, 24, 100.000000
41, 17, 25, 100.000000
41, 17, 26, 100.000000
41, 17, 27, 100.000000
41, 17, 28, 100.000000
41, 17, 29, 100.000000
41, 17, 30, 100.000000
41, 17, 31, 100.000000
41, 17, 32, 100.000000
41, 17, 33, 100.000000
41, 17, 34, 100.000000
41, 18, 0, 0.405293
41, 18, 1, -0.152773
41, 18, 2, -0.457939
41, 18, 3, -0.416508
41, 18, 4, -0.450265
41, 18, 5, -0.459430
41, 18, 6, -0.463049
41, 18, 7, -0.448544
41, 18, 8, -0.393804
41, 18, 9, -0.360513
41, 18, 10, -0.254136
41, 18, 11, 0.037199
41, 18, 12, 0.529294
41, 18, 13, 1.149943
41, 18, 14, 2.011189
41, 18, 15, 100.000000
41, 18, 16, 100.000000
41, 18, 17, 100.000000
41, 18, 18, 100.000000
41, 18, 19, 100.000000
41, 18, 20, 100.000000
41, 18, 21, 100.000000
41, 18, 22, 100.000000
41, 18, 23, 100.000000
41, 18, 24, 100.000000
41, 18, 25, 100.000000
41, 18, 26, 100.000000
41, 18, 27, 100.000000
41, 18, 28, 100.000000
41, 18, 29, 100.000000
41, 18, 30, 100.000000
41, 18, 31, 100.000000
41, 18, 32, 100.000000
41, 18, 33, 100.000000
41, 18, 34, 100.000000
41, 19, 0, 0.397172
41, 19, 1, -0.149574
41, 19, 2, -0.445753
41, 19, 3, -0.403659
41, 19, 4, -0.446431
41, 19, 5, -0.466260
41, 19, 6, -0.476466
41, 19, 7, -0.463148
41, 19, 8, -0.408847
41, 19, 9, -0.363861
41, 19, 10, -0.255199
41, 19, 11, 0.056573
41, 19, 12, 0.593379
41, 19, 13, 1.219042
41, 19, 14, 2.017269
41, 19, 15, 100.000000
41, 19, 16, 100.000000
41, 19, 17, 100.000000
41, 19, 18, 100.000000
41, 19, 19, 100.000000
41, 19, 20, 100.000000
41, 19, 21, 100.000000
41, 19, 22, 100.000000
41, 19, 23, 100.000000
41, 19, 24, 100.000000
41, 19, 25, 100.000000
41, 19, 26, 100.000000
41, 19, 27, 100.000000
41, 19, 28, 100.000000
41, 19, 29, 100.000000
41, 19, 30, 100.000000
41, 19, 31, 100.000000
41, 19, 32, 100.000000
41, 19, 33, 100.000000
41, 19, 34, 100.000000
41, 20, 0, 0.409244
41, 20, 1, -0.155095
41, 20, 2, -0.453781
41, 20, 3, -0.399312
41, 20, 4, -0.440177
41, 20, 5, -0.440117
41, 20, 6, -0.469787
41, 20, 7, -0.482204
41, 20, 8, -0.439174
41, 20, 9, -0.368196
41, 20, 10, -0.227384
41, 20, 11, 0.082598
41, 20, 12, 0.598739
41, 20, 13, 1.172462
41, 20, 14, 1.914512
41, 20, 15, 100.000000
41, 20, 16, 100.000000
41, 20, 17, 100.000000
41, 20, 18, 100.000000
41, 20, 19, 100.000000
41, 20, 20, 100.000000
41, 20, 21, 100.000000
41, 20, 22, 100.000000
41, 20, 23, 100.000000
41, 20, 24, 100.000000
41, 20, 25, 100.000000
41, 20, 26, 100.000000
41, 20, 27, 100.000000
41, 20, 28, 100.000000
41, 20, 29, 100.000000
41, 20, 30, 100.000000
41, 20, 31, 100.000000
41, 20, 32, 100.000000
41, 20, 33, 100.000000
41, 20, 34, 100.000000
41, 21, 0, 0.400288
41, 21, 1, -0.166714
41, 21, 2, -0.473893
41, 21, 3, -0.409507
41, 21, 4, -0.451671
41, 21, 5, -0.427770
41, 21, 6, -0.448574
41, 21, 7, -0.482959
41, 21, 8, -0.454107
41, 21, 9, -0.382965
41, 21, 10, -0.227539
41, 21, 11, 0.076988
41, 21, 12, 0.555935
41, 21, 13, 1.087507
41, 21, 14, 1.779783
41, 21, 15, 100.000000
41, 21, 16, 100.000000
41, 21, 17, 100.000000
41, 21, 18, 100.000000
41, 21, 19, 100.000000
41, 21, 20, 100.000000
41, 21, 21, 100.000000
41, 21, 22, 100.000000
41, 21, 23, 100.000000
41, 21, 24, 100.000000
41, 21, 25, 100.000000
41, 21, 26, 100.000000
41, 21, 27, 100.000000
41, 21, 28, 100.000000
41, 21, 29, 100.000000
41, 21, 30, 100.000000
41, 21, 31, 100.000000
41, 21, 32, 100.000000
41, 21, 33, 100.000000
41, 21, 34, 100.000000
41, 22, 0, 0.382487
41, 22, 1, -0.168074
41, 22, 2, -0.482241
41, 22, 3, -0.423560
41, 22, 4, -0.453602
41, 22, 5, -0.436817
41, 22, 6, -0.449457
41, 22, 7, -0.451101
41, 22, 8, -0.431010
41, 22, 9, -0.394883
41, 22, 10, -0.232643
41, 22, 11, 0.075550
41, 22, 12, 0.533861
41, 22, 13, 1.068473
41, 22, 14, 1.546987
41, 22, 15, 2.361214
41, 22, 16, 100.000000
41, 22, 17, 100.000000
41, 22, 18, 100.000000
41, 22, 19, 100.000000
41, 22, 20, 100.000000
41, 22, 21, 100.000000
41, 22, 22, 100.000000
41, 22, 23, 100.000000
41, 22, 24, 100.000000
41, 22, 25, 100.000000
41, 22, 26, 100.000000
41, 22, 27, 100.000000
41, 22, 28, 100.000000
41, 22, 29, 100.000000
41, 22, 30, 100.000000
41, 22, 31, 100.000000
41, 22, 32, 100.000000
41, 22, 33, 100.000000
41, 22, 34, 100.000000
41, 23, 0, 0.373987
41, 23, 1, -0.167413
41, 23, 2, -0.493065
41, 23, 3, -0.427546
41, 23, 4, -0.456824
41, 23, 5, -0.443367
41, 23, 6, -0.459378
41, 23, 7, -0.455598
41, 23, 8, -0.427222
41, 23, 9, -0.428627
41, 23, 10, -0.228950
41, 23, 11, 0.107716
41, 23, 12, 0.567981
41, 23, 13, 1.087930
41, 23, 14, 1.498218
41, 23, 15, 2.370938
41, 23, 16, 100.000000
41, 23, 17, 100.000000
41, 23, 18, 100.000000
41, 23, 19, 100.000000
41, 23, 20, 100.000000
41, 23, 21, 100.000000
41, 23, 22, 100.000000
41, 23, 23, 100.000000
41, 23, 24, 100.000000
41, 23, 25, 100.000000
41, 23, 26, 100.000000
41, 23, 27, 100.000000
41, 23, 28, 100.000000
41, 23, 29, 100.000000
41, 23, 30, 100.000000
41, 23, 31, 100.000000
41, 23, 32, 100.000000
41, 23, 33, 100.000000
41, 23, 34, 100.000000
41, 24, 0, 0.387968
41, 24, 1, -0.169106
41, 24, 2, -0.473370
41, 24, 3, -0.419606
41, 24, 4, -0.433353
41, 24, 5, -0.434516
41, 24, 6, -0.460003
41, 24, 7, -0.469226
41, 24, 8, -0.440951
41, 24, 9, -0.408875
41, 24, 10, -0.174611
41, 24, 11, 0.172575
41, 24, 12, 0.633681
41, 24, 13, 1.175550
41, 24, 14, 1.790368
41, 24, 15, 100.000000
41, 24, 16, 100.000000
41, 24, 17, 100.000000
41, 24, 18, 100.000000
41, 24, 19, 100.000000
41, 24, 20, 100.000000
41, 24, 21, 100.000000
41, 24, 22, 100.000000
41, 24, 23, 100.000000
41, 24, 24, 100.000000
41, 24, 25, 100.000000
41, 24, 26, 100.000000
41, 24, 27, 100.000000
41, 24, 28, 100.000000
41, 24, 29, 100.000000
41, 24, 30, 100.000000
41, 24, 31, 100.000000
41, 24, 32, 100.000000
41, 24, 33, 100.000000
41, 24, 34, 100.000000
41, 25, 0, 0.393078
41, 25, 1, -0.179179
41, 25, 2, -0.467681
41, 25, 3, -0.404074
41, 25, 4, -0.426960
41, 25, 5, -0.436731
41, 25, 6, -0.460306
41, 25, 7, -0.472748
41, 25, 8, -0.463785
41, 25, 9, -0.366889
41, 25, 10, -0.129765
41, 25, 11, 0.187764
41, 25, 12, 0.629897
41, 25, 13, 1.212312
41, 25, 14, 1.936064
41, 25, 15, 100.000000
41, 25, 16, 100.000000
41, 25, 17, 100.000000
41, 25, 18, 100.000000
41, 25, 19, 100.000000
41, 25, 20, 100.000000
41, 25, 21, 100.000000
41, 25, 22, 100.000000
41, 25, 23, 100.000000
41, 25, 24, 100.000000
41, 25, 25, 100.000000
41, 25, 26, 100.000000
41, 25, 27, 100.000000
41, 25, 28, 100.000000
41, 25, 29, 100.000000
41, 25, 30, 100.000000
41, 25, 31, 100.000000
41, 25, 32, 100.000000
41, 25, 33, 100.000000
41, 25, 34, 100.000000
41, 26, 0, 0.376866
41, 26, 1, -0.183053
41, 26, 2, -0.442453
41, 26, 3, -0.392254
41, 26, 4, -0.450957
41, 26, 5, -0.473238
41, 26, 6, -0.478861
41, 26, 7, -0.477745
41, 26, 8, -0.463814
41, 26, 9, -0.367427
41, 26, 10, -0.141051
41, 26, 11, 0.182207
41, 26, 12, 0.646916
41, 26, 13, 1.187731
41, 26, 14, 2.014992
41, 26, 15, 100.000000
41, 26, 16, 100.000000
41, 26, 17, 100.000000
41, 26, 18, 100.000000
41, 26, 19, 100.000000
41, 26, 20, 100.000000
41, 26, 21, 100.000000
41, 26, 22, 100.000000
41, 26, 23, 100.000000
41, 26, 24, 100.000000
41, 26, 25, 100.000000
41, 26, 26, 100.000000
41, 26, 27, 100.000000
41, 26, 28, 100.000000
41, 26, 29, 100.000000
41, 26, 30, 100.000000
41, 26, 31, 100.000000
41, 26, 32, 100.000000
41, 26, 33, 100.000000
41, 26, 34, 100.000000
41, 27, 0, 0.392528
41, 27, 1, -0.153979
41, 27, 2, -0.401310
41, 27, 3, -0.386470
41, 27, 4, -0.450109
41, 27, 5, -0.489169
41, 27, 6, -0.467407
41, 27, 7, -0.469773
41, 27, 8, -0.471831
41, 27, 9, -0.381024
41, 27, 10, -0.163876
41, 27, 11, 0.184078
41, 27, 12, 0.656005
41, 27, 13, 1.201313
41, 27, 14, 1.870585
41, 27, 15, 100.000000
41, 27, 16, 100.000000
41, 27, 17, 100.000000
41, 27, 18, 100.000000
41, 27, 19, 100.000000
41, 27, 20, 100.000000
41, 27, 21, 100.000000
41, 27, 22, 100.000000
41, 27, 23, 100.000000
41, 27, 24, 100.000000
41, 27, 25, 100.000000
41, 27, 26, 100.000000
41, 27, 27, 100.000000
41, 27, 28, 100.000000
41, 27, 29, 100.000000
41, 27, 30, 100.000000
41, 27, 31, 100.000000
41, 27, 32, 100.000000
41, 27, 33, 100.000000
41, 27, 34, 100.000000
41, 28, 0, 0.444969
41, 28, 1, -0.090779
41, 28, 2, -0.342231
41, 28, 3, -0.331208
41, 28, 4, -0.354411
41, 28, 5, -0.380207
41, 28, 6, -0.438769
41, 28, 7, -0.438619
41, 28, 8, -0.385997
41, 28, 9, -0.318215
41, 28, 10, -0.146203
41, 28, 11, 0.191113
41, 28, 12, 0.644822
41, 28, 13, 1.151246
41, 28, 14, 1.758947
41, 28, 15, 100.000000
41, 28, 16, 100.000000
41, 28, 17, 100.000000
41, 28, 18, 100.000000
41, 28, 19, 100.000000
41, 28, 20, 100.000000
41, 28, 21, 100.000000
41, 28, 22, 100.000000
41, 28, 23, 100.000000
41, 28, 24, 100.000000
41, 28, 25, 100.000000
41, 28, 26, 100.000000
41, 28, 27, 100.000000
41, 28, 28, 100.000000
41, 28, 29, 100.000000
41, 28, 30, 100.000000
41, 28, 31, 100.000000
41, 28, 32, 100.000000
41, 28, 33, 100.000000
41, 28, 34, 100.000000
41, 29, 0, 0.535733
41, 29, 1, 0.101256
41, 29, 2, -0.051090
41, 29, 3, -0.064066
41, 29, 4, -0.079595
41, 29, 5, -0.076395
41, 29, 6, -0.101329
41, 29, 7, -0.090537
41, 29, 8, -0.066553
41, 29, 9, -0.029500
41, 29, 10, 0.086680
41, 29, 11, 0.351182
41, 29, 12, 0.751617
41, 29, 13, 1.226902
41, 29, 14, 1.768885
41, 29, 15, 100.000000
41, 29, 16, 100.000000
41, 29, 17, 100.000000
41, 29, 18, 100.000000
41, 29, 19, 100.000000
41, 29, 20, 100.000000
41, 29, 21, 100.000000
41, 29, 22, 100.000000
41, 29, 23, 100.000000
41, 29, 24, 100.000000
41, 29, 25, 100.000000
41, 29, 26, 100.000000
41, 29, 27, 100.000000
41, 29, 28, 100.000000
41, 29, 29, 100.000000
41, 29, 30, 100.000000
41, 29, 31, 100.000000
41, 29, 32, 100.000000
41, 29, 33, 100.000000
41, 29, 34, 100.000000
42, 0, 0, 0.708825
42, 0, 1, 0.438980
42, 0, 2, 0.428509
42, 0, 3, 0.436020
42, 0, 4, 0.438790
42, 0, 5, 0.436310
42, 0, 6, 0.434744
42, 0, 7, 0.444667
42, 0, 8, 0.456170
42, 0, 9, 0.452673
42, 0, 10, 0.466025
42, 0, 11, 0.608200
42, 0, 12, 0.991800
42, 0, 13, 1.599975
42, 0, 14, 2.468307
42, 0, 15, 100.000000
42, 0, 16, 100.000000
42, 0, 17, 100.000000
42, 0, 18, 100.000000
42, 0, 19, 100.000000
42, 0, 20, 100.000000
42, 0, 21, 100.000000
42, 0, 22, 100.000000
42, 0, 23, 100.000000
42, 0, 24, 100.000000
42, 0, 25, 100.000000
42, 0, 26, 100.000000
42, 0, 27, 100.000000
42, 0, 28, 100.000000
42, 0, 29, 100.000000
42, 0, 30, 100.000000
42, 0, 31, 100.000000
42, 0, 32, 100.000000
42, 0, 33, 100.000000
42, 0, 34, 100.000000
42, 1, 0, 0.453656
42, 1, 1, 0.003701
42, 1, 2, -0.079947
42, 1, 3, -0.102165
42, 1, 4, -0.120023
42, 1, 5, -0.113779
42, 1, 6, -0.101240
42, 1, 7, -0.092365
42, 1, 8, -0.079662
42, 1, 9, -0.044635
42, 1, 10, 0.051901
42, 1, 11, 0.341344
42, 1, 12, 0.871670
42, 1, 13, 1.563115
42, 1, 14, 100.000000
42, 1, 15, 100.000000
42, 1, 16, 100.000000
42, 1, 17, 100.000000
42, 1, 18, 100.000000
42, 1, 19, 100.000000
42, 1, 20, 100.000000
42, 1, 21, 100.000000
42, 1, 22, 100.000000
42, 1, 23, 100.000000
42, 1, 24, 100.000000
42, 1, 25, 100.000000
42, 1, 26, 100.000000
42, 1, 27, 100.000000
42, 1, 28, 100.000000
42, 1, 29, 100.000000
42, 1, 30, 100.000000
42, 1, 31, 100.000000
42, 1, 32, 100.000000
42, 1, 33, 100.000000
42, 1, 34, 100.000000
42, 2, 0, 0.388972
42, 2, 1, -0.177932
42, 2, 2, -0.403296
42, 2, 3, -0.413216
42, 2, 4, -0.467011
42, 2, 5, -0.450002
42, 2, 6, -0.411646
42, 2, 7, -0.363946
42, 2, 8, -0.334741
42, 2, 9, -0.270119
42, 2, 10, -0.060581
42, 2, 11, 0.306756
42, 2, 12, 0.836836
42, 2, 13, 1.528243
42, 2, 14, 2.480416
42, 2, 15, 100.000000
42, 2, 16, 100.000000
42, 2, 17, 100.000000
42, 2, 18, 100.000000
42, 2, 19, 100.000000
42, 2, 20, 100.000000
42, 2, 21, 100.000000
42, 2, 22, 100.000000
42, 2, 23, 100.000000
42, 2, 24, 100.000000
42, 2, 25, 100.000000
42, 2, 26, 100.000000
42, 2, 27, 100.000000
42, 2, 28, 100.000000
42, 2, 29, 100.000000
42, 2, 30, 100.000000
42, 2, 31, 100.000000
42, 2, 32, 100.000000
42, 2, 33, 100.000000
42, 2, 34, 100.000000
42, 3, 0, 0.395840
42, 3, 1, -0.182108
42, 3, 2, -0.446375
42, 3, 3, -0.385904
42, 3, 4, -0.412452
42, 3, 5, -0.401257
42, 3, 6, -0.413781
42, 3, 7, -0.379198
42, 3, 8, -0.380347
42, 3, 9, -0.315966
42, 3, 10, -0.072227
42, 3, 11, 0.287857
42, 3, 12, 0.756420
42, 3, 13, 1.374370
42, 3, 14, 2.173849
42, 3, 15, 100.000000
42, 3, 16, 100.000000
42, 3, 17, 100.000000
42, 3, 18, 100.000000
42, 3, 19, 100.000000
42, 3, 20, 100.000000
42, 3, 21, 100.000000
42, 3, 22, 100.000000
42, 3, 23, 100.000000
42, 3, 24, 100.000000
42, 3, 25, 100.000000
42, 3, 26, 100.000000
42, 3, 27, 100.000000
42, 3, 28, 100.000000
42, 3, 29, 100.000000
42, 3, 30, 100.000000
42, 3, 31, 100.000000
42, 3, 32, 100.000000
42, 3, 33, 100.000000
42, 3, 34, 100.000000
42, 4, 0, 0.402293
42, 4, 1, -0.178277
42, 4, 2, -0.448096
42, 4, 3, -0.376071
42, 4, 4, -0.434644
42, 4, 5, -0.434257
42, 4, 6, -0.445225
42, 4, 7, -0.400016
42, 4, 8, -0.402783
42, 4, 9, -0.324293
42, 4, 10, -0.083281
42, 4, 11, 0.261295
42, 4, 12, 0.678981
42, 4, 13, 1.180508
42, 4, 14, 1.961338
42, 4, 15, 100.000000
42, 4, 16, 100.000000
42, 4, 17, 100.000000
42, 4, 18, 100.000000
42, 4, 19, 100.000000
42, 4, 20, 100.000000
42, 4, 21, 100.000000
42, 4, 22, 100.000000
42, 4, 23, 100.000000
42, 4, 24, 100.000000
42, 4, 25, 100.000000
42, 4, 26, 100.000000
42, 4, 27, 100.000000
42, 4, 28, 100.000000
42, 4, 29, 100.000000
42, 4, 30, 100.000000
42, 4, 31, 100.000000
42, 4, 32, 100.000000
42, 4, 33, 100.000000
42, 4, 34, 100.000000
42, 5, 0, 0.399979
42, 5, 1, -0.185792
42, 5, 2, -0.447817
42, 5, 3, -0.403989
42, 5, 4, -0.458053
42, 5, 5, -0.460010
42, 5, 6, -0.471401
42, 5, 7, -0.406287
42, 5, 8, -0.400171
42, 5, 9, -0.310719
42, 5, 10, -0.081960
42, 5, 11, 0.244131
42, 5, 12, 0.658450
42, 5, 13, 1.112221
42, 5, 14, 1.868203
42, 5, 15, 100.000000
42, 5, 16, 100.000000
42, 5, 17, 100.000000
42, 5, 18, 100.000000
42, 5, 19, 100.000000
42, 5, 20, 100.000000
42, 5, 21, 100.000000
42, 5, 22, 100.000000
42, 5, 23, 100.000000
42, 5, 24, 100.000000
42, 5, 25, 100.000000
42, 5, 26, 100.000000
42, 5, 27, 100.000000
42, 5, 28, 100.000000
42, 5, 29, 100.000000
42, 5, 30, 100.000000
42, 5, 31, 100.000000
42, 5, 32, 100.000000
42, 5, 33, 100.000000
42, 5, 34, 100.000000
42, 6, 0, 0.403795
42, 6, 1, -0.192794
42, 6, 2, -0.443810
42, 6, 3, -0.446334
42, 6, 4, -0.481017
42, 6, 5, -0.485633
42, 6, 6, -0.447102
42, 6, 7, -0.387272
42, 6, 8, -0.380729
42, 6, 9, -0.299328
42, 6, 10, -0.075045
42, 6, 11, 0.240949
42, 6, 12, 0.669774
42, 6, 13, 1.138087
42, 6, 14, 1.945309
42, 6, 15, 100.000000
42, 6, 16, 100.000000
42, 6, 17, 100.000000
42, 6, 18, 100.000000
42, 6, 19, 100.000000
42, 6, 20, 100.000000
42, 6, 21, 100.000000
42, 6, 22, 100.000000
42, 6, 23, 100.000000
42, 6, 24, 100.000000
42, 6, 25, 100.000000
42, 6, 26, 100.000000
42, 6, 27, 100.000000
42, 6, 28, 100.000000
42, 6, 29, 100.000000
42, 6, 30, 100.000000
42, 6, 31, 100.000000
42, 6, 32, 100.000000
42, 6, 33, 100.000000
42, 6, 34, 100.000000
42, 7, 0, 0.414737
42, 7, 1, -0.177805
42, 7, 2, -0.459676
42, 7, 3, -0.467659
42, 7, 4, -0.493438
42, 7, 5, -0.459054
42, 7, 6, -0.398116
42, 7, 7, -0.360223
42, 7, 8, -0.360907
42, 7, 9, -0.285065
42, 7, 10, -0.088397
42, 7, 11, 0.220801
42, 7, 12, 0.648539
42, 7, 13, 1.193764
42, 7, 14, 2.006066
42, 7, 15, 100.000000
42, 7, 16, 100.000000
42, 7, 17, 100.000000
42, 7, 18, 100.000000
42, 7, 19, 100.000000
42, 7, 20, 100.000000
42, 7, 21, 100.000000
42, 7, 22, 100.000000
42, 7, 23, 100.000000
42, 7, 24, 100.000000
42, 7, 25, 100.000000
42, 7, 26, 100.000000
42, 7, 27, 100.000000
42, 7, 28, 100.000000
42, 7, 29, 100.000000
42, 7, 30, 100.000000
42, 7, 31, 100.000000
42, 7, 32, 100.000000
42, 7, 33, 100.000000
42, 7, 34, 100.000000
42, 8, 0, 0.420415
42, 8, 1, -0.162074
42, 8, 2, -0.468296
42, 8, 3, -0.464507
42, 8, 4, -0.470253
42, 8, 5, -0.438366
42, 8, 6, -0.391393
42, 8, 7, -0.371221
42, 8, 8, -0.378577
42, 8, 9, -0.299501
42, 8, 10, -0.122045
42, 8, 11, 0.180123
42, 8, 12, 0.640449
42, 8, 13, 1.214789
42, 8, 14, 1.923496
42, 8, 15, 100.000000
42, 8, 16, 100.000000
42, 8, 17, 100.000000
42, 8, 18, 100.000000
42, 8, 19, 100.000000
42, 8, 20, 100.000000
42, 8, 21, 100.000000
42, 8, 22, 100.000000
42, 8, 23, 100.000000
42, 8, 24, 100.000000
42, 8, 25, 100.000000
42, 8, 26, 100.000000
42, 8, 27, 100.000000
42, 8, 28, 100.000000
42, 8, 29, 100.000000
42, 8, 30, 100.000000
42, 8, 31, 100.000000
42, 8, 32, 100.000000
42, 8, 33, 100.000000
42, 8, 34, 100.000000
42, 9, 0, 0.438658
42, 9, 1, -0.156464
42, 9, 2, -0.448499
42, 9, 3, -0.441058
42, 9, 4, -0.443313
42, 9, 5, -0.428231
42, 9, 6, -0.401011
42, 9, 7, -0.364913
42, 9, 8, -0.368946
42, 9, 9, -0.307063
42, 9, 10, -0.138956
42, 9, 11, 0.149579
42, 9, 12, 0.642588
42, 9, 13, 1.203653
42, 9, 14, 1.861741
42, 9, 15, 100.000000
42, 9, 16, 100.000000
42, 9, 17, 100.000000
42, 9, 18, 100.000000
42, 9, 19, 100.000000
42, 9, 20, 100.000000
42, 9, 21, 100.000000
42, 9, 22, 100.000000
42, 9, 23, 100.000000
42, 9, 24, 100.000000
42, 9, 25, 100.000000
42, 9, 26, 100.000000
42, 9, 27, 100.000000
42, 9, 28, 100.000000
42, 9, 29, 100.000000
42, 9, 30, 100.000000
42, 9, 31, 100.000000
42, 9, 32, 100.000000
42, 9, 33, 100.000000
42, 9, 34, 100.000000
42, 10, 0, 0.446508
42, 10, 1, -0.173175
42, 10, 2, -0.440937
42, 10, 3, -0.404998
42, 10, 4, -0.452376
42, 10, 5, -0.444157
42, 10, 6, -0.431288
42, 10, 7, -0.386124
42, 10, 8, -0.343505
42, 10, 9, -0.297433
42, 10, 10, -0.149935
42, 10, 11, 0.154501
42, 10, 12, 0.629397
42, 10, 13, 1.141085
42, 10, 14, 1.840706
42, 10, 15, 100.000000
42, 10, 16, 100.000000
42, 10, 17, 100.000000
42, 10, 18, 100.000000
42, 10, 19, 100.000000
42, 10, 20, 100.000000
42, 10, 21, 100.000000
42, 10, 22, 100.000000
42, 10, 23, 100.000000
42, 10, 24, 100.000000
42, 10, 25, 100.000000
42, 10, 26, 100.000000
42, 10, 27, 100.000000
42, 10, 28, 100.000000
42, 10, 29, 100.000000
42, 10, 30, 100.000000
42, 10, 31, 100.000000
42, 10, 32, 100.000000
42, 10, 33, 100.000000
42, 10, 34, 100.000000
42, 11, 0, 0.419867
42, 11, 1, -0.194004
42, 11, 2, -0.435843
42, 11, 3, -0.408881
42, 11, 4, -0.463887
42, 11, 5, -0.458470
42, 11, 6, -0.455187
42, 11, 7, -0.417791
42, 11, 8, -0.369433
42, 11, 9, -0.320120
42, 11, 10, -0.171526
42, 11, 11, 0.168480
42, 11, 12, 0.620660
42, 11, 13, 1.135315
42, 11, 14, 1.832902
42, 11, 15, 100.000000
42, 11, 16, 100.000000
42, 11, 17, 100.000000
42, 11, 18, 100.000000
42, 11, 19, 100.000000
42, 11, 20, 100.000000
42, 11, 21, 100.000000
42, 11, 22, 100.000000
42, 11, 23, 100.000000
42, 11, 24, 100.000000
42, 11, 25, 100.000000
42, 11, 26, 100.000000
42, 11, 27, 100.000000
42, 11, 28, 100.000000
42, 11, 29, 100.000000
42, 11, 30, 100.000000
42, 11, 31, 100.000000
42, 11, 32, 100.000000
42, 11, 33, 100.000000
42, 11, 34, 100.000000
42, 12, 0, 0.396623
42, 12, 1, -0.185337
42, 12, 2, -0.429614
42, 12, 3, -0.386421
42, 12, 4, -0.457565
42, 12, 5, -0.465051
42, 12, 6, -0.470731
42, 12, 7, -0.457912
42, 12, 8, -0.422853
42, 12, 9, -0.361046
42, 12, 10, -0.195035
42, 12, 11, 0.162313
42, 12, 12, 0.626171
42, 12, 13, 1.200191
42, 12, 14, 1.916161
42, 12, 15, 100.000000
42, 12, 16, 100.000000
42, 12, 17, 100.000000
42, 12, 18, 100.000000
42, 12, 19, 100.000000
42, 12, 20, 100.000000
42, 12, 21, 100.000000
42, 12, 22, 100.000000
42, 12, 23, 100.000000
42, 12, 24, 100.000000
42, 12, 25, 100.000000
42, 12, 26, 100.000000
42, 12, 27, 100.000000
42, 12, 28, 100.000000
42, 12, 29, 100.000000
42, 12, 30, 100.000000
42, 12, 31, 100.000000
42, 12, 32, 100.000000
42, 12, 33, 100.000000
42, 12, 34, 100.000000
42, 13, 0, 0.402547
42, 13, 1, -0.157162
42, 13, 2, -0.443725
42, 13, 3, -0.368697
42, 13, 4, -0.428825
42, 13, 5, -0.446691
42, 13, 6, -0.448923
42, 13, 7, -0.474270
42, 13, 8, -0.453464
42, 13, 9, -0.377430
42, 13, 10, -0.230541
42, 13, 11, 0.118458
42, 13, 12, 0.614123
42, 13, 13, 1.193112
42, 13, 14, 1.725910
42, 13, 15, 100.000000
42, 13, 16, 100.000000
42, 13, 17, 100.000000
42, 13, 18, 100.000000
42, 13, 19, 100.000000
42, 13, 20, 100.000000
42, 13, 21, 100.000000
42, 13, 22, 100.000000
42, 13, 23, 100.000000
42, 13, 24, 100.000000
42, 13, 25, 100.000000
42, 13, 26, 100.000000
42, 13, 27, 100.000000
42, 13, 28, 100.000000
42, 13, 29, 100.000000
42, 13, 30, 100.000000
42, 13, 31, 100.000000
42, 13, 32, 100.000000
42, 13, 33, 100.000000
42, 13, 34, 100.000000
42, 14, 0, 0.425382
42, 14, 1, -0.130601
42, 14, 2, -0.470181
42, 14, 3, -0.385022
42, 14, 4, -0.440125
42, 14, 5, -0.474547
42, 14, 6, -0.453500
42, 14, 7, -0.462028
42, 14, 8, -0.459195
42, 14, 9, -0.404541
42, 14, 10, -0.274276
42, 14, 11, 0.072663
42, 14, 12, 0.566247
42, 14, 13, 1.119010
42, 14, 14, 1.666847
42, 14, 15, 2.498239
42, 14, 16, 100.000000
42, 14, 17, 100.000000
42, 14, 18, 100.000000
42, 14, 19, 100.000000
42, 14, 20, 100.000000
42, 14, 21, 100.000000
42, 14, 22, 100.000000
42, 14, 23, 100.000000
42, 14, 24, 100.000000
42, 14, 25, 100.000000
42, 14, 26, 100.000000
42, 14, 27, 100.000000
42, 14, 28, 100.000000
42, 14, 29, 100.000000
42, 14, 30, 100.000000
42, 14, 31, 100.000000
42, 14, 32, 100.000000
42, 14, 33, 100.000000
42, 14, 34, 100.000000
42, 15, 0, 0.447606
42, 15, 1, -0.110275
42, 15, 2, -0.451745
42, 15, 3, -0.400687
42, 15, 4, -0.447173
42, 15, 5, -0.486195
42, 15, 6, -0.473981
42, 15, 7, -0.466849
42, 15, 8, -0.476480
42, 15, 9, -0.418293
42, 15, 10, -0.241952
42, 15, 11, 0.087599
42, 15, 12, 0.554066
42, 15, 13, 1.125460
42, 15, 14, 1.812358
42, 15, 15, 100.000000
42, 15, 16, 100.000000
42, 15, 17, 100.000000
42, 15, 18, 100.000000
42, 15, 19, 100.000000
42, 15, 20, 100.000000
42, 15, 21, 100.000000
42, 15, 22, 100.000000
42, 15, 23, 100.000000
42, 15, 24, 100.000000
42, 15, 25, 100.000000
42, 15, 26, 100.000000
42, 15, 27, 100.000000
42, 15, 28, 100.000000
42, 15, 29, 100.000000
42, 15, 30, 100.000000
42, 15, 31, 100.000000
42, 15, 32, 100.000000
42, 15, 33, 100.000000
42, 15, 34, 100.000000
42, 16, 0, 0.462047
42, 16, 1, -0.110579
42, 16, 2, -0.472524
42, 16, 3, -0.427273
42, 16, 4, -0.443527
42, 16, 5, -0.464590
42, 16, 6, -0.464904
42, 16, 7, -0.457646
42, 16, 8, -0.464443
42, 16, 9, -0.400459
42, 16, 10, -0.221002
42, 16, 11, 0.080054
42, 16, 12, 0.516446
42, 16, 13, 1.132844
42, 16, 14, 1.950782
42, 16, 15, 100.000000
42, 16, 16, 100.000000
42, 16, 17, 100.000000
42, 16, 18, 100.000000
42, 16, 19, 100.000000
42, 16, 20, 100.000000
42, 16, 21, 100.000000
42, 16, 22, 100.000000
42, 16, 23, 100.000000
42, 16, 24, 100.000000
42, 16, 25, 100.000000
42, 16, 26, 100.000000
42, 16, 27, 100.000000
42, 16, 28, 100.000000
42, 16, 29, 100.000000
42, 16, 30, 100.000000
42, 16, 31, 100.000000
42, 16, 32, 100.000000
42, 16, 33, 100.000000
42, 16, 34, 100.000000
42, 17, 0, 0.443205
42, 17, 1, -0.120761
42, 17, 2, -0.477834
42, 17, 3, -0.441605
42, 17, 4, -0.449544
42, 17, 5, -0.460819
42, 17, 6, -0.457635
42, 17, 7, -0.454972
42, 17, 8, -0.446175
42, 17, 9, -0.373559
42, 17, 10, -0.242389
42, 17, 11, 0.013309
42, 17, 12, 0.465711
42, 17, 13, 1.117228
42, 17, 14, 1.966689
42, 17, 15, 100.000000
42, 17, 16, 100.000000
42, 17, 17, 100.000000
42, 17, 18, 100.000000
42, 17, 19, 100.000000
42, 17, 20, 100.000000
42, 17, 21, 100.000000
42, 17, 22, 100.000000
42, 17, 23, 100.000000
42, 17, 24, 100.000000
42, 17, 25, 100.000000
42, 17, 26, 100.000000
42, 17, 27, 100.000000
42, 17, 28, 100.000000
42, 17, 29, 100.000000
42, 17, 30, 100.000000
42, 17, 31, 100.000000
42, 17, 32, 100.000000
42, 17, 33, 100.000000
42, 17, 34, 100.000000
42, 18, 0, 0.408079
42, 18, 1, -0.130012
42, 18, 2, -0.460393
42, 18, 3, -0.427165
42, 18, 4, -0.438089
42, 18, 5, -0.448381
42, 18, 6, -0.459062
42, 18, 7, -0.458918
42, 18, 8, -0.409175
42, 18, 9, -0.354873
42, 18, 10, -0.274601
42, 18, 11, -0.016010
42, 18, 12, 0.495408
42, 18, 13, 1.150506
42, 18, 14, 1.960077
42, 18, 15, 100.000000
42, 18, 16, 100.000000
42, 18, 17, 100.000000
42, 18, 18, 100.000000
42, 18, 19, 100.000000
42, 18, 20, 100.000000
42, 18, 21, 100.000000
42, 18, 22, 100.000000
42, 18, 23, 100.000000
42, 18, 24, 100.000000
42, 18, 25, 100.000000
42, 18, 26, 100.000000
42, 18, 27, 100.000000
42, 18, 28, 100.000000
42, 18, 29, 100.000000
42, 18, 30, 100.000000
42, 18, 31, 100.000000
42, 18, 32, 100.000000
42, 18, 33, 100.000000
42, 18, 34, 100.000000
42, 19, 0, 0.400971
42, 19, 1, -0.127414
42, 19, 2, -0.450971
42, 19, 3, -0.399121
42, 19, 4, -0.426392
42, 19, 5, -0.453253
42, 19, 6, -0.469827
42, 19, 7, -0.465095
42, 19, 8, -0.414261
42, 19, 9, -0.366683
42, 19, 10, -0.273900
42, 19, 11, 0.022492
42, 19, 12, 0.576610
42, 19, 13, 1.245211
42, 19, 14, 2.090624
42, 19, 15, 100.000000
42, 19, 16, 100.000000
42, 19, 17, 100.000000
42, 19, 18, 100.000000
42, 19, 19, 100.000000
42, 19, 20, 100.000000
42, 19, 21, 100.000000
42, 19, 22, 100.000000
42, 19, 23, 100.000000
42, 19, 24, 100.000000
42, 19, 25, 100.000000
42, 19, 26, 100.000000
42, 19, 27, 100.000000
42, 19, 28, 100.000000
42, 19, 29, 100.000000
42, 19, 30, 100.000000
42, 19, 31, 100.000000
42, 19, 32, 100.000000
42, 19, 33, 100.000000
42, 19, 34, 100.000000
42, 20, 0, 0.399434
42, 20, 1, -0.138794
42, 20, 2, -0.476950
42, 20, 3, -0.393836
42, 20, 4, -0.442571
42, 20, 5, -0.456800
42, 20, 6, -0.462426
42, 20, 7, -0.465490
42, 20, 8, -0.426374
42, 20, 9, -0.360932
42, 20, 10, -0.227528
42, 20, 11, 0.080975
42, 20, 12, 0.619271
42, 20, 13, 1.260373
42, 20, 14, 1.936921
42, 20, 15, 100.000000
42, 20, 16, 100.000000
42, 20, 17, 100.000000
42, 20, 18, 100.000000
42, 20, 19, 100.000000
42, 20, 20, 100.000000
42, 20, 21, 100.000000
42, 20, 22, 100.000000
42, 20, 23, 100.000000
42, 20, 24, 100.000000
42, 20, 25, 100.000000
42, 20, 26, 100.000000
42, 20, 27, 100.000000
42, 20, 28, 100.000000
42, 20, 29, 100.000000
42, 20, 30, 100.000000
42, 20, 31, 100.000000
42, 20, 32, 100.000000
42, 20, 33, 100.000000
42, 20, 34, 100.000000
42, 21, 0, 0.397706
42, 21, 1, -0.149297
42, 21, 2, -0.496168
42, 21, 3, -0.407727
42, 21, 4, -0.458942
42, 21, 5, -0.450383
42, 21, 6, -0.438449
42, 21, 7, -0.451963
42, 21, 8, -0.437319
42, 21, 9, -0.380388
42, 21, 10, -0.220575
42, 21, 11, 0.098320
42, 21, 12, 0.607792
42, 21, 13, 1.241246
42, 21, 14, 1.933801
42, 21, 15, 100.000000
42, 21, 16, 100.000000
42, 21, 17, 100.000000
42, 21, 18, 100.000000
42, 21, 19, 100.000000
42, 21, 20, 100.000000
42, 21, 21, 100.000000
42, 21, 22, 100.000000
42, 21, 23, 100.000000
42, 21, 24, 100.000000
42, 21, 25, 100.000000
42, 21, 26, 100.000000
42, 21, 27, 100.000000
42, 21, 28, 100.000000
42, 21, 29, 100.000000
42, 21, 30, 100.000000
42, 21, 31, 100.000000
42, 21, 32, 100.000000
42, 21, 33, 100.000000
42, 21, 34, 100.000000
42, 22, 0, 0.390955
42, 22, 1, -0.157161
42, 22, 2, -0.483783
42, 22, 3, -0.413603
42, 22, 4, -0.466418
42, 22, 5, -0.468622
42, 22, 6, -0.433701
42, 22, 7, -0.449613
42, 22, 8, -0.446805
42, 22, 9, -0.417053
42, 22, 10, -0.246080
42, 22, 11, 0.081556
42, 22, 12, 0.561313
42, 22, 13, 1.148786
42, 22, 14, 1.736042
42, 22, 15, 100.000000
42, 22, 16, 100.000000
42, 22, 17, 100.000000
42, 22, 18, 100.000000
42, 22, 19, 100.000000
42, 22, 20, 100.000000
42, 22, 21, 100.000000
42, 22, 22, 100.000000
42, 22, 23, 100.000000
42, 22, 24, 100.000000
42, 22, 25, 100.000000
42, 22, 26, 100.000000
42, 22, 27, 100.000000
42, 22, 28, 100.000000
42, 22, 29, 100.000000
42, 22, 30, 100.000000
42, 22, 31, 100.000000
42, 22, 32, 100.000000
42, 22, 33, 100.000000
42, 22, 34, 100.000000
42, 23, 0, 0.385262
42, 23, 1, -0.169625
42, 23, 2, -0.473205
42, 23, 3, -0.416622
42, 23, 4, -0.466906
42, 23, 5, -0.448586
42, 23, 6, -0.441588
42, 23, 7, -0.472545
42, 23, 8, -0.438353
42, 23, 9, -0.443799
42, 23, 10, -0.231441
42, 23, 11, 0.117717
42, 23, 12, 0.577489
42, 23, 13, 1.072614
42, 23, 14, 1.586170
42, 23, 15, 100.000000
42, 23, 16, 100.000000
42, 23, 17, 100.000000
42, 23, 18, 100.000000
42, 23, 19, 100.000000
42, 23, 20, 100.000000
42, 23, 21, 100.000000
42, 23, 22, 100.000000
42, 23, 23, 100.000000
42, 23, 24, 100.000000
42, 23, 25, 100.000000
42, 23, 26, 100.000000
42, 23, 27, 100.000000
42, 23, 28, 100.000000
42, 23, 29, 100.000000
42, 23, 30, 100.000000
42, 23, 31, 100.000000
42, 23, 32, 100.000000
42, 23, 33, 100.000000
42, 23, 34, 100.000000
42, 24, 0, 0.390324
42, 24, 1, -0.172316
42, 24, 2, -0.463910
42, 24, 3, -0.422238
42, 24, 4, -0.468885
42, 24, 5, -0.444914
42, 24, 6, -0.441724
42, 24, 7, -0.492846
42, 24, 8, -0.435687
42, 24, 9, -0.396905
42, 24, 10, -0.166998
42, 24, 11, 0.166192
42, 24, 12, 0.585466
42, 24, 13, 1.025322
42, 24, 14, 1.613968
42, 24, 15, 100.000000
42, 24, 16, 100.000000
42, 24, 17, 100.000000
42, 24, 18, 100.000000
42, 24, 19, 100.000000
42, 24, 20, 100.000000
42, 24, 21, 100.000000
42, 24, 22, 100.000000
42, 24, 23, 100.000000
42, 24, 24, 100.000000
42, 24, 25, 100.000000
42, 24, 26, 100.000000
42, 24, 27, 100.000000
42, 24, 28, 100.000000
42, 24, 29, 100.000000
42, 24, 30, 100.000000
42, 24, 31, 100.000000
42, 24, 32, 100.000000
42, 24, 33, 100.000000
42, 24, 34, 100.000000
42, 25, 0, 0.394356
42, 25, 1, -0.177220
42, 25, 2, -0.470816
42, 25, 3, -0.413744
42, 25, 4, -0.444061
42, 25, 5, -0.438871
42, 25, 6, -0.436800
42, 25, 7, -0.465157
42, 25, 8, -0.432403
42, 25, 9, -0.371682
42, 25, 10, -0.161100
42, 25, 11, 0.152467
42, 25, 12, 0.563895
42, 25, 13, 1.098918
42, 25, 14, 1.747363
42, 25, 15, 100.000000
42, 25, 16, 100.000000
42, 25, 17, 100.000000
42, 25, 18, 100.000000
42, 25, 19, 100.000000
42, 25, 20, 100.000000
42, 25, 21, 100.000000
42, 25, 22, 100.000000
42, 25, 23, 100.000000
42, 25, 24, 100.000000
42, 25, 25, 100.000000
42, 25, 26, 100.000000
42, 25, 27, 100.000000
42, 25, 28, 100.000000
42, 25, 29, 100.000000
42, 25, 30, 100.000000
42, 25, 31, 100.000000
42, 25, 32, 100.000000
42, 25, 33, 100.000000
42, 25, 34, 100.000000
42, 26, 0, 0.379723
42, 26, 1, -0.173091
42, 26, 2, -0.461708
42, 26, 3, -0.387512
42, 26, 4, -0.434374
42, 26, 5, -0.455546
42, 26, 6, -0.449827
42, 26, 7, -0.462620
42, 26, 8, -0.459907
42, 26, 9, -0.403578
42, 26, 10, -0.184489
42, 26, 11, 0.140998
42, 26, 12, 0.586500
42, 26, 13, 1.128382
42, 26, 14, 1.849860
42, 26, 15, 100.000000
42, 26, 16, 100.000000
42, 26, 17, 100.000000
42, 26, 18, 100.000000
42, 26, 19, 100.000000
42, 26, 20, 100.000000
42, 26, 21, 100.000000
42, 26, 22, 100.000000
42, 26, 23, 100.000000
42, 26, 24, 100.000000
42, 26, 25, 100.000000
42, 26, 26, 100.000000
42, 26, 27, 100.000000
42, 26, 28, 100.000000
42, 26, 29, 100.000000
42, 26, 30, 100.000000
42, 26, 31, 100.000000
42, 26, 32, 100.000000
42, 26, 33, 100.000000
42, 26, 34, 100.000000
42, 27, 0, 0.389829
42, 27, 1, -0.155236
42, 27, 2, -0.422646
42, 27, 3, -0.352699
42, 27, 4, -0.431603
42, 27, 5, -0.482365
42, 27, 6, -0.458768
42, 27, 7, -0.454783
42, 27, 8, -0.482356
42, 27, 9, -0.408817
42, 27, 10, -0.191511
42, 27, 11, 0.145793
42, 27, 12, 0.596783
42, 27, 13, 1.096679
42, 27, 14, 1.795074
42, 27, 15, 100.000000
42, 27, 16, 100.000000
42, 27, 17, 100.000000
42, 27, 18, 100.000000
42, 27, 19, 100.000000
42, 27, 20, 100.000000
42, 27, 21, 100.000000
42, 27, 22, 100.000000
42, 27, 23, 100.000000
42, 27, 24, 100.000000
42, 27, 25, 100.000000
42, 27, 26, 100.000000
42, 27, 27, 100.000000
42, 27, 28, 100.000000
42, 27, 29, 100.000000
42, 27, 30, 100.000000
42, 27, 31, 100.000000
42, 27, 32, 100.000000
42, 27, 33, 100.000000
42, 27, 34, 100.000000
42, 28, 0, 0.436400
42, 28, 1, -0.096259
42, 28, 2, -0.320282
42, 28, 3, -0.279703
42, 28, 4, -0.346770
42, 28, 5, -0.378377
42, 28, 6, -0.450184
42, 28, 7, -0.463823
42, 28, 8, -0.406893
42, 28, 9, -0.319121
42, 28, 10, -0.150866
42, 28, 11, 0.163923
42, 28, 12, 0.593056
42, 28, 13, 1.079194
42, 28, 14, 1.717693
42, 28, 15, 100.000000
42, 28, 16, 100.000000
42, 28, 17, 100.000000
42, 28, 18, 100.000000
42, 28, 19, 100.000000
42, 28, 20, 100.000000
42, 28, 21, 100.000000
42, 28, 22, 100.000000
42, 28, 23, 100.000000
42, 28, 24, 100.000000
42, 28, 25, 100.000000
42, 28, 26, 100.000000
42, 28, 27, 100.000000
42, 28, 28, 100.000000
42, 28, 29, 100.000000
42, 28, 30, 100.000000
42, 28, 31, 100.000000
42, 28, 32, 100.000000
42, 28, 33, 100.000000
42, 28, 34, 100.000000
42, 29, 0, 0.520896
42, 29, 1, 0.096214
42, 29, 2, -0.037701
42, 29, 3, -0.042883
42, 29, 4, -0.076826
42, 29, 5, -0.071716
42, 29, 6, -0.100865
42, 29, 7, -0.102798
42, 29, 8, -0.060472
42, 29, 9, -0.010254
42, 29, 10, 0.073657
42, 29, 11, 0.298412
42, 29, 12, 0.698323
42, 29, 13, 1.232460
42, 29, 14, 1.821741
42, 29, 15, 100.000000
42, 29, 16, 100.000000
42, 29, 17, 100.000000
42, 29, 18, 100.000000
42, 29, 19, 100.000000
42, 29, 20, 100.000000
42, 29, 21, 100.000000
42, 29, 22, 100.000000
42, 29, 23, 100.000000
42, 29, 24, 100.000000
42, 29, 25, 100.000000
42, 29, 26, 100.000000
42, 29, 27, 100.000000
42, 29, 28, 100.000000
42, 29, 29, 100.000000
42, 29, 30, 100.000000
42, 29, 31, 100.000000
42, 29, 32, 100.000000
42, 29, 33, 100.000000
42, 29, 34, 100.000000
43, 0, 0, 0.667616
43, 0, 1, 0.402016
43, 0, 2, 0.406235
43, 0, 3, 0.425141
43, 0, 4, 0.426427
43, 0, 5, 0.423858
43, 0, 6, 0.422491
43, 0, 7, 0.426568
43, 0, 8, 0.432148
43, 0, 9, 0.452264
43, 0, 10, 0.489712
43, 0, 11, 0.624203
43, 0, 12, 0.967386
43, 0, 13, 1.518310
43, 0, 14, 2.290257
43, 0, 15, 100.000000
43, 0, 16, 100.000000
43, 0, 17, 100.000000
43, 0, 18, 100.000000
43, 0, 19, 100.000000
43, 0, 20, 100.000000
43, 0, 21, 100.000000
43, 0, 22, 100.000000
43, 0, 23, 100.000000
43, 0, 24, 100.000000
43, 0, 25, 100.000000
43, 0, 26, 100.000000
43, 0, 27, 100.000000
43, 0, 28, 100.000000
43, 0, 29, 100.000000
43, 0, 30, 100.000000
43, 0, 31, 100.000000
43, 0, 32, 100.000000
43, 0, 33, 100.000000
43, 0, 34, 100.000000
43, 1, 0, 0.447516
43, 1, 1, -0.010330
43, 1, 2, -0.089002
43, 1, 3, -0.098860
43, 1, 4, -0.124832
43, 1, 5, -0.121395
43, 1, 6, -0.104551
43, 1, 7, -0.091827
43, 1, 8, -0.075547
43, 1, 9, -0.053326
43, 1, 10, 0.004558
43, 1, 11, 0.277782
43, 1, 12, 0.796043
43, 1, 13, 1.472887
43, 1, 14, 2.210381
43, 1, 15, 100.000000
43, 1, 16, 100.000000
43, 1, 17, 100.000000
43, 1, 18, 100.000000
43, 1, 19, 100.000000
43, 1, 20, 100.000000
43, 1, 21, 100.000000
43, 1, 22, 100.000000
43, 1, 23, 100.000000
43, 1, 24, 100.000000
43, 1, 25, 100.000000
43, 1, 26, 100.000000
43, 1, 27, 100.000000
43, 1, 28, 100.000000
43, 1, 29, 100.000000
43, 1, 30, 100.000000
43, 1, 31, 100.000000
43, 1, 32, 100.000000
43, 1, 33, 100.000000
43, 1, 34, 100.000000
43, 2, 0, 0.404365
43, 2, 1, -0.160531
43, 2, 2, -0.409343
43, 2, 3, -0.395744
43, 2, 4, -0.477042
43, 2, 5, -0.454929
43, 2, 6, -0.400202
43, 2, 7, -0.365449
43, 2, 8, -0.336110
43, 2, 9, -0.286902
43, 2, 10, -0.118787
43, 2, 11, 0.244977
43, 2, 12, 0.796059
43, 2, 13, 1.524374
43, 2, 14, 2.364601
43, 2, 15, 100.000000
43, 2, 16, 100.000000
43, 2, 17, 100.000000
43, 2, 18, 100.000000
43, 2, 19, 100.000000
43, 2, 20, 100.000000
43, 2, 21, 100.000000
43, 2, 22, 100.000000
43, 2, 23, 100.000000
43, 2, 24, 100.000000
43, 2, 25, 100.000000
43, 2, 26, 100.000000
43, 2, 27, 100.000000
43, 2, 28, 100.000000
43, 2, 29, 100.000000
43, 2, 30, 100.000000
43, 2, 31, 100.000000
43, 2, 32, 100.000000
43, 2, 33, 100.000000
43, 2, 34, 100.000000
43, 3, 0, 0.412816
43, 3, 1, -0.157712
43, 3, 2, -0.440992
43, 3, 3, -0.357389
43, 3, 4, -0.409317
43, 3, 5, -0.414345
43, 3, 6, -0.437736
43, 3, 7, -0.394398
43, 3, 8, -0.379731
43, 3, 9, -0.324060
43, 3, 10, -0.108221
43, 3, 11, 0.253422
43, 3, 12, 0.752976
43, 3, 13, 1.393616
43, 3, 14, 2.323020
43, 3, 15, 100.000000
43, 3, 16, 100.000000
43, 3, 17, 100.000000
43, 3, 18, 100.000000
43, 3, 19, 100.000000
43, 3, 20, 100.000000
43, 3, 21, 100.000000
43, 3, 22, 100.000000
43, 3, 23, 100.000000
43, 3, 24, 100.000000
43, 3, 25, 100.000000
43, 3, 26, 100.000000
43, 3, 27, 100.000000
43, 3, 28, 100.000000
43, 3, 29, 100.000000
43, 3, 30, 100.000000
43, 3, 31, 100.000000
43, 3, 32, 100.000000
43, 3, 33, 100.000000
43, 3, 34, 100.000000
43, 4, 0, 0.411055
43, 4, 1, -0.165422
43, 4, 2, -0.430657
43, 4, 3, -0.366609
43, 4, 4, -0.451542
43, 4, 5, -0.436095
43, 4, 6, -0.439519
43, 4, 7, -0.383146
43, 4, 8, -0.380647
43, 4, 9, -0.331771
43, 4, 10, -0.111773
43, 4, 11, 0.247419
43, 4, 12, 0.697560
43, 4, 13, 1.285909
43, 4, 14, 2.091174
43, 4, 15, 100.000000
43, 4, 16, 100.000000
43, 4, 17, 100.000000
43, 4, 18, 100.000000
43, 4, 19, 100.000000
43, 4, 20, 100.000000
43, 4, 21, 100.000000
43, 4, 22, 100.000000
43, 4, 23, 100.000000
43, 4, 24, 100.000000
43, 4, 25, 100.000000
43, 4, 26, 100.000000
43, 4, 27, 100.000000
43, 4, 28, 100.000000
43, 4, 29, 100.000000
43, 4, 30, 100.000000
43, 4, 31, 100.000000
43, 4, 32, 100.000000
43, 4, 33, 100.000000
43, 4, 34, 100.000000
43, 5, 0, 0.409342
43, 5, 1, -0.186251
43, 5, 2, -0.454549
43, 5, 3, -0.410503
43, 5, 4, -0.453029
43, 5, 5, -0.461505
43, 5, 6, -0.451858
43, 5, 7, -0.392680
43, 5, 8, -0.387015
43, 5, 9, -0.330809
43, 5, 10, -0.105688
43, 5, 11, 0.265554
43, 5, 12, 0.731120
43, 5, 13, 1.283292
43, 5, 14, 1.932352
43, 5, 15, 100.000000
43, 5, 16, 100.000000
43, 5, 17, 100.000000
43, 5, 18, 100.000000
43, 5, 19, 100.000000
43, 5, 20, 100.000000
43, 5, 21, 100.000000
43, 5, 22, 100.000000
43, 5, 23, 100.000000
43, 5, 24, 100.000000
43, 5, 25, 100.000000
43, 5, 26, 100.000000
43, 5, 27, 100.000000
43, 5, 28, 100.000000
43, 5, 29, 100.000000
43, 5, 30, 100.000000
43, 5, 31, 100.000000
43, 5, 32, 100.000000
43, 5, 33, 100.000000
43, 5, 34, 100.000000
43, 6, 0, 0.402941
43, 6, 1, -0.188572
43, 6, 2, -0.460342
43, 6, 3, -0.454356
43, 6, 4, -0.474048
43, 6, 5, -0.460298
43, 6, 6, -0.430883
43, 6, 7, -0.399956
43, 6, 8, -0.389556
43, 6, 9, -0.303842
43, 6, 10, -0.083488
43, 6, 11, 0.277793
43, 6, 12, 0.751970
43, 6, 13, 1.293710
43, 6, 14, 2.104418
43, 6, 15, 100.000000
43, 6, 16, 100.000000
43, 6, 17, 100.000000
43, 6, 18, 100.000000
43, 6, 19, 100.000000
43, 6, 20, 100.000000
43, 6, 21, 100.000000
43, 6, 22, 100.000000
43, 6, 23, 100.000000
43, 6, 24, 100.000000
43, 6, 25, 100.000000
43, 6, 26, 100.000000
43, 6, 27, 100.000000
43, 6, 28, 100.000000
43, 6, 29, 100.000000
43, 6, 30, 100.000000
43, 6, 31, 100.000000
43, 6, 32, 100.000000
43, 6, 33, 100.000000
43, 6, 34, 100.000000
43, 7, 0, 0.396195
43, 7, 1, -0.177487
43, 7, 2, -0.475320
43, 7, 3, -0.460963
43, 7, 4, -0.448382
43, 7, 5, -0.414962
43, 7, 6, -0.391883
43, 7, 7, -0.372259
43, 7, 8, -0.363805
43, 7, 9, -0.270194
43, 7, 10, -0.091759
43, 7, 11, 0.219865
43, 7, 12, 0.678792
43, 7, 13, 1.290407
43, 7, 14, 2.135617
43, 7, 15, 100.000000
43, 7, 16, 100.000000
43, 7, 17, 100.000000
43, 7, 18, 100.000000
43, 7, 19, 100.000000
43, 7, 20, 100.000000
43, 7, 21, 100.000000
43, 7, 22, 100.000000
43, 7, 23, 100.000000
43, 7, 24, 100.000000
43, 7, 25, 100.000000
43, 7, 26, 100.000000
43, 7, 27, 100.000000
43, 7, 28, 100.000000
43, 7, 29, 100.000000
43, 7, 30, 100.000000
43, 7, 31, 100.000000
43, 7, 32, 100.000000
43, 7, 33, 100.000000
43, 7, 34, 100.000000
43, 8, 0, 0.404171
43, 8, 1, -0.158562
43, 8, 2, -0.459133
43, 8, 3, -0.448713
43, 8, 4, -0.432125
43, 8, 5, -0.403561
43, 8, 6, -0.382646
43, 8, 7, -0.377831
43, 8, 8, -0.372636
43, 8, 9, -0.283415
43, 8, 10, -0.153542
43, 8, 11, 0.124873
43, 8, 12, 0.608484
43, 8, 13, 1.180242
43, 8, 14, 1.832035
43, 8, 15, 100.000000
43, 8, 16, 100.000000
43, 8, 17, 100.000000
43, 8, 18, 100.000000
43, 8, 19, 100.000000
43, 8, 20, 100.000000
43, 8, 21, 100.000000
43, 8, 22, 100.000000
43, 8, 23, 100.000000
43, 8, 24, 100.000000
43, 8, 25, 100.000000
43, 8, 26, 100.000000
43, 8, 27, 100.000000
43, 8, 28, 100.000000
43, 8, 29, 100.000000
43, 8, 30, 100.000000
43, 8, 31, 100.000000
43, 8, 32, 100.000000
43, 8, 33, 100.000000
43, 8, 34, 100.000000
43, 9, 0, 0.423355
43, 9, 1, -0.147317
43, 9, 2, -0.454187
43, 9, 3, -0.413803
43, 9, 4, -0.419468
43, 9, 5, -0.404229
43, 9, 6, -0.389882
43, 9, 7, -0.378013
43, 9, 8, -0.372321
43, 9, 9, -0.310451
43, 9, 10, -0.212087
43, 9, 11, 0.048939
43, 9, 12, 0.545589
43, 9, 13, 1.111151
43, 9, 14, 1.768267
43, 9, 15, 100.000000
43, 9, 16, 100.000000
43, 9, 17, 100.000000
43, 9, 18, 100.000000
43, 9, 19, 100.000000
43, 9, 20, 100.000000
43, 9, 21, 100.000000
43, 9, 22, 100.000000
43, 9, 23, 100.000000
43, 9, 24, 100.000000
43, 9, 25, 100.000000
43, 9, 26, 100.000000
43, 9, 27, 100.000000
43, 9, 28, 100.000000
43, 9, 29, 100.000000
43, 9, 30, 100.000000
43, 9, 31, 100.000000
43, 9, 32, 100.000000
43, 9, 33, 100.000000
43, 9, 34, 100.000000
43, 10, 0, 0.438681
43, 10, 1, -0.154617
43, 10, 2, -0.472109
43, 10, 3, -0.394713
43, 10, 4, -0.421475
43, 10, 5, -0.435154
43, 10, 6, -0.422425
43, 10, 7, -0.380217
43, 10, 8, -0.335749
43, 10, 9, -0.321347
43, 10, 10, -0.231872
43, 10, 11, 0.046633
43, 10, 12, 0.525710
43, 10, 13, 1.069697
43, 10, 14, 1.818566
43, 10, 15, 100.000000
43, 10, 16, 100.000000
43, 10, 17, 100.000000
43, 10, 18, 100.000000
43, 10, 19, 100.000000
43, 10, 20, 100.000000
43, 10, 21, 100.000000
43, 10, 22, 100.000000
43, 10, 23, 100.000000
43, 10, 24, 100.000000
43, 10, 25, 100.000000
43, 10, 26, 100.000000
43, 10, 27, 100.000000
43, 10, 28, 100.000000
43, 10, 29, 100.000000
43, 10, 30, 100.000000
43, 10, 31, 100.000000
43, 10, 32, 100.000000
43, 10, 33, 100.000000
43, 10, 34, 100.000000
43, 11, 0, 0.422932
43, 11, 1, -0.172244
43, 11, 2, -0.452996
43, 11, 3, -0.405089
43, 11, 4, -0.437414
43, 11, 5, -0.449036
43, 11, 6, -0.447354
43, 11, 7, -0.402717
43, 11, 8, -0.341159
43, 11, 9, -0.310776
43, 11, 10, -0.209800
43, 11, 11, 0.099031
43, 11, 12, 0.546706
43, 11, 13, 1.094666
43, 11, 14, 1.761464
43, 11, 15, 100.000000
43, 11, 16, 100.000000
43, 11, 17, 100.000000
43, 11, 18, 100.000000
43, 11, 19, 100.000000
43, 11, 20, 100.000000
43, 11, 21, 100.000000
43, 11, 22, 100.000000
43, 11, 23, 100.000000
43, 11, 24, 100.000000
43, 11, 25, 100.000000
43, 11, 26, 100.000000
43, 11, 27, 100.000000
43, 11, 28, 100.000000
43, 11, 29, 100.000000
43, 11, 30, 100.000000
43, 11, 31, 100.000000
43, 11, 32, 100.000000
43, 11, 33, 100.000000
43, 11, 34, 100.000000
43, 12, 0, 0.408072
43, 12, 1, -0.172118
43, 12, 2, -0.432706
43, 12, 3, -0.392841
43, 12, 4, -0.439313
43, 12, 5, -0.463206
43, 12, 6, -0.452188
43, 12, 7, -0.438073
43, 12, 8, -0.386753
43, 12, 9, -0.345514
43, 12, 10, -0.215069
43, 12, 11, 0.112146
43, 12, 12, 0.555777
43, 12, 13, 1.083881
43, 12, 14, 1.698703
43, 12, 15, 100.000000
43, 12, 16, 100.000000
43, 12, 17, 100.000000
43, 12, 18, 100.000000
43, 12, 19, 100.000000
43, 12, 20, 100.000000
43, 12, 21, 100.000000
43, 12, 22, 100.000000
43, 12, 23, 100.000000
43, 12, 24, 100.000000
43, 12, 25, 100.000000
43, 12, 26, 100.000000
43, 12, 27, 100.000000
43, 12, 28, 100.000000
43, 12, 29, 100.000000
43, 12, 30, 100.000000
43, 12, 31, 100.000000
43, 12, 32, 100.000000
43, 12, 33, 100.000000
43, 12, 34, 100.000000
43, 13, 0, 0.410835
43, 13, 1, -0.159430
43, 13, 2, -0.441521
43, 13, 3, -0.375321
43, 13, 4, -0.433490
43, 13, 5, -0.470022
43, 13, 6, -0.451636
43, 13, 7, -0.450724
43, 13, 8, -0.435891
43, 13, 9, -0.380542
43, 13, 10, -0.239414
43, 13, 11, 0.068287
43, 13, 12, 0.507675
43, 13, 13, 1.047687
43, 13, 14, 1.571069
43, 13, 15, 2.358644
43, 13, 16, 100.000000
43, 13, 17, 100.000000
43, 13, 18, 100.000000
43, 13, 19, 100.000000
43, 13, 20, 100.000000
43, 13, 21, 100.000000
43, 13, 22, 100.000000
43, 13, 23, 100.000000
43, 13, 24, 100.000000
43, 13, 25, 100.000000
43, 13, 26, 100.000000
43, 13, 27, 100.000000
43, 13, 28, 100.000000
43, 13, 29, 100.000000
43, 13, 30, 100.000000
43, 13, 31, 100.000000
43, 13, 32, 100.000000
43, 13, 33, 100.000000
43, 13, 34, 100.000000
43, 14, 0, 0.426852
43, 14, 1, -0.151479
43, 14, 2, -0.456512
43, 14, 3, -0.375175
43, 14, 4, -0.431540
43, 14, 5, -0.488250
43, 14, 6, -0.468140
43, 14, 7, -0.452267
43, 14, 8, -0.444282
43, 14, 9, -0.397952
43, 14, 10, -0.273329
43, 14, 11, 0.023656
43, 14, 12, 0.456620
43, 14, 13, 0.988949
43, 14, 14, 1.425619
43, 14, 15, 2.214407
43, 14, 16, 100.000000
43, 14, 17, 100.000000
43, 14, 18, 100.000000
43, 14, 19, 100.000000
43, 14, 20, 100.000000
43, 14, 21, 100.000000
43, 14, 22, 100.000000
43, 14, 23, 100.000000
43, 14, 24, 100.000000
43, 14, 25, 100.000000
43, 14, 26, 100.000000
43, 14, 27, 100.000000
43, 14, 28, 100.000000
43, 14, 29, 100.000000
43, 14, 30, 100.000000
43, 14, 31, 100.000000
43, 14, 32, 100.000000
43, 14, 33, 100.000000
43, 14, 34, 100.000000
43, 15, 0, 0.441967
43, 15, 1, -0.125870
43, 15, 2, -0.446339
43, 15, 3, -0.392898
43, 15, 4, -0.449962
43, 15, 5, -0.478324
43, 15, 6, -0.476699
43, 15, 7, -0.469738
43, 15, 8, -0.449067
43, 15, 9, -0.378846
43, 15, 10, -0.236130
43, 15, 11, 0.036426
43, 15, 12, 0.449752
43, 15, 13, 0.982773
43, 15, 14, 1.602627
43, 15, 15, 2.426459
43, 15, 16, 100.000000
43, 15, 17, 100.000000
43, 15, 18, 100.000000
43, 15, 19, 100.000000
43, 15, 20, 100.000000
43, 15, 21, 100.000000
43, 15, 22, 100.000000
43, 15, 23, 100.000000
43, 15, 24, 100.000000
43, 15, 25, 100.000000
43, 15, 26, 100.000000
43, 15, 27, 100.000000
43, 15, 28, 100.000000
43, 15, 29, 100.000000
43, 15, 30, 100.000000
43, 15, 31, 100.000000
43, 15, 32, 100.000000
43, 15, 33, 100.000000
43, 15, 34, 100.000000
43, 16, 0, 0.433044
43, 16, 1, -0.119334
43, 16, 2, -0.453498
43, 16, 3, -0.427679
43, 16, 4, -0.453149
43, 16, 5, -0.474863
43, 16, 6, -0.477132
43, 16, 7, -0.451964
43, 16, 8, -0.444736
43, 16, 9, -0.369469
43, 16, 10, -0.213210
43, 16, 11, 0.028842
43, 16, 12, 0.415296
43, 16, 13, 1.016563
43, 16, 14, 1.836456
43, 16, 15, 100.000000
43, 16, 16, 100.000000
43, 16, 17, 100.000000
43, 16, 18, 100.000000
43, 16, 19, 100.000000
43, 16, 20, 100.000000
43, 16, 21, 100.000000
43, 16, 22, 100.000000
43, 16, 23, 100.000000
43, 16, 24, 100.000000
43, 16, 25, 100.000000
43, 16, 26, 100.000000
43, 16, 27, 100.000000
43, 16, 28, 100.000000
43, 16, 29, 100.000000
43, 16, 30, 100.000000
43, 16, 31, 100.000000
43, 16, 32, 100.000000
43, 16, 33, 100.000000
43, 16, 34, 100.000000
43, 17, 0, 0.405934
43, 17, 1, -0.130316
43, 17, 2, -0.452889
43, 17, 3, -0.449513
43, 17, 4, -0.467486
43, 17, 5, -0.472166
43, 17, 6, -0.453647
43, 17, 7, -0.460301
43, 17, 8, -0.441919
43, 17, 9, -0.357841
43, 17, 10, -0.233921
43, 17, 11, -0.013336
43, 17, 12, 0.401830
43, 17, 13, 1.043054
43, 17, 14, 1.850733
43, 17, 15, 100.000000
43, 17, 16, 100.000000
43, 17, 17, 100.000000
43, 17, 18, 100.000000
43, 17, 19, 100.000000
43, 17, 20, 100.000000
43, 17, 21, 100.000000
43, 17, 22, 100.000000
43, 17, 23, 100.000000
43, 17, 24, 100.000000
43, 17, 25, 100.000000
43, 17, 26, 100.000000
43, 17, 27, 100.000000
43, 17, 28, 100.000000
43, 17, 29, 100.000000
43, 17, 30, 100.000000
43, 17, 31, 100.000000
43, 17, 32, 100.000000
43, 17, 33, 100.000000
43, 17, 34, 100.000000
43, 18, 0, 0.386741
43, 18, 1, -0.135953
43, 18, 2, -0.442392
43, 18, 3, -0.432812
43, 18, 4, -0.454191
43, 18, 5, -0.449469
43, 18, 6, -0.457601
43, 18, 7, -0.462590
43, 18, 8, -0.414625
43, 18, 9, -0.344345
43, 18, 10, -0.283082
43, 18, 11, -0.048822
43, 18, 12, 0.431810
43, 18, 13, 1.086530
43, 18, 14, 1.768832
43, 18, 15, 100.000000
43, 18, 16, 100.000000
43, 18, 17, 100.000000
43, 18, 18, 100.000000
43, 18, 19, 100.000000
43, 18, 20, 100.000000
43, 18, 21, 100.000000
43, 18, 22, 100.000000
43, 18, 23, 100.000000
43, 18, 24, 100.000000
43, 18, 25, 100.000000
43, 18, 26, 100.000000
43, 18, 27, 100.000000
43, 18, 28, 100.000000
43, 18, 29, 100.000000
43, 18, 30, 100.000000
43, 18, 31, 100.000000
43, 18, 32, 100.000000
43, 18, 33, 100.000000
43, 18, 34, 100.000000
43, 19, 0, 0.374008
43, 19, 1, -0.140828
43, 19, 2, -0.468776
43, 19, 3, -0.405106
43, 19, 4, -0.430548
43, 19, 5, -0.450594
43, 19, 6, -0.466776
43, 19, 7, -0.463831
43, 19, 8, -0.404791
43, 19, 9, -0.350100
43, 19, 10, -0.302011
43, 19, 11, -0.012005
43, 19, 12, 0.506553
43, 19, 13, 1.156120
43, 19, 14, 1.689270
43, 19, 15, 100.000000
43, 19, 16, 100.000000
43, 19, 17, 100.000000
43, 19, 18, 100.000000
43, 19, 19, 100.000000
43, 19, 20, 100.000000
43, 19, 21, 100.000000
43, 19, 22, 100.000000
43, 19, 23, 100.000000
43, 19, 24, 100.000000
43, 19, 25, 100.000000
43, 19, 26, 100.000000
43, 19, 27, 100.000000
43, 19, 28, 100.000000
43, 19, 29, 100.000000
43, 19, 30, 100.000000
43, 19, 31, 100.000000
43, 19, 32, 100.000000
43, 19, 33, 100.000000
43, 19, 34, 100.000000
43, 20, 0, 0.364227
43, 20, 1, -0.141003
43, 20, 2, -0.469061
43, 20, 3, -0.387255
43, 20, 4, -0.429797
43, 20, 5, -0.469562
43, 20, 6, -0.470893
43, 20, 7, -0.444860
43, 20, 8, -0.390312
43, 20, 9, -0.321317
43, 20, 10, -0.231148
43, 20, 11, 0.062842
43, 20, 12, 0.544488
43, 20, 13, 1.117905
43, 20, 14, 1.673959
43, 20, 15, 2.462722
43, 20, 16, 100.000000
43, 20, 17, 100.000000
43, 20, 18, 100.000000
43, 20, 19, 100.000000
43, 20, 20, 100.000000
43, 20, 21, 100.000000
43, 20, 22, 100.000000
43, 20, 23, 100.000000
43, 20, 24, 100.000000
43, 20, 25, 100.000000
43, 20, 26, 100.000000
43, 20, 27, 100.000000
43, 20, 28, 100.000000
43, 20, 29, 100.000000
43, 20, 30, 100.000000
43, 20, 31, 100.000000
43, 20, 32, 100.000000
43, 20, 33, 100.000000
43, 20, 34, 100.000000
43, 21, 0, 0.376801
43, 21, 1, -0.137462
43, 21, 2, -0.470080
43, 21, 3, -0.394151
43, 21, 4, -0.435989
43, 21, 5, -0.454189
43, 21, 6, -0.457849
43, 21, 7, -0.445220
43, 21, 8, -0.402520
43, 21, 9, -0.332699
43, 21, 10, -0.174504
43, 21, 11, 0.134839
43, 21, 12, 0.597448
43, 21, 13, 1.125899
43, 21, 14, 1.697272
43, 21, 15, 100.000000
43, 21, 16, 100.000000
43, 21, 17, 100.000000
43, 21, 18, 100.000000
43, 21, 19, 100.000000
43, 21, 20, 100.000000
43, 21, 21, 100.000000
43, 21, 22, 100.000000
43, 21, 23, 100.000000
43, 21, 24, 100.000000
43, 21, 25, 100.000000
43, 21, 26, 100.000000
43, 21, 27, 100.000000
43, 21, 28, 100.000000
43, 21, 29, 100.000000
43, 21, 30, 100.000000
43, 21, 31, 100.000000
43, 21, 32, 100.000000
43, 21, 33, 100.000000
43, 21, 34, 100.000000
43, 22, 0, 0.398374
43, 22, 1, -0.132551
43, 22, 2, -0.489548
43, 22, 3, -0.394710
43, 22, 4, -0.463233
43, 22, 5, -0.473977
43, 22, 6, -0.467100
43, 22, 7, -0.459762
43, 22, 8, -0.483691
43, 22, 9, -0.408280
43, 22, 10, -0.222980
43, 22, 11, 0.124450
43, 22, 12, 0.589471
43, 22, 13, 1.142576
43, 22, 14, 1.815678
43, 22, 15, 100.000000
43, 22, 16, 100.000000
43, 22, 17, 100.000000
43, 22, 18, 100.000000
43, 22, 19, 100.000000
43, 22, 20, 100.000000
43, 22, 21, 100.000000
43, 22, 22, 100.000000
43, 22, 23, 100.000000
43, 22, 24, 100.000000
43, 22, 25, 100.000000
43, 22, 26, 100.000000
43, 22, 27, 100.000000
43, 22, 28, 100.000000
43, 22, 29, 100.000000
43, 22, 30, 100.000000
43, 22, 31, 100.000000
43, 22, 32, 100.000000
43, 22, 33, 100.000000
43, 22, 34, 100.000000
43, 23, 0, 0.406890
43, 23, 1, -0.153379
43, 23, 2, -0.483372
43, 23, 3, -0.406325
43, 23, 4, -0.474650
43, 23, 5, -0.461788
43, 23, 6, -0.450968
43, 23, 7, -0.477141
43, 23, 8, -0.456227
43, 23, 9, -0.418805
43, 23, 10, -0.222947
43, 23, 11, 0.098922
43, 23, 12, 0.530885
43, 23, 13, 1.040910
43, 23, 14, 1.613987
43, 23, 15, 2.488877
43, 23, 16, 100.000000
43, 23, 17, 100.000000
43, 23, 18, 100.000000
43, 23, 19, 100.000000
43, 23, 20, 100.000000
43, 23, 21, 100.000000
43, 23, 22, 100.000000
43, 23, 23, 100.000000
43, 23, 24, 100.000000
43, 23, 25, 100.000000
43, 23, 26, 100.000000
43, 23, 27, 100.000000
43, 23, 28, 100.000000
43, 23, 29, 100.000000
43, 23, 30, 100.000000
43, 23, 31, 100.000000
43, 23, 32, 100.000000
43, 23, 33, 100.000000
43, 23, 34, 100.000000
43, 24, 0, 0.405860
43, 24, 1, -0.173757
43, 24, 2, -0.465633
43, 24, 3, -0.414370
43, 24, 4, -0.475935
43, 24, 5, -0.472183
43, 24, 6, -0.436252
43, 24, 7, -0.469056
43, 24, 8, -0.450897
43, 24, 9, -0.381303
43, 24, 10, -0.197887
43, 24, 11, 0.087864
43, 24, 12, 0.479083
43, 24, 13, 0.990543
43, 24, 14, 1.517237
43, 24, 15, 100.000000
43, 24, 16, 100.000000
43, 24, 17, 100.000000
43, 24, 18, 100.000000
43, 24, 19, 100.000000
43, 24, 20, 100.000000
43, 24, 21, 100.000000
43, 24, 22, 100.000000
43, 24, 23, 100.000000
43, 24, 24, 100.000000
43, 24, 25, 100.000000
43, 24, 26, 100.000000
43, 24, 27, 100.000000
43, 24, 28, 100.000000
43, 24, 29, 100.000000
43, 24, 30, 100.000000
43, 24, 31, 100.000000
43, 24, 32, 100.000000
43, 24, 33, 100.000000
43, 24, 34, 100.000000
43, 25, 0, 0.393040
43, 25, 1, -0.175537
43, 25, 2, -0.480970
43, 25, 3, -0.419262
43, 25, 4, -0.465629
43, 25, 5, -0.452975
43, 25, 6, -0.441547
43, 25, 7, -0.446182
43, 25, 8, -0.449844
43, 25, 9, -0.385519
43, 25, 10, -0.206862
43, 25, 11, 0.067891
43, 25, 12, 0.462147
43, 25, 13, 0.976030
43, 25, 14, 1.525915
43, 25, 15, 2.355075
43, 25, 16, 100.000000
43, 25, 17, 100.000000
43, 25, 18, 100.000000
43, 25, 19, 100.000000
43, 25, 20, 100.000000
43, 25, 21, 100.000000
43, 25, 22, 100.000000
43, 25, 23, 100.000000
43, 25, 24, 100.000000
43, 25, 25, 100.000000
43, 25, 26, 100.000000
43, 25, 27, 100.000000
43, 25, 28, 100.000000
43, 25, 29, 100.000000
43, 25, 30, 100.000000
43, 25, 31, 100.000000
43, 25, 32, 100.000000
43, 25, 33, 100.000000
43, 25, 34, 100.000000
43, 26, 0, 0.366569
43, 26, 1, -0.168492
43, 26, 2, -0.480586
43, 26, 3, -0.401520
43, 26, 4, -0.430322
43, 26, 5, -0.440936
43, 26, 6, -0.430106
43, 26, 7, -0.454581
43, 26, 8, -0.485360
43, 26, 9, -0.401023
43, 26, 10, -0.220137
43, 26, 11, 0.075184
43, 26, 12, 0.493796
43, 26, 13, 0.996270
43, 26, 14, 1.659782
43, 26, 15, 2.492311
43, 26, 16, 100.000000
43, 26, 17, 100.000000
43, 26, 18, 100.000000
43, 26, 19, 100.000000
43, 26, 20, 100.000000
43, 26, 21, 100.000000
43, 26, 22, 100.000000
43, 26, 23, 100.000000
43, 26, 24, 100.000000
43, 26, 25, 100.000000
43, 26, 26, 100.000000
43, 26, 27, 100.000000
43, 26, 28, 100.000000
43, 26, 29, 100.000000
43, 26, 30, 100.000000
43, 26, 31, 100.000000
43, 26, 32, 100.000000
43, 26, 33, 100.000000
43, 26, 34, 100.000000
43, 27, 0, 0.364637
43, 27, 1, -0.152233
43, 27, 2, -0.461099
43, 27, 3, -0.360149
43, 27, 4, -0.400110
43, 27, 5, -0.457135
43, 27, 6, -0.475072
43, 27, 7, -0.438922
43, 27, 8, -0.446619
43, 27, 9, -0.376162
43, 27, 10, -0.192779
43, 27, 11, 0.093125
43, 27, 12, 0.502454
43, 27, 13, 0.999636
43, 27, 14, 1.786064
43, 27, 15, 100.000000
43, 27, 16, 100.000000
43, 27, 17, 100.000000
43, 27, 18, 100.000000
43, 27, 19, 100.000000
43, 27, 20, 100.000000
43, 27, 21, 100.000000
43, 27, 22, 100.000000
43, 27, 23, 100.000000
43, 27, 24, 100.000000
43, 27, 25, 100.000000
43, 27, 26, 100.000000
43, 27, 27, 100.000000
43, 27, 28, 100.000000
43, 27, 29, 100.000000
43, 27, 30, 100.000000
43, 27, 31, 100.000000
43, 27, 32, 100.000000
43, 27, 33, 100.000000
43, 27, 34, 100.000000
43, 28, 0, 0.384824
43, 28, 1, -0.101798
43, 28, 2, -0.347752
43, 28, 3, -0.272670
43, 28, 4, -0.330710
43, 28, 5, -0.379518
43, 28, 6, -0.437658
43, 28, 7, -0.474031
43, 28, 8, -0.423141
43, 28, 9, -0.301111
43, 28, 10, -0.163092
43, 28, 11, 0.073738
43, 28, 12, 0.477651
43, 28, 13, 1.004739
43, 28, 14, 1.665530
43, 28, 15, 100.000000
43, 28, 16, 100.000000
43, 28, 17, 100.000000
43, 28, 18, 100.000000
43, 28, 19, 100.000000
43, 28, 20, 100.000000
43, 28, 21, 100.000000
43, 28, 22, 100.000000
43, 28, 23, 100.000000
43, 28, 24, 100.000000
43, 28, 25, 100.000000
43, 28, 26, 100.000000
43, 28, 27, 100.000000
43, 28, 28, 100.000000
43, 28, 29, 100.000000
43, 28, 30, 100.000000
43, 28, 31, 100.000000
43, 28, 32, 100.000000
43, 28, 33, 100.000000
43, 28, 34, 100.000000
43, 29, 0, 0.467150
43, 29, 1, 0.064922
43, 29, 2, -0.058127
43, 29, 3, -0.031667
43, 29, 4, -0.063641
43, 29, 5, -0.070896
43, 29, 6, -0.093613
43, 29, 7, -0.111002
43, 29, 8, -0.059261
43, 29, 9, 0.001155
43, 29, 10, 0.036398
43, 29, 11, 0.169381
43, 29, 12, 0.560421
43, 29, 13, 1.097617
43, 29, 14, 1.618964
43, 29, 15, 2.486856
43, 29, 16, 100.000000
43, 29, 17, 100.000000
43, 29, 18, 100.000000
43, 29, 19, 100.000000
43, 29, 20, 100.000000
43, 29, 21, 100.000000
43, 29, 22, 100.000000
43, 29, 23, 100.000000
43, 29, 24, 100.000000
43, 29, 25, 100.000000
43, 29, 26, 100.000000
43, 29, 27, 100.000000
43, 29, 28, 100.000000
43, 29, 29, 100.000000
43, 29, 30, 100.000000
43, 29, 31, 100.000000
43, 29, 32, 100.000000
43, 29, 33, 100.000000
43, 29, 34, 100.000000
44, 0, 0, 0.689175
44, 0, 1, 0.400696
44, 0, 2, 0.393122
44, 0, 3, 0.410956
44, 0, 4, 0.409310
44, 0, 5, 0.407509
44, 0, 6, 0.409755
44, 0, 7, 0.415356
44, 0, 8, 0.423681
44, 0, 9, 0.449767
44, 0, 10, 0.487323
44, 0, 11, 0.607392
44, 0, 12, 0.909814
44, 0, 13, 1.455997
44, 0, 14, 2.207732
44, 0, 15, 100.000000
44, 0, 16, 100.000000
44, 0, 17, 100.000000
44, 0, 18, 100.000000
44, 0, 19, 100.000000
44, 0, 20, 100.000000
44, 0, 21, 100.000000
44, 0, 22, 100.000000
44, 0, 23, 100.000000
44, 0, 24, 100.000000
44, 0, 25, 100.000000
44, 0, 26, 100.000000
44, 0, 27, 100.000000
44, 0, 28, 100.000000
44, 0, 29, 100.000000
44, 0, 30, 100.000000
44, 0, 31, 100.000000
44, 0, 32, 100.000000
44, 0, 33, 100.000000
44, 0, 34, 100.000000
44, 1, 0, 0.466388
44, 1, 1, -0.006937
44, 1, 2, -0.090290
44, 1, 3, -0.089444
44, 1, 4, -0.121822
44, 1, 5, -0.133479
44, 1, 6, -0.119067
44, 1, 7, -0.094909
44, 1, 8, -0.071799
44, 1, 9, -0.062066
44, 1, 10, -0.020518
44, 1, 11, 0.232660
44, 1, 12, 0.731114
44, 1, 13, 1.350865
44, 1, 14, 2.149004
44, 1, 15, 100.000000
44, 1, 16, 100.000000
44, 1, 17, 100.000000
44, 1, 18, 100.000000
44, 1, 19, 100.000000
44, 1, 20, 100.000000
44, 1, 21, 100.000000
44, 1, 22, 100.000000
44, 1, 23, 100.000000
44, 1, 24, 100.000000
44, 1, 25, 100.000000
44, 1, 26, 100.000000
44, 1, 27, 100.000000
44, 1, 28, 100.000000
44, 1, 29, 100.000000
44, 1, 30, 100.000000
44, 1, 31, 100.000000
44, 1, 32, 100.000000
44, 1, 33, 100.000000
44, 1, 34, 100.000000
44, 2, 0, 0.421600
44, 2, 1, -0.147878
44, 2, 2, -0.413405
44, 2, 3, -0.403527
44, 2, 4, -0.460362
44, 2, 5, -0.431720
44, 2, 6, -0.393918
44, 2, 7, -0.376763
44, 2, 8, -0.335111
44, 2, 9, -0.297750
44, 2, 10, -0.163217
44, 2, 11, 0.183660
44, 2, 12, 0.703777
44, 2, 13, 1.374190
44, 2, 14, 2.262096
44, 2, 15, 100.000000
44, 2, 16, 100.000000
44, 2, 17, 100.000000
44, 2, 18, 100.000000
44, 2, 19, 100.000000
44, 2, 20, 100.000000
44, 2, 21, 100.000000
44, 2, 22, 100.000000
44, 2, 23, 100.000000
44, 2, 24, 100.000000
44, 2, 25, 100.000000
44, 2, 26, 100.000000
44, 2, 27, 100.000000
44, 2, 28, 100.000000
44, 2, 29, 100.000000
44, 2, 30, 100.000000
44, 2, 31, 100.000000
44, 2, 32, 100.000000
44, 2, 33, 100.000000
44, 2, 34, 100.000000
44, 3, 0, 0.410627
44, 3, 1, -0.158246
44, 3, 2, -0.437956
44, 3, 3, -0.361940
44, 3, 4, -0.396133
44, 3, 5, -0.413899
44, 3, 6, -0.408297
44, 3, 7, -0.418430
44, 3, 8, -0.377916
44, 3, 9, -0.307294
44, 3, 10, -0.129478
44, 3, 11, 0.208120
44, 3, 12, 0.708594
44, 3, 13, 1.382578
44, 3, 14, 2.297507
44, 3, 15, 100.000000
44, 3, 16, 100.000000
44, 3, 17, 100.000000
44, 3, 18, 100.000000
44, 3, 19, 100.000000
44, 3, 20, 100.000000
44, 3, 21, 100.000000
44, 3, 22, 100.000000
44, 3, 23, 100.000000
44, 3, 24, 100.000000
44, 3, 25, 100.000000
44, 3, 26, 100.000000
44, 3, 27, 100.000000
44, 3, 28, 100.000000
44, 3, 29, 100.000000
44, 3, 30, 100.000000
44, 3, 31, 100.000000
44, 3, 32, 100.000000
44, 3, 33, 100.000000
44, 3, 34, 100.000000
44, 4, 0, 0.399706
44, 4, 1, -0.177964
44, 4, 2, -0.427605
44, 4, 3, -0.370238
44, 4, 4, -0.452818
44, 4, 5, -0.435881
44, 4, 6, -0.408674
44, 4, 7, -0.393292
44, 4, 8, -0.371869
44, 4, 9, -0.308358
44, 4, 10, -0.122530
44, 4, 11, 0.225268
44, 4, 12, 0.723112
44, 4, 13, 1.417914
44, 4, 14, 2.338791
44, 4, 15, 100.000000
44, 4, 16, 100.000000
44, 4, 17, 100.000000
44, 4, 18, 100.000000
44, 4, 19, 100.000000
44, 4, 20, 100.000000
44, 4, 21, 100.000000
44, 4, 22, 100.000000
44, 4, 23, 100.000000
44, 4, 24, 100.000000
44, 4, 25, 100.000000
44, 4, 26, 100.000000
44, 4, 27, 100.000000
44, 4, 28, 100.000000
44, 4, 29, 100.000000
44, 4, 30, 100.000000
44, 4, 31, 100.000000
44, 4, 32, 100.000000
44, 4, 33, 100.000000
44, 4, 34, 100.000000
44, 5, 0, 0.399899
44, 5, 1, -0.191447
44, 5, 2, -0.451077
44, 5, 3, -0.401982
44, 5, 4, -0.440244
44, 5, 5, -0.443046
44, 5, 6, -0.421727
44, 5, 7, -0.414426
44, 5, 8, -0.387710
44, 5, 9, -0.321803
44, 5, 10, -0.138688
44, 5, 11, 0.234944
44, 5, 12, 0.740036
44, 5, 13, 1.394939
44, 5, 14, 2.344414
44, 5, 15, 100.000000
44, 5, 16, 100.000000
44, 5, 17, 100.000000
44, 5, 18, 100.000000
44, 5, 19, 100.000000
44, 5, 20, 100.000000
44, 5, 21, 100.000000
44, 5, 22, 100.000000
44, 5, 23, 100.000000
44, 5, 24, 100.000000
44, 5, 25, 100.000000
44, 5, 26, 100.000000
44, 5, 27, 100.000000
44, 5, 28, 100.000000
44, 5, 29, 100.000000
44, 5, 30, 100.000000
44, 5, 31, 100.000000
44, 5, 32, 100.000000
44, 5, 33, 100.000000
44, 5, 34, 100.000000
44, 6, 0, 0.389550
44, 6, 1, -0.177706
44, 6, 2, -0.471300
44, 6, 3, -0.434211
44, 6, 4, -0.455626
44, 6, 5, -0.444380
44, 6, 6, -0.429927
44, 6, 7, -0.416195
44, 6, 8, -0.385262
44, 6, 9, -0.305620
44, 6, 10, -0.152076
44, 6, 11, 0.210900
44, 6, 12, 0.753749
44, 6, 13, 1.406642
44, 6, 14, 2.247247
44, 6, 15, 100.000000
44, 6, 16, 100.000000
44, 6, 17, 100.000000
44, 6, 18, 100.000000
44, 6, 19, 100.000000
44, 6, 20, 100.000000
44, 6, 21, 100.000000
44, 6, 22, 100.000000
44, 6, 23, 100.000000
44, 6, 24, 100.000000
44, 6, 25, 100.000000
44, 6, 26, 100.000000
44, 6, 27, 100.000000
44, 6, 28, 100.000000
44, 6, 29, 100.000000
44, 6, 30, 100.000000
44, 6, 31, 100.000000
44, 6, 32, 100.000000
44, 6, 33, 100.000000
44, 6, 34, 100.000000
44, 7, 0, 0.380374
44, 7, 1, -0.166768
44, 7, 2, -0.470186
44, 7, 3, -0.428428
44, 7, 4, -0.428551
44, 7, 5, -0.422372
44, 7, 6, -0.404423
44, 7, 7, -0.389197
44, 7, 8, -0.375862
44, 7, 9, -0.290798
44, 7, 10, -0.177667
44, 7, 11, 0.141981
44, 7, 12, 0.686442
44, 7, 13, 1.397412
44, 7, 14, 2.176374
44, 7, 15, 100.000000
44, 7, 16, 100.000000
44, 7, 17, 100.000000
44, 7, 18, 100.000000
44, 7, 19, 100.000000
44, 7, 20, 100.000000
44, 7, 21, 100.000000
44, 7, 22, 100.000000
44, 7, 23, 100.000000
44, 7, 24, 100.000000
44, 7, 25, 100.000000
44, 7, 26, 100.000000
44, 7, 27, 100.000000
44, 7, 28, 100.000000
44, 7, 29, 100.000000
44, 7, 30, 100.000000
44, 7, 31, 100.000000
44, 7, 32, 100.000000
44, 7, 33, 100.000000
44, 7, 34, 100.000000
44, 8, 0, 0.396235
44, 8, 1, -0.149755
44, 8, 2, -0.439729
44, 8, 3, -0.390366
44, 8, 4, -0.413056
44, 8, 5, -0.420348
44, 8, 6, -0.401417
44, 8, 7, -0.389833
44, 8, 8, -0.368854
44, 8, 9, -0.305372
44, 8, 10, -0.233496
44, 8, 11, 0.057155
44, 8, 12, 0.586154
44, 8, 13, 1.244079
44, 8, 14, 1.922384
44, 8, 15, 100.000000
44, 8, 16, 100.000000
44, 8, 17, 100.000000
44, 8, 18, 100.000000
44, 8, 19, 100.000000
44, 8, 20, 100.000000
44, 8, 21, 100.000000
44, 8, 22, 100.000000
44, 8, 23, 100.000000
44, 8, 24, 100.000000
44, 8, 25, 100.000000
44, 8, 26, 100.000000
44, 8, 27, 100.000000
44, 8, 28, 100.000000
44, 8, 29, 100.000000
44, 8, 30, 100.000000
44, 8, 31, 100.000000
44, 8, 32, 100.000000
44, 8, 33, 100.000000
44, 8, 34, 100.000000
44, 9, 0, 0.417245
44, 9, 1, -0.141587
44, 9, 2, -0.448904
44, 9, 3, -0.373423
44, 9, 4, -0.382498
44, 9, 5, -0.423544
44, 9, 6, -0.429326
44, 9, 7, -0.403364
44, 9, 8, -0.380200
44, 9, 9, -0.344918
44, 9, 10, -0.278785
44, 9, 11, -0.010364
44, 9, 12, 0.508640
44, 9, 13, 1.118283
44, 9, 14, 1.775650
44, 9, 15, 100.000000
44, 9, 16, 100.000000
44, 9, 17, 100.000000
44, 9, 18, 100.000000
44, 9, 19, 100.000000
44, 9, 20, 100.000000
44, 9, 21, 100.000000
44, 9, 22, 100.000000
44, 9, 23, 100.000000
44, 9, 24, 100.000000
44, 9, 25, 100.000000
44, 9, 26, 100.000000
44, 9, 27, 100.000000
44, 9, 28, 100.000000
44, 9, 29, 100.000000
44, 9, 30, 100.000000
44, 9, 31, 100.000000
44, 9, 32, 100.000000
44, 9, 33, 100.000000
44, 9, 34, 100.000000
44, 10, 0, 0.425541
44, 10, 1, -0.144553
44, 10, 2, -0.452874
44, 10, 3, -0.370489
44, 10, 4, -0.395649
44, 10, 5, -0.434640
44, 10, 6, -0.437014
44, 10, 7, -0.377717
44, 10, 8, -0.326891
44, 10, 9, -0.343231
44, 10, 10, -0.286857
44, 10, 11, -0.009238
44, 10, 12, 0.481803
44, 10, 13, 1.057079
44, 10, 14, 1.762915
44, 10, 15, 100.000000
44, 10, 16, 100.000000
44, 10, 17, 100.000000
44, 10, 18, 100.000000
44, 10, 19, 100.000000
44, 10, 20, 100.000000
44, 10, 21, 100.000000
44, 10, 22, 100.000000
44, 10, 23, 100.000000
44, 10, 24, 100.000000
44, 10, 25, 100.000000
44, 10, 26, 100.000000
44, 10, 27, 100.000000
44, 10, 28, 100.000000
44, 10, 29, 100.000000
44, 10, 30, 100.000000
44, 10, 31, 100.000000
44, 10, 32, 100.000000
44, 10, 33, 100.000000
44, 10, 34, 100.000000
44, 11, 0, 0.409779
44, 11, 1, -0.159521
44, 11, 2, -0.469555
44, 11, 3, -0.395196
44, 11, 4, -0.424042
44, 11, 5, -0.451805
44, 11, 6, -0.435562
44, 11, 7, -0.386892
44, 11, 8, -0.320614
44, 11, 9, -0.318577
44, 11, 10, -0.248824
44, 11, 11, 0.041091
44, 11, 12, 0.506803
44, 11, 13, 1.065231
44, 11, 14, 1.684398
44, 11, 15, 100.000000
44, 11, 16, 100.000000
44, 11, 17, 100.000000
44, 11, 18, 100.000000
44, 11, 19, 100.000000
44, 11, 20, 100.000000
44, 11, 21, 100.000000
44, 11, 22, 100.000000
44, 11, 23, 100.000000
44, 11, 24, 100.000000
44, 11, 25, 100.000000
44, 11, 26, 100.000000
44, 11, 27, 100.000000
44, 11, 28, 100.000000
44, 11, 29, 100.000000
44, 11, 30, 100.000000
44, 11, 31, 100.000000
44, 11, 32, 100.000000
44, 11, 33, 100.000000
44, 11, 34, 100.000000
44, 12, 0, 0.414439
44, 12, 1, -0.159927
44, 12, 2, -0.449393
44, 12, 3, -0.394401
44, 12, 4, -0.424899
44, 12, 5, -0.456100
44, 12, 6, -0.458177
44, 12, 7, -0.431192
44, 12, 8, -0.366672
44, 12, 9, -0.335834
44, 12, 10, -0.227162
44, 12, 11, 0.056128
44, 12, 12, 0.489256
44, 12, 13, 1.052576
44, 12, 14, 1.661685
44, 12, 15, 100.000000
44, 12, 16, 100.000000
44, 12, 17, 100.000000
44, 12, 18, 100.000000
44, 12, 19, 100.000000
44, 12, 20, 100.000000
44, 12, 21, 100.000000
44, 12, 22, 100.000000
44, 12, 23, 100.000000
44, 12, 24, 100.000000
44, 12, 25, 100.000000
44, 12, 26, 100.000000
44, 12, 27, 100.000000
44, 12, 28, 100.000000
44, 12, 29, 100.000000
44, 12, 30, 100.000000
44, 12, 31, 100.000000
44, 12, 32, 100.000000
44, 12, 33, 100.000000
44, 12, 34, 100.000000
44, 13, 0, 0.421071
44, 13, 1, -0.152648
44, 13, 2, -0.457446
44, 13, 3, -0.386693
44, 13, 4, -0.434114
44, 13, 5, -0.470399
44, 13, 6, -0.465302
44, 13, 7, -0.457062
44, 13, 8, -0.423603
44, 13, 9, -0.374371
44, 13, 10, -0.238055
44, 13, 11, 0.032871
44, 13, 12, 0.436728
44, 13, 13, 0.976118
44, 13, 14, 1.603712
44, 13, 15, 2.424109
44, 13, 16, 100.000000
44, 13, 17, 100.000000
44, 13, 18, 100.000000
44, 13, 19, 100.000000
44, 13, 20, 100.000000
44, 13, 21, 100.000000
44, 13, 22, 100.000000
44, 13, 23, 100.000000
44, 13, 24, 100.000000
44, 13, 25, 100.000000
44, 13, 26, 100.000000
44, 13, 27, 100.000000
44, 13, 28, 100.000000
44, 13, 29, 100.000000
44, 13, 30, 100.000000
44, 13, 31, 100.000000
44, 13, 32, 100.000000
44, 13, 33, 100.000000
44, 13, 34, 100.000000
44, 14, 0, 0.419919
44, 14, 1, -0.158125
44, 14, 2, -0.465205
44, 14, 3, -0.384347
44, 14, 4, -0.446237
44, 14, 5, -0.476733
44, 14, 6, -0.482702
44, 14, 7, -0.470231
44, 14, 8, -0.448003
44, 14, 9, -0.401467
44, 14, 10, -0.268460
44, 14, 11, 0.007354
44, 14, 12, 0.398668
44, 14, 13, 0.924483
44, 14, 14, 1.476060
44, 14, 15, 2.283267
44, 14, 16, 100.000000
44, 14, 17, 100.000000
44, 14, 18, 100.000000
44, 14, 19, 100.000000
44, 14, 20, 100.000000
44, 14, 21, 100.000000
44, 14, 22, 100.000000
44, 14, 23, 100.000000
44, 14, 24, 100.000000
44, 14, 25, 100.000000
44, 14, 26, 100.000000
44, 14, 27, 100.000000
44, 14, 28, 100.000000
44, 14, 29, 100.000000
44, 14, 30, 100.000000
44, 14, 31, 100.000000
44, 14, 32, 100.000000
44, 14, 33, 100.000000
44, 14, 34, 100.000000
44, 15, 0, 0.427974
44, 15, 1, -0.151754
44, 15, 2, -0.447015
44, 15, 3, -0.403759
44, 15, 4, -0.461289
44, 15, 5, -0.484260
44, 15, 6, -0.494444
44, 15, 7, -0.470088
44, 15, 8, -0.441063
44, 15, 9, -0.385539
44, 15, 10, -0.237384
44, 15, 11, 0.031501
44, 15, 12, 0.405415
44, 15, 13, 0.946363
44, 15, 14, 1.613606
44, 15, 15, 2.490440
44, 15, 16, 100.000000
44, 15, 17, 100.000000
44, 15, 18, 100.000000
44, 15, 19, 100.000000
44, 15, 20, 100.000000
44, 15, 21, 100.000000
44, 15, 22, 100.000000
44, 15, 23, 100.000000
44, 15, 24, 100.000000
44, 15, 25, 100.000000
44, 15, 26, 100.000000
44, 15, 27, 100.000000
44, 15, 28, 100.000000
44, 15, 29, 100.000000
44, 15, 30, 100.000000
44, 15, 31, 100.000000
44, 15, 32, 100.000000
44, 15, 33, 100.000000
44, 15, 34, 100.000000
44, 16, 0, 0.413035
44, 16, 1, -0.146926
44, 16, 2, -0.466588
44, 16, 3, -0.438904
44, 16, 4, -0.474979
44, 16, 5, -0.486551
44, 16, 6, -0.483149
44, 16, 7, -0.461663
44, 16, 8, -0.447389
44, 16, 9, -0.382288
44, 16, 10, -0.207678
44, 16, 11, 0.048305
44, 16, 12, 0.419558
44, 16, 13, 0.991781
44, 16, 14, 1.751695
44, 16, 15, 100.000000
44, 16, 16, 100.000000
44, 16, 17, 100.000000
44, 16, 18, 100.000000
44, 16, 19, 100.000000
44, 16, 20, 100.000000
44, 16, 21, 100.000000
44, 16, 22, 100.000000
44, 16, 23, 100.000000
44, 16, 24, 100.000000
44, 16, 25, 100.000000
44, 16, 26, 100.000000
44, 16, 27, 100.000000
44, 16, 28, 100.000000
44, 16, 29, 100.000000
44, 16, 30, 100.000000
44, 16, 31, 100.000000
44, 16, 32, 100.000000
44, 16, 33, 100.000000
44, 16, 34, 100.000000
44, 17, 0, 0.390133
44, 17, 1, -0.154289
44, 17, 2, -0.459663
44, 17, 3, -0.440675
44, 17, 4, -0.460080
44, 17, 5, -0.464685
44, 17, 6, -0.457466
44, 17, 7, -0.476159
44, 17, 8, -0.450774
44, 17, 9, -0.368185
44, 17, 10, -0.204233
44, 17, 11, 0.034210
44, 17, 12, 0.426829
44, 17, 13, 1.027704
44, 17, 14, 1.685598
44, 17, 15, 100.000000
44, 17, 16, 100.000000
44, 17, 17, 100.000000
44, 17, 18, 100.000000
44, 17, 19, 100.000000
44, 17, 20, 100.000000
44, 17, 21, 100.000000
44, 17, 22, 100.000000
44, 17, 23, 100.000000
44, 17, 24, 100.000000
44, 17, 25, 100.000000
44, 17, 26, 100.000000
44, 17, 27, 100.000000
44, 17, 28, 100.000000
44, 17, 29, 100.000000
44, 17, 30, 100.000000
44, 17, 31, 100.000000
44, 17, 32, 100.000000
44, 17, 33, 100.000000
44, 17, 34, 100.000000
44, 18, 0, 0.369996
44, 18, 1, -0.159615
44, 18, 2, -0.442684
44, 18, 3, -0.426910
44, 18, 4, -0.445005
44, 18, 5, -0.438107
44, 18, 6, -0.461340
44, 18, 7, -0.474129
44, 18, 8, -0.420529
44, 18, 9, -0.333402
44, 18, 10, -0.252459
44, 18, 11, -0.029812
44, 18, 12, 0.430052
44, 18, 13, 1.065360
44, 18, 14, 1.663904
44, 18, 15, 100.000000
44, 18, 16, 100.000000
44, 18, 17, 100.000000
44, 18, 18, 100.000000
44, 18, 19, 100.000000
44, 18, 20, 100.000000
44, 18, 21, 100.000000
44, 18, 22, 100.000000
44, 18, 23, 100.000000
44, 18, 24, 100.000000
44, 18, 25, 100.000000
44, 18, 26, 100.000000
44, 18, 27, 100.000000
44, 18, 28, 100.000000
44, 18, 29, 100.000000
44, 18, 30, 100.000000
44, 18, 31, 100.000000
44, 18, 32, 100.000000
44, 18, 33, 100.000000
44, 18, 34, 100.000000
44, 19, 0, 0.351720
44, 19, 1, -0.168008
44, 19, 2, -0.482560
44, 19, 3, -0.414173
44, 19, 4, -0.431209
44, 19, 5, -0.439721
44, 19, 6, -0.467609
44, 19, 7, -0.476249
44, 19, 8, -0.388856
44, 19, 9, -0.330851
44, 19, 10, -0.297890
44, 19, 11, -0.053120
44, 19, 12, 0.413997
44, 19, 13, 1.006765
44, 19, 14, 1.527901
44, 19, 15, 2.463146
44, 19, 16, 100.000000
44, 19, 17, 100.000000
44, 19, 18, 100.000000
44, 19, 19, 100.000000
44, 19, 20, 100.000000
44, 19, 21, 100.000000
44, 19, 22, 100.000000
44, 19, 23, 100.000000
44, 19, 24, 100.000000
44, 19, 25, 100.000000
44, 19, 26, 100.000000
44, 19, 27, 100.000000
44, 19, 28, 100.000000
44, 19, 29, 100.000000
44, 19, 30, 100.000000
44, 19, 31, 100.000000
44, 19, 32, 100.000000
44, 19, 33, 100.000000
44, 19, 34, 100.000000
44, 20, 0, 0.344658
44, 20, 1, -0.156639
44, 20, 2, -0.460164
44, 20, 3, -0.401289
44, 20, 4, -0.431035
44, 20, 5, -0.467976
44, 20, 6, -0.465689
44, 20, 7, -0.442852
44, 20, 8, -0.368401
44, 20, 9, -0.311269
44, 20, 10, -0.251895
44, 20, 11, -0.000208
44, 20, 12, 0.426733
44, 20, 13, 0.926761
44, 20, 14, 1.394578
44, 20, 15, 2.216760
44, 20, 16, 100.000000
44, 20, 17, 100.000000
44, 20, 18, 100.000000
44, 20, 19, 100.000000
44, 20, 20, 100.000000
44, 20, 21, 100.000000
44, 20, 22, 100.000000
44, 20, 23, 100.000000
44, 20, 24, 100.000000
44, 20, 25, 100.000000
44, 20, 26, 100.000000
44, 20, 27, 100.000000
44, 20, 28, 100.000000
44, 20, 29, 100.000000
44, 20, 30, 100.000000
44, 20, 31, 100.000000
44, 20, 32, 100.000000
44, 20, 33, 100.000000
44, 20, 34, 100.000000
44, 21, 0, 0.363797
44, 21, 1, -0.135240
44, 21, 2, -0.452100
44, 21, 3, -0.396022
44, 21, 4, -0.443993
44, 21, 5, -0.450511
44, 21, 6, -0.446177
44, 21, 7, -0.447423
44, 21, 8, -0.390442
44, 21, 9, -0.308672
44, 21, 10, -0.160869
44, 21, 11, 0.112251
44, 21, 12, 0.491756
44, 21, 13, 0.946145
44, 21, 14, 1.509153
44, 21, 15, 2.319941
44, 21, 16, 100.000000
44, 21, 17, 100.000000
44, 21, 18, 100.000000
44, 21, 19, 100.000000
44, 21, 20, 100.000000
44, 21, 21, 100.000000
44, 21, 22, 100.000000
44, 21, 23, 100.000000
44, 21, 24, 100.000000
44, 21, 25, 100.000000
44, 21, 26, 100.000000
44, 21, 27, 100.000000
44, 21, 28, 100.000000
44, 21, 29, 100.000000
44, 21, 30, 100.000000
44, 21, 31, 100.000000
44, 21, 32, 100.000000
44, 21, 33, 100.000000
44, 21, 34, 100.000000
44, 22, 0, 0.393002
44, 22, 1, -0.124175
44, 22, 2, -0.453782
44, 22, 3, -0.397211
44, 22, 4, -0.455552
44, 22, 5, -0.452632
44, 22, 6, -0.476389
44, 22, 7, -0.485240
44, 22, 8, -0.455743
44, 22, 9, -0.385412
44, 22, 10, -0.200902
44, 22, 11, 0.134726
44, 22, 12, 0.572533
44, 22, 13, 1.038369
44, 22, 14, 1.611703
44, 22, 15, 100.000000
44, 22, 16, 100.000000
44, 22, 17, 100.000000
44, 22, 18, 100.000000
44, 22, 19, 100.000000
44, 22, 20, 100.000000
44, 22, 21, 100.000000
44, 22, 22, 100.000000
44, 22, 23, 100.000000
44, 22, 24, 100.000000
44, 22, 25, 100.000000
44, 22, 26, 100.000000
44, 22, 27, 100.000000
44, 22, 28, 100.000000
44, 22, 29, 100.000000
44, 22, 30, 100.000000
44, 22, 31, 100.000000
44, 22, 32, 100.000000
44, 22, 33, 100.000000
44, 22, 34, 100.000000
44, 23, 0, 0.398225
44, 23, 1, -0.145422
44, 23, 2, -0.471896
44, 23, 3, -0.419049
44, 23, 4, -0.487155
44, 23, 5, -0.479798
44, 23, 6, -0.450586
44, 23, 7, -0.469472
44, 23, 8, -0.468945
44, 23, 9, -0.402242
44, 23, 10, -0.232764
44, 23, 11, 0.069356
44, 23, 12, 0.522373
44, 23, 13, 1.036102
44, 23, 14, 1.641906
44, 23, 15, 2.465654
44, 23, 16, 100.000000
44, 23, 17, 100.000000
44, 23, 18, 100.000000
44, 23, 19, 100.000000
44, 23, 20, 100.000000
44, 23, 21, 100.000000
44, 23, 22, 100.000000
44, 23, 23, 100.000000
44, 23, 24, 100.000000
44, 23, 25, 100.000000
44, 23, 26, 100.000000
44, 23, 27, 100.000000
44, 23, 28, 100.000000
44, 23, 29, 100.000000
44, 23, 30, 100.000000
44, 23, 31, 100.000000
44, 23, 32, 100.000000
44, 23, 33, 100.000000
44, 23, 34, 100.000000
44, 24, 0, 0.398868
44, 24, 1, -0.159432
44, 24, 2, -0.459585
44, 24, 3, -0.418578
44, 24, 4, -0.475786
44, 24, 5, -0.469603
44, 24, 6, -0.443671
44, 24, 7, -0.475338
44, 24, 8, -0.462944
44, 24, 9, -0.396840
44, 24, 10, -0.240937
44, 24, 11, 0.032037
44, 24, 12, 0.449481
44, 24, 13, 0.967801
44, 24, 14, 1.546752
44, 24, 15, 100.000000
44, 24, 16, 100.000000
44, 24, 17, 100.000000
44, 24, 18, 100.000000
44, 24, 19, 100.000000
44, 24, 20, 100.000000
44, 24, 21, 100.000000
44, 24, 22, 100.000000
44, 24, 23, 100.000000
44, 24, 24, 100.000000
44, 24, 25, 100.000000
44, 24, 26, 100.000000
44, 24, 27, 100.000000
44, 24, 28, 100.000000
44, 24, 29, 100.000000
44, 24, 30, 100.000000
44, 24, 31, 100.000000
44, 24, 32, 100.000000
44, 24, 33, 100.000000
44, 24, 34, 100.000000
44, 25, 0, 0.387479
44, 25, 1, -0.163303
44, 25, 2, -0.476543
44, 25, 3, -0.419998
44, 25, 4, -0.454867
44, 25, 5, -0.447623
44, 25, 6, -0.455624
44, 25, 7, -0.469052
44, 25, 8, -0.450873
44, 25, 9, -0.394391
44, 25, 10, -0.240655
44, 25, 11, 0.020973
44, 25, 12, 0.439788
44, 25, 13, 0.931692
44, 25, 14, 1.511186
44, 25, 15, 2.345105
44, 25, 16, 100.000000
44, 25, 17, 100.000000
44, 25, 18, 100.000000
44, 25, 19, 100.000000
44, 25, 20, 100.000000
44, 25, 21, 100.000000
44, 25, 22, 100.000000
44, 25, 23, 100.000000
44, 25, 24, 100.000000
44, 25, 25, 100.000000
44, 25, 26, 100.000000
44, 25, 27, 100.000000
44, 25, 28, 100.000000
44, 25, 29, 100.000000
44, 25, 30, 100.000000
44, 25, 31, 100.000000
44, 25, 32, 100.000000
44, 25, 33, 100.000000
44, 25, 34, 100.000000
44, 26, 0, 0.366616
44, 26, 1, -0.163544
44, 26, 2, -0.491954
44, 26, 3, -0.409319
44, 26, 4, -0.423324
44, 26, 5, -0.452392
44, 26, 6, -0.466441
44, 26, 7, -0.458120
44, 26, 8, -0.454142
44, 26, 9, -0.385508
44, 26, 10, -0.236537
44, 26, 11, 0.035825
44, 26, 12, 0.469342
44, 26, 13, 0.962752
44, 26, 14, 1.630190
44, 26, 15, 2.482800
44, 26, 16, 100.000000
44, 26, 17, 100.000000
44, 26, 18, 100.000000
44, 26, 19, 100.000000
44, 26, 20, 100.000000
44, 26, 21, 100.000000
44, 26, 22, 100.000000
44, 26, 23, 100.000000
44, 26, 24, 100.000000
44, 26, 25, 100.000000
44, 26, 26, 100.000000
44, 26, 27, 100.000000
44, 26, 28, 100.000000
44, 26, 29, 100.000000
44, 26, 30, 100.000000
44, 26, 31, 100.000000
44, 26, 32, 100.000000
44, 26, 33, 100.000000
44, 26, 34, 100.000000
44, 27, 0, 0.354520
44, 27, 1, -0.149469
44, 27, 2, -0.461613
44, 27, 3, -0.387736
44, 27, 4, -0.383984
44, 27, 5, -0.440720
44, 27, 6, -0.486999
44, 27, 7, -0.447427
44, 27, 8, -0.434634
44, 27, 9, -0.347957
44, 27, 10, -0.212131
44, 27, 11, 0.034362
44, 27, 12, 0.460000
44, 27, 13, 1.000102
44, 27, 14, 1.725833
44, 27, 15, 100.000000
44, 27, 16, 100.000000
44, 27, 17, 100.000000
44, 27, 18, 100.000000
44, 27, 19, 100.000000
44, 27, 20, 100.000000
44, 27, 21, 100.000000
44, 27, 22, 100.000000
44, 27, 23, 100.000000
44, 27, 24, 100.000000
44, 27, 25, 100.000000
44, 27, 26, 100.000000
44, 27, 27, 100.000000
44, 27, 28, 100.000000
44, 27, 29, 100.000000
44, 27, 30, 100.000000
44, 27, 31, 100.000000
44, 27, 32, 100.000000
44, 27, 33, 100.000000
44, 27, 34, 100.000000
44, 28, 0, 0.360320
44, 28, 1, -0.097633
44, 28, 2, -0.353951
44, 28, 3, -0.301421
44, 28, 4, -0.312159
44, 28, 5, -0.370134
44, 28, 6, -0.397354
44, 28, 7, -0.451798
44, 28, 8, -0.422764
44, 28, 9, -0.294031
44, 28, 10, -0.198166
44, 28, 11, 0.006064
44, 28, 12, 0.415009
44, 28, 13, 0.968966
44, 28, 14, 1.525573
44, 28, 15, 2.415686
44, 28, 16, 100.000000
44, 28, 17, 100.000000
44, 28, 18, 100.000000
44, 28, 19, 100.000000
44, 28, 20, 100.000000
44, 28, 21, 100.000000
44, 28, 22, 100.000000
44, 28, 23, 100.000000
44, 28, 24, 100.000000
44, 28, 25, 100.000000
44, 28, 26, 100.000000
44, 28, 27, 100.000000
44, 28, 28, 100.000000
44, 28, 29, 100.000000
44, 28, 30, 100.000000
44, 28, 31, 100.000000
44, 28, 32, 100.000000
44, 28, 33, 100.000000
44, 28, 34, 100.000000
44, 29, 0, 0.430444
44, 29, 1, 0.050636
44, 29, 2, -0.082238
44, 29, 3, -0.043375
44, 29, 4, -0.051739
44, 29, 5, -0.080196
44, 29, 6, -0.087758
44, 29, 7, -0.103154
44, 29, 8, -0.071886
44, 29, 9, -0.016682
44, 29, 10, 0.001337
44, 29, 11, 0.112679
44, 29, 12, 0.453365
44, 29, 13, 0.939789
44, 29, 14, 1.423729
44, 29, 15, 2.278758
44, 29, 16, 100.000000
44, 29, 17, 100.000000
44, 29, 18, 100.000000
44, 29, 19, 100.000000
44, 29, 20, 100.000000
44, 29, 21, 100.000000
44, 29, 22, 100.000000
44, 29, 23, 100.000000
44, 29, 24, 100.000000
44, 29, 25, 100.000000
44, 29, 26, 100.000000
44, 29, 27, 100.000000
44, 29, 28, 100.000000
44, 29, 29, 100.000000
44, 29, 30, 100.000000
44, 29, 31, 100.000000
44, 29, 32, 100.000000
44, 29, 33, 100.000000
44, 29, 34, 100.000000
45, 0, 0, 0.711725
45, 0, 1, 0.414501
45, 0, 2, 0.387090
45, 0, 3, 0.398078
45, 0, 4, 0.385633
45, 0, 5, 0.384019
45, 0, 6, 0.392450
45, 0, 7, 0.418239
45, 0, 8, 0.451870
45, 0, 9, 0.482855
45, 0, 10, 0.504047
45, 0, 11, 0.588569
45, 0, 12, 0.865848
45, 0, 13, 1.389866
45, 0, 14, 2.150032
45, 0, 15, 100.000000
45, 0, 16, 100.000000
45, 0, 17, 100.000000
45, 0, 18, 100.000000
45, 0, 19, 100.000000
45, 0, 20, 100.000000
45, 0, 21, 100.000000
45, 0, 22, 100.000000
45, 0, 23, 100.000000
45, 0, 24, 100.000000
45, 0, 25, 100.000000
45, 0, 26, 100.000000
45, 0, 27, 100.000000
45, 0, 28, 100.000000
45, 0, 29, 100.000000
45, 0, 30, 100.000000
45, 0, 31, 100.000000
45, 0, 32, 100.000000
45, 0, 33, 100.000000
45, 0, 34, 100.000000
45, 1, 0, 0.476701
45, 1, 1, -0.008323
45, 1, 2, -0.113466
45, 1, 3, -0.107790
45, 1, 4, -0.123581
45, 1, 5, -0.142114
45, 1, 6, -0.139543
45, 1, 7, -0.105492
45, 1, 8, -0.067558
45, 1, 9, -0.051552
45, 1, 10, 0.003623
45, 1, 11, 0.246442
45, 1, 12, 0.687745
45, 1, 13, 1.245920
45, 1, 14, 2.037200
45, 1, 15, 100.000000
45, 1, 16, 100.000000
45, 1, 17, 100.000000
45, 1, 18, 100.000000
45, 1, 19, 100.000000
45, 1, 20, 100.000000
45, 1, 21, 100.000000
45, 1, 22, 100.000000
45, 1, 23, 100.000000
45, 1, 24, 100.000000
45, 1, 25, 100.000000
45, 1, 26, 100.000000
45, 1, 27, 100.000000
45, 1, 28, 100.000000
45, 1, 29, 100.000000
45, 1, 30, 100.000000
45, 1, 31, 100.000000
45, 1, 32, 100.000000
45, 1, 33, 100.000000
45, 1, 34, 100.000000
45, 2, 0, 0.421047
45, 2, 1, -0.152784
45, 2, 2, -0.432597
45, 2, 3, -0.421150
45, 2, 4, -0.437507
45, 2, 5, -0.419710
45, 2, 6, -0.436203
45, 2, 7, -0.408074
45, 2, 8, -0.352336
45, 2, 9, -0.301376
45, 2, 10, -0.163440
45, 2, 11, 0.167327
45, 2, 12, 0.627291
45, 2, 13, 1.210747
45, 2, 14, 1.955161
45, 2, 15, 100.000000
45, 2, 16, 100.000000
45, 2, 17, 100.000000
45, 2, 18, 100.000000
45, 2, 19, 100.000000
45, 2, 20, 100.000000
45, 2, 21, 100.000000
45, 2, 22, 100.000000
45, 2, 23, 100.000000
45, 2, 24, 100.000000
45, 2, 25, 100.000000
45, 2, 26, 100.000000
45, 2, 27, 100.000000
45, 2, 28, 100.000000
45, 2, 29, 100.000000
45, 2, 30, 100.000000
45, 2, 31, 100.000000
45, 2, 32, 100.000000
45, 2, 33, 100.000000
45, 2, 34, 100.000000
45, 3, 0, 0.403758
45, 3, 1, -0.172465
45, 3, 2, -0.444759
45, 3, 3, -0.379755
45, 3, 4, -0.390916
45, 3, 5, -0.409644
45, 3, 6, -0.443038
45, 3, 7, -0.465664
45, 3, 8, -0.394263
45, 3, 9, -0.304369
45, 3, 10, -0.152199
45, 3, 11, 0.155001
45, 3, 12, 0.622861
45, 3, 13, 1.246194
45, 3, 14, 2.042657
45, 3, 15, 100.000000
45, 3, 16, 100.000000
45, 3, 17, 100.000000
45, 3, 18, 100.000000
45, 3, 19, 100.000000
45, 3, 20, 100.000000
45, 3, 21, 100.000000
45, 3, 22, 100.000000
45, 3, 23, 100.000000
45, 3, 24, 100.000000
45, 3, 25, 100.000000
45, 3, 26, 100.000000
45, 3, 27, 100.000000
45, 3, 28, 100.000000
45, 3, 29, 100.000000
45, 3, 30, 100.000000
45, 3, 31, 100.000000
45, 3, 32, 100.000000
45, 3, 33, 100.000000
45, 3, 34, 100.000000
45, 4, 0, 0.395635
45, 4, 1, -0.193955
45, 4, 2, -0.425994
45, 4, 3, -0.379517
45, 4, 4, -0.428245
45, 4, 5, -0.433461
45, 4, 6, -0.437232
45, 4, 7, -0.434181
45, 4, 8, -0.382450
45, 4, 9, -0.304537
45, 4, 10, -0.146201
45, 4, 11, 0.169762
45, 4, 12, 0.664980
45, 4, 13, 1.320361
45, 4, 14, 2.297971
45, 4, 15, 100.000000
45, 4, 16, 100.000000
45, 4, 17, 100.000000
45, 4, 18, 100.000000
45, 4, 19, 100.000000
45, 4, 20, 100.000000
45, 4, 21, 100.000000
45, 4, 22, 100.000000
45, 4, 23, 100.000000
45, 4, 24, 100.000000
45, 4, 25, 100.000000
45, 4, 26, 100.000000
45, 4, 27, 100.000000
45, 4, 28, 100.000000
45, 4, 29, 100.000000
45, 4, 30, 100.000000
45, 4, 31, 100.000000
45, 4, 32, 100.000000
45, 4, 33, 100.000000
45, 4, 34, 100.000000
45, 5, 0, 0.392938
45, 5, 1, -0.199250
45, 5, 2, -0.435739
45, 5, 3, -0.397914
45, 5, 4, -0.435545
45, 5, 5, -0.437442
45, 5, 6, -0.442614
45, 5, 7, -0.462234
45, 5, 8, -0.407689
45, 5, 9, -0.327006
45, 5, 10, -0.162882
45, 5, 11, 0.183158
45, 5, 12, 0.708130
45, 5, 13, 1.329968
45, 5, 14, 2.032905
45, 5, 15, 100.000000
45, 5, 16, 100.000000
45, 5, 17, 100.000000
45, 5, 18, 100.000000
45, 5, 19, 100.000000
45, 5, 20, 100.000000
45, 5, 21, 100.000000
45, 5, 22, 100.000000
45, 5, 23, 100.000000
45, 5, 24, 100.000000
45, 5, 25, 100.000000
45, 5, 26, 100.000000
45, 5, 27, 100.000000
45, 5, 28, 100.000000
45, 5, 29, 100.000000
45, 5, 30, 100.000000
45, 5, 31, 100.000000
45, 5, 32, 100.000000
45, 5, 33, 100.000000
45, 5, 34, 100.000000
45, 6, 0, 0.387032
45, 6, 1, -0.178679
45, 6, 2, -0.472522
45, 6, 3, -0.418617
45, 6, 4, -0.440423
45, 6, 5, -0.431006
45, 6, 6, -0.432748
45, 6, 7, -0.439371
45, 6, 8, -0.414300
45, 6, 9, -0.345609
45, 6, 10, -0.201942
45, 6, 11, 0.133528
45, 6, 12, 0.690706
45, 6, 13, 1.282157
45, 6, 14, 1.875040
45, 6, 15, 100.000000
45, 6, 16, 100.000000
45, 6, 17, 100.000000
45, 6, 18, 100.000000
45, 6, 19, 100.000000
45, 6, 20, 100.000000
45, 6, 21, 100.000000
45, 6, 22, 100.000000
45, 6, 23, 100.000000
45, 6, 24, 100.000000
45, 6, 25, 100.000000
45, 6, 26, 100.000000
45, 6, 27, 100.000000
45, 6, 28, 100.000000
45, 6, 29, 100.000000
45, 6, 30, 100.000000
45, 6, 31, 100.000000
45, 6, 32, 100.000000
45, 6, 33, 100.000000
45, 6, 34, 100.000000
45, 7, 0, 0.382291
45, 7, 1, -0.160677
45, 7, 2, -0.483955
45, 7, 3, -0.417555
45, 7, 4, -0.432965
45, 7, 5, -0.436210
45, 7, 6, -0.413080
45, 7, 7, -0.404089
45, 7, 8, -0.400264
45, 7, 9, -0.349002
45, 7, 10, -0.242552
45, 7, 11, 0.059316
45, 7, 12, 0.612073
45, 7, 13, 1.317999
45, 7, 14, 1.973995
45, 7, 15, 100.000000
45, 7, 16, 100.000000
45, 7, 17, 100.000000
45, 7, 18, 100.000000
45, 7, 19, 100.000000
45, 7, 20, 100.000000
45, 7, 21, 100.000000
45, 7, 22, 100.000000
45, 7, 23, 100.000000
45, 7, 24, 100.000000
45, 7, 25, 100.000000
45, 7, 26, 100.000000
45, 7, 27, 100.000000
45, 7, 28, 100.000000
45, 7, 29, 100.000000
45, 7, 30, 100.000000
45, 7, 31, 100.000000
45, 7, 32, 100.000000
45, 7, 33, 100.000000
45, 7, 34, 100.000000
45, 8, 0, 0.392385
45, 8, 1, -0.146962
45, 8, 2, -0.453917
45, 8, 3, -0.381929
45, 8, 4, -0.397517
45, 8, 5, -0.409282
45, 8, 6, -0.395113
45, 8, 7, -0.390308
45, 8, 8, -0.392431
45, 8, 9, -0.361347
45, 8, 10, -0.293318
45, 8, 11, -0.004845
45, 8, 12, 0.533941
45, 8, 13, 1.272988
45, 8, 14, 2.036484
45, 8, 15, 100.000000
45, 8, 16, 100.000000
45, 8, 17, 100.000000
45, 8, 18, 100.000000
45, 8, 19, 100.000000
45, 8, 20, 100.000000
45, 8, 21, 100.000000
45, 8, 22, 100.000000
45, 8, 23, 100.000000
45, 8, 24, 100.000000
45, 8, 25, 100.000000
45, 8, 26, 100.000000
45, 8, 27, 100.000000
45, 8, 28, 100.000000
45, 8, 29, 100.000000
45, 8, 30, 100.000000
45, 8, 31, 100.000000
45, 8, 32, 100.000000
45, 8, 33, 100.000000
45, 8, 34, 100.000000
45, 9, 0, 0.419072
45, 9, 1, -0.143110
45, 9, 2, -0.478059
45, 9, 3, -0.360924
45, 9, 4, -0.365496
45, 9, 5, -0.418035
45, 9, 6, -0.432709
45, 9, 7, -0.399518
45, 9, 8, -0.406887
45, 9, 9, -0.388100
45, 9, 10, -0.318663
45, 9, 11, -0.025219
45, 9, 12, 0.507771
45, 9, 13, 1.159898
45, 9, 14, 1.792693
45, 9, 15, 100.000000
45, 9, 16, 100.000000
45, 9, 17, 100.000000
45, 9, 18, 100.000000
45, 9, 19, 100.000000
45, 9, 20, 100.000000
45, 9, 21, 100.000000
45, 9, 22, 100.000000
45, 9, 23, 100.000000
45, 9, 24, 100.000000
45, 9, 25, 100.000000
45, 9, 26, 100.000000
45, 9, 27, 100.000000
45, 9, 28, 100.000000
45, 9, 29, 100.000000
45, 9, 30, 100.000000
45, 9, 31, 100.000000
45, 9, 32, 100.000000
45, 9, 33, 100.000000
45, 9, 34, 100.000000
45, 10, 0, 0.424590
45, 10, 1, -0.147239
45, 10, 2, -0.454122
45, 10, 3, -0.343346
45, 10, 4, -0.383319
45, 10, 5, -0.446508
45, 10, 6, -0.424953
45, 10, 7, -0.361026
45, 10, 8, -0.324131
45, 10, 9, -0.340698
45, 10, 10, -0.301791
45, 10, 11, -0.004428
45, 10, 12, 0.505901
45, 10, 13, 1.064045
45, 10, 14, 1.611376
45, 10, 15, 100.000000
45, 10, 16, 100.000000
45, 10, 17, 100.000000
45, 10, 18, 100.000000
45, 10, 19, 100.000000
45, 10, 20, 100.000000
45, 10, 21, 100.000000
45, 10, 22, 100.000000
45, 10, 23, 100.000000
45, 10, 24, 100.000000
45, 10, 25, 100.000000
45, 10, 26, 100.000000
45, 10, 27, 100.000000
45, 10, 28, 100.000000
45, 10, 29, 100.000000
45, 10, 30, 100.000000
45, 10, 31, 100.000000
45, 10, 32, 100.000000
45, 10, 33, 100.000000
45, 10, 34, 100.000000
45, 11, 0, 0.410810
45, 11, 1, -0.152692
45, 11, 2, -0.457290
45, 11, 3, -0.374936
45, 11, 4, -0.412670
45, 11, 5, -0.448303
45, 11, 6, -0.447342
45, 11, 7, -0.409468
45, 11, 8, -0.338444
45, 11, 9, -0.336385
45, 11, 10, -0.274515
45, 11, 11, 0.033838
45, 11, 12, 0.513263
45, 11, 13, 1.061727
45, 11, 14, 1.518071
45, 11, 15, 2.434766
45, 11, 16, 100.000000
45, 11, 17, 100.000000
45, 11, 18, 100.000000
45, 11, 19, 100.000000
45, 11, 20, 100.000000
45, 11, 21, 100.000000
45, 11, 22, 100.000000
45, 11, 23, 100.000000
45, 11, 24, 100.000000
45, 11, 25, 100.000000
45, 11, 26, 100.000000
45, 11, 27, 100.000000
45, 11, 28, 100.000000
45, 11, 29, 100.000000
45, 11, 30, 100.000000
45, 11, 31, 100.000000
45, 11, 32, 100.000000
45, 11, 33, 100.000000
45, 11, 34, 100.000000
45, 12, 0, 0.425164
45, 12, 1, -0.148736
45, 12, 2, -0.459241
45, 12, 3, -0.388932
45, 12, 4, -0.413146
45, 12, 5, -0.462341
45, 12, 6, -0.467356
45, 12, 7, -0.441131
45, 12, 8, -0.370739
45, 12, 9, -0.343296
45, 12, 10, -0.239740
45, 12, 11, 0.031707
45, 12, 12, 0.466272
45, 12, 13, 1.041030
45, 12, 14, 1.555204
45, 12, 15, 100.000000
45, 12, 16, 100.000000
45, 12, 17, 100.000000
45, 12, 18, 100.000000
45, 12, 19, 100.000000
45, 12, 20, 100.000000
45, 12, 21, 100.000000
45, 12, 22, 100.000000
45, 12, 23, 100.000000
45, 12, 24, 100.000000
45, 12, 25, 100.000000
45, 12, 26, 100.000000
45, 12, 27, 100.000000
45, 12, 28, 100.000000
45, 12, 29, 100.000000
45, 12, 30, 100.000000
45, 12, 31, 100.000000
45, 12, 32, 100.000000
45, 12, 33, 100.000000
45, 12, 34, 100.000000
45, 13, 0, 0.433063
45, 13, 1, -0.142745
45, 13, 2, -0.476646
45, 13, 3, -0.394927
45, 13, 4, -0.418448
45, 13, 5, -0.454289
45, 13, 6, -0.458515
45, 13, 7, -0.448418
45, 13, 8, -0.416613
45, 13, 9, -0.361289
45, 13, 10, -0.220344
45, 13, 11, 0.028400
45, 13, 12, 0.428850
45, 13, 13, 0.988627
45, 13, 14, 1.729506
45, 13, 15, 100.000000
45, 13, 16, 100.000000
45, 13, 17, 100.000000
45, 13, 18, 100.000000
45, 13, 19, 100.000000
45, 13, 20, 100.000000
45, 13, 21, 100.000000
45, 13, 22, 100.000000
45, 13, 23, 100.000000
45, 13, 24, 100.000000
45, 13, 25, 100.000000
45, 13, 26, 100.000000
45, 13, 27, 100.000000
45, 13, 28, 100.000000
45, 13, 29, 100.000000
45, 13, 30, 100.000000
45, 13, 31, 100.000000
45, 13, 32, 100.000000
45, 13, 33, 100.000000
45, 13, 34, 100.000000
45, 14, 0, 0.420021
45, 14, 1, -0.151095
45, 14, 2, -0.482373
45, 14, 3, -0.404005
45, 14, 4, -0.438548
45, 14, 5, -0.458204
45, 14, 6, -0.458262
45, 14, 7, -0.448182
45, 14, 8, -0.442796
45, 14, 9, -0.392647
45, 14, 10, -0.244706
45, 14, 11, 0.020135
45, 14, 12, 0.408875
45, 14, 13, 0.973154
45, 14, 14, 1.662334
45, 14, 15, 100.000000
45, 14, 16, 100.000000
45, 14, 17, 100.000000
45, 14, 18, 100.000000
45, 14, 19, 100.000000
45, 14, 20, 100.000000
45, 14, 21, 100.000000
45, 14, 22, 100.000000
45, 14, 23, 100.000000
45, 14, 24, 100.000000
45, 14, 25, 100.000000
45, 14, 26, 100.000000
45, 14, 27, 100.000000
45, 14, 28, 100.000000
45, 14, 29, 100.000000
45, 14, 30, 100.000000
45, 14, 31, 100.000000
45, 14, 32, 100.000000
45, 14, 33, 100.000000
45, 14, 34, 100.000000
45, 15, 0, 0.416393
45, 15, 1, -0.159594
45, 15, 2, -0.448088
45, 15, 3, -0.410122
45, 15, 4, -0.456421
45, 15, 5, -0.478982
45, 15, 6, -0.471790
45, 15, 7, -0.447144
45, 15, 8, -0.449733
45, 15, 9, -0.403621
45, 15, 10, -0.240462
45, 15, 11, 0.048901
45, 15, 12, 0.430891
45, 15, 13, 1.010594
45, 15, 14, 1.744640
45, 15, 15, 100.000000
45, 15, 16, 100.000000
45, 15, 17, 100.000000
45, 15, 18, 100.000000
45, 15, 19, 100.000000
45, 15, 20, 100.000000
45, 15, 21, 100.000000
45, 15, 22, 100.000000
45, 15, 23, 100.000000
45, 15, 24, 100.000000
45, 15, 25, 100.000000
45, 15, 26, 100.000000
45, 15, 27, 100.000000
45, 15, 28, 100.000000
45, 15, 29, 100.000000
45, 15, 30, 100.000000
45, 15, 31, 100.000000
45, 15, 32, 100.000000
45, 15, 33, 100.000000
45, 15, 34, 100.000000
45, 16, 0, 0.412077
45, 16, 1, -0.164958
45, 16, 2, -0.457066
45, 16, 3, -0.434182
45, 16, 4, -0.488544
45, 16, 5, -0.472319
45, 16, 6, -0.466976
45, 16, 7, -0.451954
45, 16, 8, -0.457343
45, 16, 9, -0.407595
45, 16, 10, -0.216345
45, 16, 11, 0.096159
45, 16, 12, 0.510391
45, 16, 13, 1.041131
45, 16, 14, 1.743569
45, 16, 15, 100.000000
45, 16, 16, 100.000000
45, 16, 17, 100.000000
45, 16, 18, 100.000000
45, 16, 19, 100.000000
45, 16, 20, 100.000000
45, 16, 21, 100.000000
45, 16, 22, 100.000000
45, 16, 23, 100.000000
45, 16, 24, 100.000000
45, 16, 25, 100.000000
45, 16, 26, 100.000000
45, 16, 27, 100.000000
45, 16, 28, 100.000000
45, 16, 29, 100.000000
45, 16, 30, 100.000000
45, 16, 31, 100.000000
45, 16, 32, 100.000000
45, 16, 33, 100.000000
45, 16, 34, 100.000000
45, 17, 0, 0.398706
45, 17, 1, -0.165464
45, 17, 2, -0.462498
45, 17, 3, -0.431107
45, 17, 4, -0.474676
45, 17, 5, -0.476455
45, 17, 6, -0.446845
45, 17, 7, -0.453920
45, 17, 8, -0.458694
45, 17, 9, -0.402511
45, 17, 10, -0.209843
45, 17, 11, 0.109053
45, 17, 12, 0.530845
45, 17, 13, 1.044835
45, 17, 14, 1.729620
45, 17, 15, 100.000000
45, 17, 16, 100.000000
45, 17, 17, 100.000000
45, 17, 18, 100.000000
45, 17, 19, 100.000000
45, 17, 20, 100.000000
45, 17, 21, 100.000000
45, 17, 22, 100.000000
45, 17, 23, 100.000000
45, 17, 24, 100.000000
45, 17, 25, 100.000000
45, 17, 26, 100.000000
45, 17, 27, 100.000000
45, 17, 28, 100.000000
45, 17, 29, 100.000000
45, 17, 30, 100.000000
45, 17, 31, 100.000000
45, 17, 32, 100.000000
45, 17, 33, 100.000000
45, 17, 34, 100.000000
45, 18, 0, 0.383797
45, 18, 1, -0.160577
45, 18, 2, -0.444032
45, 18, 3, -0.414733
45, 18, 4, -0.447752
45, 18, 5, -0.452401
45, 18, 6, -0.438927
45, 18, 7, -0.454116
45, 18, 8, -0.428705
45, 18, 9, -0.356306
45, 18, 10, -0.222778
45, 18, 11, 0.032523
45, 18, 12, 0.490026
45, 18, 13, 1.078667
45, 18, 14, 1.782414
45, 18, 15, 100.000000
45, 18, 16, 100.000000
45, 18, 17, 100.000000
45, 18, 18, 100.000000
45, 18, 19, 100.000000
45, 18, 20, 100.000000
45, 18, 21, 100.000000
45, 18, 22, 100.000000
45, 18, 23, 100.000000
45, 18, 24, 100.000000
45, 18, 25, 100.000000
45, 18, 26, 100.000000
45, 18, 27, 100.000000
45, 18, 28, 100.000000
45, 18, 29, 100.000000
45, 18, 30, 100.000000
45, 18, 31, 100.000000
45, 18, 32, 100.000000
45, 18, 33, 100.000000
45, 18, 34, 100.000000
45, 19, 0, 0.358256
45, 19, 1, -0.166342
45, 19, 2, -0.481424
45, 19, 3, -0.422511
45, 19, 4, -0.434935
45, 19, 5, -0.433528
45, 19, 6, -0.466013
45, 19, 7, -0.474132
45, 19, 8, -0.413931
45, 19, 9, -0.334541
45, 19, 10, -0.265596
45, 19, 11, -0.049337
45, 19, 12, 0.409012
45, 19, 13, 0.988374
45, 19, 14, 1.612902
45, 19, 15, 2.455186
45, 19, 16, 100.000000
45, 19, 17, 100.000000
45, 19, 18, 100.000000
45, 19, 19, 100.000000
45, 19, 20, 100.000000
45, 19, 21, 100.000000
45, 19, 22, 100.000000
45, 19, 23, 100.000000
45, 19, 24, 100.000000
45, 19, 25, 100.000000
45, 19, 26, 100.000000
45, 19, 27, 100.000000
45, 19, 28, 100.000000
45, 19, 29, 100.000000
45, 19, 30, 100.000000
45, 19, 31, 100.000000
45, 19, 32, 100.000000
45, 19, 33, 100.000000
45, 19, 34, 100.000000
45, 20, 0, 0.344596
45, 20, 1, -0.162088
45, 20, 2, -0.461510
45, 20, 3, -0.422020
45, 20, 4, -0.433169
45, 20, 5, -0.441009
45, 20, 6, -0.459109
45, 20, 7, -0.451222
45, 20, 8, -0.400940
45, 20, 9, -0.321520
45, 20, 10, -0.244615
45, 20, 11, -0.029750
45, 20, 12, 0.362603
45, 20, 13, 0.854222
45, 20, 14, 1.351514
45, 20, 15, 2.193109
45, 20, 16, 100.000000
45, 20, 17, 100.000000
45, 20, 18, 100.000000
45, 20, 19, 100.000000
45, 20, 20, 100.000000
45, 20, 21, 100.000000
45, 20, 22, 100.000000
45, 20, 23, 100.000000
45, 20, 24, 100.000000
45, 20, 25, 100.000000
45, 20, 26, 100.000000
45, 20, 27, 100.000000
45, 20, 28, 100.000000
45, 20, 29, 100.000000
45, 20, 30, 100.000000
45, 20, 31, 100.000000
45, 20, 32, 100.000000
45, 20, 33, 100.000000
45, 20, 34, 100.000000
45, 21, 0, 0.362620
45, 21, 1, -0.140796
45, 21, 2, -0.461731
45, 21, 3, -0.427509
45, 21, 4, -0.441904
45, 21, 5, -0.430265
45, 21, 6, -0.429112
45, 21, 7, -0.444848
45, 21, 8, -0.412198
45, 21, 9, -0.329902
45, 21, 10, -0.187346
45, 21, 11, 0.068381
45, 21, 12, 0.436946
45, 21, 13, 0.886590
45, 21, 14, 1.439124
45, 21, 15, 2.283183
45, 21, 16, 100.000000
45, 21, 17, 100.000000
45, 21, 18, 100.000000
45, 21, 19, 100.000000
45, 21, 20, 100.000000
45, 21, 21, 100.000000
45, 21, 22, 100.000000
45, 21, 23, 100.000000
45, 21, 24, 100.000000
45, 21, 25, 100.000000
45, 21, 26, 100.000000
45, 21, 27, 100.000000
45, 21, 28, 100.000000
45, 21, 29, 100.000000
45, 21, 30, 100.000000
45, 21, 31, 100.000000
45, 21, 32, 100.000000
45, 21, 33, 100.000000
45, 21, 34, 100.000000
45, 22, 0, 0.384332
45, 22, 1, -0.133197
45, 22, 2, -0.458882
45, 22, 3, -0.424484
45, 22, 4, -0.483914
45, 22, 5, -0.465328
45, 22, 6, -0.456266
45, 22, 7, -0.474794
45, 22, 8, -0.454353
45, 22, 9, -0.362661
45, 22, 10, -0.188063
45, 22, 11, 0.114778
45, 22, 12, 0.531427
45, 22, 13, 0.989338
45, 22, 14, 1.677159
45, 22, 15, 100.000000
45, 22, 16, 100.000000
45, 22, 17, 100.000000
45, 22, 18, 100.000000
45, 22, 19, 100.000000
45, 22, 20, 100.000000
45, 22, 21, 100.000000
45, 22, 22, 100.000000
45, 22, 23, 100.000000
45, 22, 24, 100.000000
45, 22, 25, 100.000000
45, 22, 26, 100.000000
45, 22, 27, 100.000000
45, 22, 28, 100.000000
45, 22, 29, 100.000000
45, 22, 30, 100.000000
45, 22, 31, 100.000000
45, 22, 32, 100.000000
45, 22, 33, 100.000000
45, 22, 34, 100.000000
45, 23, 0, 0.376604
45, 23, 1, -0.155984
45, 23, 2, -0.481371
45, 23, 3, -0.424630
45, 23, 4, -0.483627
45, 23, 5, -0.483942
45, 23, 6, -0.456287
45, 23, 7, -0.479848
45, 23, 8, -0.467068
45, 23, 9, -0.375236
45, 23, 10, -0.216909
45, 23, 11, 0.065077
45, 23, 12, 0.529805
45, 23, 13, 1.075270
45, 23, 14, 1.774103
45, 23, 15, 100.000000
45, 23, 16, 100.000000
45, 23, 17, 100.000000
45, 23, 18, 100.000000
45, 23, 19, 100.000000
45, 23, 20, 100.000000
45, 23, 21, 100.000000
45, 23, 22, 100.000000
45, 23, 23, 100.000000
45, 23, 24, 100.000000
45, 23, 25, 100.000000
45, 23, 26, 100.000000
45, 23, 27, 100.000000
45, 23, 28, 100.000000
45, 23, 29, 100.000000
45, 23, 30, 100.000000
45, 23, 31, 100.000000
45, 23, 32, 100.000000
45, 23, 33, 100.000000
45, 23, 34, 100.000000
45, 24, 0, 0.367473
45, 24, 1, -0.163131
45, 24, 2, -0.462834
45, 24, 3, -0.420680
45, 24, 4, -0.462065
45, 24, 5, -0.469846
45, 24, 6, -0.456208
45, 24, 7, -0.481391
45, 24, 8, -0.452431
45, 24, 9, -0.377465
45, 24, 10, -0.246156
45, 24, 11, 0.029944
45, 24, 12, 0.492154
45, 24, 13, 1.028224
45, 24, 14, 1.612355
45, 24, 15, 100.000000
45, 24, 16, 100.000000
45, 24, 17, 100.000000
45, 24, 18, 100.000000
45, 24, 19, 100.000000
45, 24, 20, 100.000000
45, 24, 21, 100.000000
45, 24, 22, 100.000000
45, 24, 23, 100.000000
45, 24, 24, 100.000000
45, 24, 25, 100.000000
45, 24, 26, 100.000000
45, 24, 27, 100.000000
45, 24, 28, 100.000000
45, 24, 29, 100.000000
45, 24, 30, 100.000000
45, 24, 31, 100.000000
45, 24, 32, 100.000000
45, 24, 33, 100.000000
45, 24, 34, 100.000000
45, 25, 0, 0.367765
45, 25, 1, -0.163703
45, 25, 2, -0.450698
45, 25, 3, -0.409366
45, 25, 4, -0.421923
45, 25, 5, -0.444849
45, 25, 6, -0.469737
45, 25, 7, -0.471176
45, 25, 8, -0.440561
45, 25, 9, -0.374747
45, 25, 10, -0.248142
45, 25, 11, 0.033055
45, 25, 12, 0.497318
45, 25, 13, 0.996046
45, 25, 14, 1.549298
45, 25, 15, 2.479022
45, 25, 16, 100.000000
45, 25, 17, 100.000000
45, 25, 18, 100.000000
45, 25, 19, 100.000000
45, 25, 20, 100.000000
45, 25, 21, 100.000000
45, 25, 22, 100.000000
45, 25, 23, 100.000000
45, 25, 24, 100.000000
45, 25, 25, 100.000000
45, 25, 26, 100.000000
45, 25, 27, 100.000000
45, 25, 28, 100.000000
45, 25, 29, 100.000000
45, 25, 30, 100.000000
45, 25, 31, 100.000000
45, 25, 32, 100.000000
45, 25, 33, 100.000000
45, 25, 34, 100.000000
45, 26, 0, 0.366144
45, 26, 1, -0.165253
45, 26, 2, -0.442308
45, 26, 3, -0.393708
45, 26, 4, -0.400998
45, 26, 5, -0.440123
45, 26, 6, -0.472153
45, 26, 7, -0.466563
45, 26, 8, -0.428223
45, 26, 9, -0.353759
45, 26, 10, -0.233798
45, 26, 11, 0.049115
45, 26, 12, 0.506898
45, 26, 13, 1.037744
45, 26, 14, 1.713330
45, 26, 15, 100.000000
45, 26, 16, 100.000000
45, 26, 17, 100.000000
45, 26, 18, 100.000000
45, 26, 19, 100.000000
45, 26, 20, 100.000000
45, 26, 21, 100.000000
45, 26, 22, 100.000000
45, 26, 23, 100.000000
45, 26, 24, 100.000000
45, 26, 25, 100.000000
45, 26, 26, 100.000000
45, 26, 27, 100.000000
45, 26, 28, 100.000000
45, 26, 29, 100.000000
45, 26, 30, 100.000000
45, 26, 31, 100.000000
45, 26, 32, 100.000000
45, 26, 33, 100.000000
45, 26, 34, 100.000000
45, 27, 0, 0.361763
45, 27, 1, -0.151008
45, 27, 2, -0.456468
45, 27, 3, -0.398853
45, 27, 4, -0.388927
45, 27, 5, -0.440312
45, 27, 6, -0.454672
45, 27, 7, -0.478815
45, 27, 8, -0.455546
45, 27, 9, -0.343960
45, 27, 10, -0.219108
45, 27, 11, 0.031578
45, 27, 12, 0.463745
45, 27, 13, 1.048256
45, 27, 14, 1.755224
45, 27, 15, 100.000000
45, 27, 16, 100.000000
45, 27, 17, 100.000000
45, 27, 18, 100.000000
45, 27, 19, 100.000000
45, 27, 20, 100.000000
45, 27, 21, 100.000000
45, 27, 22, 100.000000
45, 27, 23, 100.000000
45, 27, 24, 100.000000
45, 27, 25, 100.000000
45, 27, 26, 100.000000
45, 27, 27, 100.000000
45, 27, 28, 100.000000
45, 27, 29, 100.000000
45, 27, 30, 100.000000
45, 27, 31, 100.000000
45, 27, 32, 100.000000
45, 27, 33, 100.000000
45, 27, 34, 100.000000
45, 28, 0, 0.369253
45, 28, 1, -0.103020
45, 28, 2, -0.356957
45, 28, 3, -0.343518
45, 28, 4, -0.313002
45, 28, 5, -0.368866
45, 28, 6, -0.370353
45, 28, 7, -0.383041
45, 28, 8, -0.410770
45, 28, 9, -0.325407
45, 28, 10, -0.211887
45, 28, 11, 0.004982
45, 28, 12, 0.404372
45, 28, 13, 0.942085
45, 28, 14, 1.489515
45, 28, 15, 2.449699
45, 28, 16, 100.000000
45, 28, 17, 100.000000
45, 28, 18, 100.000000
45, 28, 19, 100.000000
45, 28, 20, 100.000000
45, 28, 21, 100.000000
45, 28, 22, 100.000000
45, 28, 23, 100.000000
45, 28, 24, 100.000000
45, 28, 25, 100.000000
45, 28, 26, 100.000000
45, 28, 27, 100.000000
45, 28, 28, 100.000000
45, 28, 29, 100.000000
45, 28, 30, 100.000000
45, 28, 31, 100.000000
45, 28, 32, 100.000000
45, 28, 33, 100.000000
45, 28, 34, 100.000000
45, 29, 0, 0.421885
45, 29, 1, 0.040642
45, 29, 2, -0.089217
45, 29, 3, -0.059936
45, 29, 4, -0.054609
45, 29, 5, -0.096940
45, 29, 6, -0.091109
45, 29, 7, -0.079986
45, 29, 8, -0.072052
45, 29, 9, -0.053286
45, 29, 10, -0.018523
45, 29, 11, 0.122116
45, 29, 12, 0.427969
45, 29, 13, 0.850653
45, 29, 14, 1.370397
45, 29, 15, 2.243020
45, 29, 16, 100.000000
45, 29, 17, 100.000000
45, 29, 18, 100.000000
45, 29, 19, 100.000000
45, 29, 20, 100.000000
45, 29, 21, 100.000000
45, 29, 22, 100.000000
45, 29, 23, 100.000000
45, 29, 24, 100.000000
45, 29, 25, 100.000000
45, 29, 26, 100.000000
45, 29, 27, 100.000000
45, 29, 28, 100.000000
45, 29, 29, 100.000000
45, 29, 30, 100.000000
45, 29, 31, 100.000000
45, 29, 32, 100.000000
45, 29, 33, 100.000000
45, 29, 34, 100.000000
46, 0, 0, 0.715641
46, 0, 1, 0.446422
46, 0, 2, 0.400172
46, 0, 3, 0.387220
46, 0, 4, 0.381152
46, 0, 5, 0.392537
46, 0, 6, 0.412706
46, 0, 7, 0.453344
46, 0, 8, 0.484180
46, 0, 9, 0.497609
46, 0, 10, 0.506799
46, 0, 11, 0.570712
46, 0, 12, 0.830275
46, 0, 13, 1.373587
46, 0, 14, 2.185528
46, 0, 15, 100.000000
46, 0, 16, 100.000000
46, 0, 17, 100.000000
46, 0, 18, 100.000000
46, 0, 19, 100.000000
46, 0, 20, 100.000000
46, 0, 21, 100.000000
46, 0, 22, 100.000000
46, 0, 23, 100.000000
46, 0, 24, 100.000000
46, 0, 25, 100.000000
46, 0, 26, 100.000000
46, 0, 27, 100.000000
46, 0, 28, 100.000000
46, 0, 29, 100.000000
46, 0, 30, 100.000000
46, 0, 31, 100.000000
46, 0, 32, 100.000000
46, 0, 33, 100.000000
46, 0, 34, 100.000000
46, 1, 0, 0.477900
46, 1, 1, -0.003618
46, 1, 2, -0.131336
46, 1, 3, -0.131028
46, 1, 4, -0.131729
46, 1, 5, -0.138607
46, 1, 6, -0.138059
46, 1, 7, -0.091760
46, 1, 8, -0.045449
46, 1, 9, -0.027493
46, 1, 10, 0.038805
46, 1, 11, 0.243844
46, 1, 12, 0.658281
46, 1, 13, 1.218677
46, 1, 14, 1.875818
46, 1, 15, 100.000000
46, 1, 16, 100.000000
46, 1, 17, 100.000000
46, 1, 18, 100.000000
46, 1, 19, 100.000000
46, 1, 20, 100.000000
46, 1, 21, 100.000000
46, 1, 22, 100.000000
46, 1, 23, 100.000000
46, 1, 24, 100.000000
46, 1, 25, 100.000000
46, 1, 26, 100.000000
46, 1, 27, 100.000000
46, 1, 28, 100.000000
46, 1, 29, 100.000000
46, 1, 30, 100.000000
46, 1, 31, 100.000000
46, 1, 32, 100.000000
46, 1, 33, 100.000000
46, 1, 34, 100.000000
46, 2, 0, 0.417954
46, 2, 1, -0.157187
46, 2, 2, -0.460400
46, 2, 3, -0.438848
46, 2, 4, -0.433900
46, 2, 5, -0.420572
46, 2, 6, -0.459132
46, 2, 7, -0.443317
46, 2, 8, -0.371466
46, 2, 9, -0.293337
46, 2, 10, -0.153033
46, 2, 11, 0.137234
46, 2, 12, 0.586254
46, 2, 13, 1.131686
46, 2, 14, 1.677715
46, 2, 15, 100.000000
46, 2, 16, 100.000000
46, 2, 17, 100.000000
46, 2, 18, 100.000000
46, 2, 19, 100.000000
46, 2, 20, 100.000000
46, 2, 21, 100.000000
46, 2, 22, 100.000000
46, 2, 23, 100.000000
46, 2, 24, 100.000000
46, 2, 25, 100.000000
46, 2, 26, 100.000000
46, 2, 27, 100.000000
46, 2, 28, 100.000000
46, 2, 29, 100.000000
46, 2, 30, 100.000000
46, 2, 31, 100.000000
46, 2, 32, 100.000000
46, 2, 33, 100.000000
46, 2, 34, 100.000000
46, 3, 0, 0.408040
46, 3, 1, -0.168362
46, 3, 2, -0.432569
46, 3, 3, -0.383961
46, 3, 4, -0.388972
46, 3, 5, -0.387151
46, 3, 6, -0.426151
46, 3, 7, -0.437535
46, 3, 8, -0.416674
46, 3, 9, -0.331944
46, 3, 10, -0.196780
46, 3, 11, 0.103216
46, 3, 12, 0.557088
46, 3, 13, 1.124363
46, 3, 14, 1.790678
46, 3, 15, 100.000000
46, 3, 16, 100.000000
46, 3, 17, 100.000000
46, 3, 18, 100.000000
46, 3, 19, 100.000000
46, 3, 20, 100.000000
46, 3, 21, 100.000000
46, 3, 22, 100.000000
46, 3, 23, 100.000000
46, 3, 24, 100.000000
46, 3, 25, 100.000000
46, 3, 26, 100.000000
46, 3, 27, 100.000000
46, 3, 28, 100.000000
46, 3, 29, 100.000000
46, 3, 30, 100.000000
46, 3, 31, 100.000000
46, 3, 32, 100.000000
46, 3, 33, 100.000000
46, 3, 34, 100.000000
46, 4, 0, 0.407277
46, 4, 1, -0.179401
46, 4, 2, -0.430985
46, 4, 3, -0.393271
46, 4, 4, -0.413135
46, 4, 5, -0.410038
46, 4, 6, -0.436463
46, 4, 7, -0.435426
46, 4, 8, -0.412837
46, 4, 9, -0.353391
46, 4, 10, -0.215796
46, 4, 11, 0.090977
46, 4, 12, 0.573037
46, 4, 13, 1.174430
46, 4, 14, 2.017729
46, 4, 15, 100.000000
46, 4, 16, 100.000000
46, 4, 17, 100.000000
46, 4, 18, 100.000000
46, 4, 19, 100.000000
46, 4, 20, 100.000000
46, 4, 21, 100.000000
46, 4, 22, 100.000000
46, 4, 23, 100.000000
46, 4, 24, 100.000000
46, 4, 25, 100.000000
46, 4, 26, 100.000000
46, 4, 27, 100.000000
46, 4, 28, 100.000000
46, 4, 29, 100.000000
46, 4, 30, 100.000000
46, 4, 31, 100.000000
46, 4, 32, 100.000000
46, 4, 33, 100.000000
46, 4, 34, 100.000000
46, 5, 0, 0.410262
46, 5, 1, -0.177464
46, 5, 2, -0.452561
46, 5, 3, -0.404314
46, 5, 4, -0.433021
46, 5, 5, -0.439767
46, 5, 6, -0.480568
46, 5, 7, -0.473361
46, 5, 8, -0.427136
46, 5, 9, -0.384566
46, 5, 10, -0.245935
46, 5, 11, 0.080151
46, 5, 12, 0.575727
46, 5, 13, 1.169358
46, 5, 14, 1.914272
46, 5, 15, 100.000000
46, 5, 16, 100.000000
46, 5, 17, 100.000000
46, 5, 18, 100.000000
46, 5, 19, 100.000000
46, 5, 20, 100.000000
46, 5, 21, 100.000000
46, 5, 22, 100.000000
46, 5, 23, 100.000000
46, 5, 24, 100.000000
46, 5, 25, 100.000000
46, 5, 26, 100.000000
46, 5, 27, 100.000000
46, 5, 28, 100.000000
46, 5, 29, 100.000000
46, 5, 30, 100.000000
46, 5, 31, 100.000000
46, 5, 32, 100.000000
46, 5, 33, 100.000000
46, 5, 34, 100.000000
46, 6, 0, 0.403320
46, 6, 1, -0.156860
46, 6, 2, -0.477708
46, 6, 3, -0.405512
46, 6, 4, -0.419429
46, 6, 5, -0.419362
46, 6, 6, -0.451411
46, 6, 7, -0.458709
46, 6, 8, -0.438621
46, 6, 9, -0.411254
46, 6, 10, -0.267774
46, 6, 11, 0.054869
46, 6, 12, 0.568516
46, 6, 13, 1.140902
46, 6, 14, 1.776671
46, 6, 15, 100.000000
46, 6, 16, 100.000000
46, 6, 17, 100.000000
46, 6, 18, 100.000000
46, 6, 19, 100.000000
46, 6, 20, 100.000000
46, 6, 21, 100.000000
46, 6, 22, 100.000000
46, 6, 23, 100.000000
46, 6, 24, 100.000000
46, 6, 25, 100.000000
46, 6, 26, 100.000000
46, 6, 27, 100.000000
46, 6, 28, 100.000000
46, 6, 29, 100.000000
46, 6, 30, 100.000000
46, 6, 31, 100.000000
46, 6, 32, 100.000000
46, 6, 33, 100.000000
46, 6, 34, 100.000000
46, 7, 0, 0.392665
46, 7, 1, -0.130721
46, 7, 2, -0.466745
46, 7, 3, -0.414739
46, 7, 4, -0.421542
46, 7, 5, -0.438790
46, 7, 6, -0.430118
46, 7, 7, -0.414855
46, 7, 8, -0.428224
46, 7, 9, -0.403080
46, 7, 10, -0.282220
46, 7, 11, 0.029749
46, 7, 12, 0.536498
46, 7, 13, 1.168981
46, 7, 14, 1.803057
46, 7, 15, 100.000000
46, 7, 16, 100.000000
46, 7, 17, 100.000000
46, 7, 18, 100.000000
46, 7, 19, 100.000000
46, 7, 20, 100.000000
46, 7, 21, 100.000000
46, 7, 22, 100.000000
46, 7, 23, 100.000000
46, 7, 24, 100.000000
46, 7, 25, 100.000000
46, 7, 26, 100.000000
46, 7, 27, 100.000000
46, 7, 28, 100.000000
46, 7, 29, 100.000000
46, 7, 30, 100.000000
46, 7, 31, 100.000000
46, 7, 32, 100.000000
46, 7, 33, 100.000000
46, 7, 34, 100.000000
46, 8, 0, 0.391699
46, 8, 1, -0.125129
46, 8, 2, -0.462351
46, 8, 3, -0.401751
46, 8, 4, -0.396053
46, 8, 5, -0.404372
46, 8, 6, -0.399148
46, 8, 7, -0.389504
46, 8, 8, -0.403711
46, 8, 9, -0.377264
46, 8, 10, -0.297675
46, 8, 11, -0.011917
46, 8, 12, 0.506188
46, 8, 13, 1.189026
46, 8, 14, 1.813013
46, 8, 15, 100.000000
46, 8, 16, 100.000000
46, 8, 17, 100.000000
46, 8, 18, 100.000000
46, 8, 19, 100.000000
46, 8, 20, 100.000000
46, 8, 21, 100.000000
46, 8, 22, 100.000000
46, 8, 23, 100.000000
46, 8, 24, 100.000000
46, 8, 25, 100.000000
46, 8, 26, 100.000000
46, 8, 27, 100.000000
46, 8, 28, 100.000000
46, 8, 29, 100.000000
46, 8, 30, 100.000000
46, 8, 31, 100.000000
46, 8, 32, 100.000000
46, 8, 33, 100.000000
46, 8, 34, 100.000000
46, 9, 0, 0.414516
46, 9, 1, -0.125663
46, 9, 2, -0.470715
46, 9, 3, -0.361815
46, 9, 4, -0.367807
46, 9, 5, -0.408247
46, 9, 6, -0.431631
46, 9, 7, -0.401683
46, 9, 8, -0.408886
46, 9, 9, -0.401481
46, 9, 10, -0.313987
46, 9, 11, -0.014840
46, 9, 12, 0.514010
46, 9, 13, 1.127239
46, 9, 14, 1.803744
46, 9, 15, 100.000000
46, 9, 16, 100.000000
46, 9, 17, 100.000000
46, 9, 18, 100.000000
46, 9, 19, 100.000000
46, 9, 20, 100.000000
46, 9, 21, 100.000000
46, 9, 22, 100.000000
46, 9, 23, 100.000000
46, 9, 24, 100.000000
46, 9, 25, 100.000000
46, 9, 26, 100.000000
46, 9, 27, 100.000000
46, 9, 28, 100.000000
46, 9, 29, 100.000000
46, 9, 30, 100.000000
46, 9, 31, 100.000000
46, 9, 32, 100.000000
46, 9, 33, 100.000000
46, 9, 34, 100.000000
46, 10, 0, 0.426951
46, 10, 1, -0.137269
46, 10, 2, -0.456817
46, 10, 3, -0.336175
46, 10, 4, -0.393910
46, 10, 5, -0.460342
46, 10, 6, -0.430746
46, 10, 7, -0.387333
46, 10, 8, -0.353891
46, 10, 9, -0.347691
46, 10, 10, -0.283273
46, 10, 11, 0.012227
46, 10, 12, 0.518760
46, 10, 13, 1.068949
46, 10, 14, 1.707666
46, 10, 15, 100.000000
46, 10, 16, 100.000000
46, 10, 17, 100.000000
46, 10, 18, 100.000000
46, 10, 19, 100.000000
46, 10, 20, 100.000000
46, 10, 21, 100.000000
46, 10, 22, 100.000000
46, 10, 23, 100.000000
46, 10, 24, 100.000000
46, 10, 25, 100.000000
46, 10, 26, 100.000000
46, 10, 27, 100.000000
46, 10, 28, 100.000000
46, 10, 29, 100.000000
46, 10, 30, 100.000000
46, 10, 31, 100.000000
46, 10, 32, 100.000000
46, 10, 33, 100.000000
46, 10, 34, 100.000000
46, 11, 0, 0.413702
46, 11, 1, -0.150262
46, 11, 2, -0.469985
46, 11, 3, -0.361349
46, 11, 4, -0.410545
46, 11, 5, -0.444015
46, 11, 6, -0.455607
46, 11, 7, -0.419207
46, 11, 8, -0.375294
46, 11, 9, -0.335319
46, 11, 10, -0.253594
46, 11, 11, 0.029556
46, 11, 12, 0.506020
46, 11, 13, 1.089202
46, 11, 14, 1.642560
46, 11, 15, 100.000000
46, 11, 16, 100.000000
46, 11, 17, 100.000000
46, 11, 18, 100.000000
46, 11, 19, 100.000000
46, 11, 20, 100.000000
46, 11, 21, 100.000000
46, 11, 22, 100.000000
46, 11, 23, 100.000000
46, 11, 24, 100.000000
46, 11, 25, 100.000000
46, 11, 26, 100.000000
46, 11, 27, 100.000000
46, 11, 28, 100.000000
46, 11, 29, 100.000000
46, 11, 30, 100.000000
46, 11, 31, 100.000000
46, 11, 32, 100.000000
46, 11, 33, 100.000000
46, 11, 34, 100.000000
46, 12, 0, 0.423550
46, 12, 1, -0.145045
46, 12, 2, -0.476723
46, 12, 3, -0.385740
46, 12, 4, -0.415572
46, 12, 5, -0.463927
46, 12, 6, -0.481132
46, 12, 7, -0.443721
46, 12, 8, -0.389375
46, 12, 9, -0.332343
46, 12, 10, -0.220060
46, 12, 11, 0.019830
46, 12, 12, 0.465909
46, 12, 13, 1.063205
46, 12, 14, 1.727862
46, 12, 15, 100.000000
46, 12, 16, 100.000000
46, 12, 17, 100.000000
46, 12, 18, 100.000000
46, 12, 19, 100.000000
46, 12, 20, 100.000000
46, 12, 21, 100.000000
46, 12, 22, 100.000000
46, 12, 23, 100.000000
46, 12, 24, 100.000000
46, 12, 25, 100.000000
46, 12, 26, 100.000000
46, 12, 27, 100.000000
46, 12, 28, 100.000000
46, 12, 29, 100.000000
46, 12, 30, 100.000000
46, 12, 31, 100.000000
46, 12, 32, 100.000000
46, 12, 33, 100.000000
46, 12, 34, 100.000000
46, 13, 0, 0.434665
46, 13, 1, -0.132375
46, 13, 2, -0.477295
46, 13, 3, -0.401215
46, 13, 4, -0.407666
46, 13, 5, -0.452911
46, 13, 6, -0.470350
46, 13, 7, -0.456772
46, 13, 8, -0.406505
46, 13, 9, -0.340102
46, 13, 10, -0.184000
46, 13, 11, 0.029594
46, 13, 12, 0.431386
46, 13, 13, 1.027992
46, 13, 14, 1.884465
46, 13, 15, 100.000000
46, 13, 16, 100.000000
46, 13, 17, 100.000000
46, 13, 18, 100.000000
46, 13, 19, 100.000000
46, 13, 20, 100.000000
46, 13, 21, 100.000000
46, 13, 22, 100.000000
46, 13, 23, 100.000000
46, 13, 24, 100.000000
46, 13, 25, 100.000000
46, 13, 26, 100.000000
46, 13, 27, 100.000000
46, 13, 28, 100.000000
46, 13, 29, 100.000000
46, 13, 30, 100.000000
46, 13, 31, 100.000000
46, 13, 32, 100.000000
46, 13, 33, 100.000000
46, 13, 34, 100.000000
46, 14, 0, 0.428395
46, 14, 1, -0.137005
46, 14, 2, -0.479531
46, 14, 3, -0.420794
46, 14, 4, -0.418421
46, 14, 5, -0.444517
46, 14, 6, -0.462633
46, 14, 7, -0.449870
46, 14, 8, -0.423774
46, 14, 9, -0.350352
46, 14, 10, -0.193686
46, 14, 11, 0.034300
46, 14, 12, 0.424519
46, 14, 13, 1.013979
46, 14, 14, 1.768547
46, 14, 15, 100.000000
46, 14, 16, 100.000000
46, 14, 17, 100.000000
46, 14, 18, 100.000000
46, 14, 19, 100.000000
46, 14, 20, 100.000000
46, 14, 21, 100.000000
46, 14, 22, 100.000000
46, 14, 23, 100.000000
46, 14, 24, 100.000000
46, 14, 25, 100.000000
46, 14, 26, 100.000000
46, 14, 27, 100.000000
46, 14, 28, 100.000000
46, 14, 29, 100.000000
46, 14, 30, 100.000000
46, 14, 31, 100.000000
46, 14, 32, 100.000000
46, 14, 33, 100.000000
46, 14, 34, 100.000000
46, 15, 0, 0.413580
46, 15, 1, -0.158760
46, 15, 2, -0.446545
46, 15, 3, -0.407663
46, 15, 4, -0.455906
46, 15, 5, -0.464418
46, 15, 6, -0.445988
46, 15, 7, -0.441634
46, 15, 8, -0.437464
46, 15, 9, -0.364333
46, 15, 10, -0.197419
46, 15, 11, 0.063327
46, 15, 12, 0.470729
46, 15, 13, 1.032249
46, 15, 14, 1.836557
46, 15, 15, 100.000000
46, 15, 16, 100.000000
46, 15, 17, 100.000000
46, 15, 18, 100.000000
46, 15, 19, 100.000000
46, 15, 20, 100.000000
46, 15, 21, 100.000000
46, 15, 22, 100.000000
46, 15, 23, 100.000000
46, 15, 24, 100.000000
46, 15, 25, 100.000000
46, 15, 26, 100.000000
46, 15, 27, 100.000000
46, 15, 28, 100.000000
46, 15, 29, 100.000000
46, 15, 30, 100.000000
46, 15, 31, 100.000000
46, 15, 32, 100.000000
46, 15, 33, 100.000000
46, 15, 34, 100.000000
46, 16, 0, 0.417995
46, 16, 1, -0.177845
46, 16, 2, -0.435831
46, 16, 3, -0.421307
46, 16, 4, -0.464390
46, 16, 5, -0.480868
46, 16, 6, -0.459070
46, 16, 7, -0.436344
46, 16, 8, -0.445578
46, 16, 9, -0.389003
46, 16, 10, -0.186916
46, 16, 11, 0.123672
46, 16, 12, 0.547977
46, 16, 13, 1.075339
46, 16, 14, 1.708366
46, 16, 15, 100.000000
46, 16, 16, 100.000000
46, 16, 17, 100.000000
46, 16, 18, 100.000000
46, 16, 19, 100.000000
46, 16, 20, 100.000000
46, 16, 21, 100.000000
46, 16, 22, 100.000000
46, 16, 23, 100.000000
46, 16, 24, 100.000000
46, 16, 25, 100.000000
46, 16, 26, 100.000000
46, 16, 27, 100.000000
46, 16, 28, 100.000000
46, 16, 29, 100.000000
46, 16, 30, 100.000000
46, 16, 31, 100.000000
46, 16, 32, 100.000000
46, 16, 33, 100.000000
46, 16, 34, 100.000000
46, 17, 0, 0.422597
46, 17, 1, -0.171996
46, 17, 2, -0.460491
46, 17, 3, -0.434084
46, 17, 4, -0.469046
46, 17, 5, -0.473189
46, 17, 6, -0.463935
46, 17, 7, -0.435563
46, 17, 8, -0.430589
46, 17, 9, -0.385690
46, 17, 10, -0.185497
46, 17, 11, 0.133974
46, 17, 12, 0.580977
46, 17, 13, 1.141014
46, 17, 14, 1.815036
46, 17, 15, 100.000000
46, 17, 16, 100.000000
46, 17, 17, 100.000000
46, 17, 18, 100.000000
46, 17, 19, 100.000000
46, 17, 20, 100.000000
46, 17, 21, 100.000000
46, 17, 22, 100.000000
46, 17, 23, 100.000000
46, 17, 24, 100.000000
46, 17, 25, 100.000000
46, 17, 26, 100.000000
46, 17, 27, 100.000000
46, 17, 28, 100.000000
46, 17, 29, 100.000000
46, 17, 30, 100.000000
46, 17, 31, 100.000000
46, 17, 32, 100.000000
46, 17, 33, 100.000000
46, 17, 34, 100.000000
46, 18, 0, 0.403163
46, 18, 1, -0.156918
46, 18, 2, -0.437670
46, 18, 3, -0.410000
46, 18, 4, -0.468505
46, 18, 5, -0.472043
46, 18, 6, -0.431654
46, 18, 7, -0.427983
46, 18, 8, -0.410497
46, 18, 9, -0.355567
46, 18, 10, -0.206486
46, 18, 11, 0.073234
46, 18, 12, 0.542175
46, 18, 13, 1.165823
46, 18, 14, 1.923159
46, 18, 15, 100.000000
46, 18, 16, 100.000000
46, 18, 17, 100.000000
46, 18, 18, 100.000000
46, 18, 19, 100.000000
46, 18, 20, 100.000000
46, 18, 21, 100.000000
46, 18, 22, 100.000000
46, 18, 23, 100.000000
46, 18, 24, 100.000000
46, 18, 25, 100.000000
46, 18, 26, 100.000000
46, 18, 27, 100.000000
46, 18, 28, 100.000000
46, 18, 29, 100.000000
46, 18, 30, 100.000000
46, 18, 31, 100.000000
46, 18, 32, 100.000000
46, 18, 33, 100.000000
46, 18, 34, 100.000000
46, 19, 0, 0.377048
46, 19, 1, -0.163797
46, 19, 2, -0.461601
46, 19, 3, -0.414941
46, 19, 4, -0.440511
46, 19, 5, -0.454698
46, 19, 6, -0.439789
46, 19, 7, -0.446774
46, 19, 8, -0.413074
46, 19, 9, -0.341338
46, 19, 10, -0.222102
46, 19, 11, 0.011597
46, 19, 12, 0.474046
46, 19, 13, 1.073678
46, 19, 14, 1.754735
46, 19, 15, 100.000000
46, 19, 16, 100.000000
46, 19, 17, 100.000000
46, 19, 18, 100.000000
46, 19, 19, 100.000000
46, 19, 20, 100.000000
46, 19, 21, 100.000000
46, 19, 22, 100.000000
46, 19, 23, 100.000000
46, 19, 24, 100.000000
46, 19, 25, 100.000000
46, 19, 26, 100.000000
46, 19, 27, 100.000000
46, 19, 28, 100.000000
46, 19, 29, 100.000000
46, 19, 30, 100.000000
46, 19, 31, 100.000000
46, 19, 32, 100.000000
46, 19, 33, 100.000000
46, 19, 34, 100.000000
46, 20, 0, 0.370093
46, 20, 1, -0.161991
46, 20, 2, -0.490607
46, 20, 3, -0.420545
46, 20, 4, -0.442870
46, 20, 5, -0.441390
46, 20, 6, -0.449391
46, 20, 7, -0.454235
46, 20, 8, -0.417787
46, 20, 9, -0.318937
46, 20, 10, -0.198453
46, 20, 11, 0.000569
46, 20, 12, 0.416373
46, 20, 13, 0.951351
46, 20, 14, 1.545337
46, 20, 15, 2.343004
46, 20, 16, 100.000000
46, 20, 17, 100.000000
46, 20, 18, 100.000000
46, 20, 19, 100.000000
46, 20, 20, 100.000000
46, 20, 21, 100.000000
46, 20, 22, 100.000000
46, 20, 23, 100.000000
46, 20, 24, 100.000000
46, 20, 25, 100.000000
46, 20, 26, 100.000000
46, 20, 27, 100.000000
46, 20, 28, 100.000000
46, 20, 29, 100.000000
46, 20, 30, 100.000000
46, 20, 31, 100.000000
46, 20, 32, 100.000000
46, 20, 33, 100.000000
46, 20, 34, 100.000000
46, 21, 0, 0.377051
46, 21, 1, -0.153455
46, 21, 2, -0.479743
46, 21, 3, -0.429836
46, 21, 4, -0.471274
46, 21, 5, -0.441122
46, 21, 6, -0.422667
46, 21, 7, -0.436027
46, 21, 8, -0.419246
46, 21, 9, -0.316482
46, 21, 10, -0.169486
46, 21, 11, 0.055700
46, 21, 12, 0.428591
46, 21, 13, 0.933355
46, 21, 14, 1.547005
46, 21, 15, 2.428997
46, 21, 16, 100.000000
46, 21, 17, 100.000000
46, 21, 18, 100.000000
46, 21, 19, 100.000000
46, 21, 20, 100.000000
46, 21, 21, 100.000000
46, 21, 22, 100.000000
46, 21, 23, 100.000000
46, 21, 24, 100.000000
46, 21, 25, 100.000000
46, 21, 26, 100.000000
46, 21, 27, 100.000000
46, 21, 28, 100.000000
46, 21, 29, 100.000000
46, 21, 30, 100.000000
46, 21, 31, 100.000000
46, 21, 32, 100.000000
46, 21, 33, 100.000000
46, 21, 34, 100.000000
46, 22, 0, 0.381134
46, 22, 1, -0.149173
46, 22, 2, -0.493236
46, 22, 3, -0.429459
46, 22, 4, -0.473835
46, 22, 5, -0.492993
46, 22, 6, -0.457312
46, 22, 7, -0.478827
46, 22, 8, -0.447217
46, 22, 9, -0.326807
46, 22, 10, -0.165035
46, 22, 11, 0.091695
46, 22, 12, 0.472421
46, 22, 13, 1.011616
46, 22, 14, 1.756316
46, 22, 15, 100.000000
46, 22, 16, 100.000000
46, 22, 17, 100.000000
46, 22, 18, 100.000000
46, 22, 19, 100.000000
46, 22, 20, 100.000000
46, 22, 21, 100.000000
46, 22, 22, 100.000000
46, 22, 23, 100.000000
46, 22, 24, 100.000000
46, 22, 25, 100.000000
46, 22, 26, 100.000000
46, 22, 27, 100.000000
46, 22, 28, 100.000000
46, 22, 29, 100.000000
46, 22, 30, 100.000000
46, 22, 31, 100.000000
46, 22, 32, 100.000000
46, 22, 33, 100.000000
46, 22, 34, 100.000000
46, 23, 0, 0.371006
46, 23, 1, -0.159498
46, 23, 2, -0.485066
46, 23, 3, -0.414971
46, 23, 4, -0.473963
46, 23, 5, -0.472255
46, 23, 6, -0.462444
46, 23, 7, -0.471612
46, 23, 8, -0.461616
46, 23, 9, -0.340849
46, 23, 10, -0.180826
46, 23, 11, 0.084417
46, 23, 12, 0.509386
46, 23, 13, 1.072903
46, 23, 14, 1.848036
46, 23, 15, 100.000000
46, 23, 16, 100.000000
46, 23, 17, 100.000000
46, 23, 18, 100.000000
46, 23, 19, 100.000000
46, 23, 20, 100.000000
46, 23, 21, 100.000000
46, 23, 22, 100.000000
46, 23, 23, 100.000000
46, 23, 24, 100.000000
46, 23, 25, 100.000000
46, 23, 26, 100.000000
46, 23, 27, 100.000000
46, 23, 28, 100.000000
46, 23, 29, 100.000000
46, 23, 30, 100.000000
46, 23, 31, 100.000000
46, 23, 32, 100.000000
46, 23, 33, 100.000000
46, 23, 34, 100.000000
46, 24, 0, 0.356061
46, 24, 1, -0.174075
46, 24, 2, -0.473761
46, 24, 3, -0.415061
46, 24, 4, -0.469858
46, 24, 5, -0.466144
46, 24, 6, -0.458393
46, 24, 7, -0.474124
46, 24, 8, -0.463594
46, 24, 9, -0.357849
46, 24, 10, -0.210128
46, 24, 11, 0.065023
46, 24, 12, 0.525647
46, 24, 13, 1.072536
46, 24, 14, 1.727643
46, 24, 15, 100.000000
46, 24, 16, 100.000000
46, 24, 17, 100.000000
46, 24, 18, 100.000000
46, 24, 19, 100.000000
46, 24, 20, 100.000000
46, 24, 21, 100.000000
46, 24, 22, 100.000000
46, 24, 23, 100.000000
46, 24, 24, 100.000000
46, 24, 25, 100.000000
46, 24, 26, 100.000000
46, 24, 27, 100.000000
46, 24, 28, 100.000000
46, 24, 29, 100.000000
46, 24, 30, 100.000000
46, 24, 31, 100.000000
46, 24, 32, 100.000000
46, 24, 33, 100.000000
46, 24, 34, 100.000000
46, 25, 0, 0.352647
46, 25, 1, -0.177709
46, 25, 2, -0.453413
46, 25, 3, -0.411270
46, 25, 4, -0.442337
46, 25, 5, -0.448013
46, 25, 6, -0.463970
46, 25, 7, -0.467152
46, 25, 8, -0.461346
46, 25, 9, -0.374854
46, 25, 10, -0.232886
46, 25, 11, 0.055779
46, 25, 12, 0.534057
46, 25, 13, 1.058812
46, 25, 14, 1.737171
46, 25, 15, 100.000000
46, 25, 16, 100.000000
46, 25, 17, 100.000000
46, 25, 18, 100.000000
46, 25, 19, 100.000000
46, 25, 20, 100.000000
46, 25, 21, 100.000000
46, 25, 22, 100.000000
46, 25, 23, 100.000000
46, 25, 24, 100.000000
46, 25, 25, 100.000000
46, 25, 26, 100.000000
46, 25, 27, 100.000000
46, 25, 28, 100.000000
46, 25, 29, 100.000000
46, 25, 30, 100.000000
46, 25, 31, 100.000000
46, 25, 32, 100.000000
46, 25, 33, 100.000000
46, 25, 34, 100.000000
46, 26, 0, 0.361671
46, 26, 1, -0.178509
46, 26, 2, -0.453618
46, 26, 3, -0.399590
46, 26, 4, -0.422413
46, 26, 5, -0.467021
46, 26, 6, -0.454620
46, 26, 7, -0.443727
46, 26, 8, -0.470488
46, 26, 9, -0.375670
46, 26, 10, -0.241616
46, 26, 11, 0.062514
46, 26, 12, 0.519615
46, 26, 13, 1.068686
46, 26, 14, 1.758048
46, 26, 15, 100.000000
46, 26, 16, 100.000000
46, 26, 17, 100.000000
46, 26, 18, 100.000000
46, 26, 19, 100.000000
46, 26, 20, 100.000000
46, 26, 21, 100.000000
46, 26, 22, 100.000000
46, 26, 23, 100.000000
46, 26, 24, 100.000000
46, 26, 25, 100.000000
46, 26, 26, 100.000000
46, 26, 27, 100.000000
46, 26, 28, 100.000000
46, 26, 29, 100.000000
46, 26, 30, 100.000000
46, 26, 31, 100.000000
46, 26, 32, 100.000000
46, 26, 33, 100.000000
46, 26, 34, 100.000000
46, 27, 0, 0.376399
46, 27, 1, -0.159107
46, 27, 2, -0.470058
46, 27, 3, -0.401540
46, 27, 4, -0.392914
46, 27, 5, -0.446865
46, 27, 6, -0.457946
46, 27, 7, -0.430259
46, 27, 8, -0.443571
46, 27, 9, -0.368683
46, 27, 10, -0.234351
46, 27, 11, 0.053718
46, 27, 12, 0.461868
46, 27, 13, 1.007415
46, 27, 14, 1.731494
46, 27, 15, 100.000000
46, 27, 16, 100.000000
46, 27, 17, 100.000000
46, 27, 18, 100.000000
46, 27, 19, 100.000000
46, 27, 20, 100.000000
46, 27, 21, 100.000000
46, 27, 22, 100.000000
46, 27, 23, 100.000000
46, 27, 24, 100.000000
46, 27, 25, 100.000000
46, 27, 26, 100.000000
46, 27, 27, 100.000000
46, 27, 28, 100.000000
46, 27, 29, 100.000000
46, 27, 30, 100.000000
46, 27, 31, 100.000000
46, 27, 32, 100.000000
46, 27, 33, 100.000000
46, 27, 34, 100.000000
46, 28, 0, 0.396849
46, 28, 1, -0.110608
46, 28, 2, -0.388293
46, 28, 3, -0.385792
46, 28, 4, -0.346675
46, 28, 5, -0.367449
46, 28, 6, -0.375825
46, 28, 7, -0.341875
46, 28, 8, -0.341430
46, 28, 9, -0.329335
46, 28, 10, -0.231234
46, 28, 11, 0.032404
46, 28, 12, 0.402957
46, 28, 13, 0.873546
46, 28, 14, 1.488722
46, 28, 15, 2.333408
46, 28, 16, 100.000000
46, 28, 17, 100.000000
46, 28, 18, 100.000000
46, 28, 19, 100.000000
46, 28, 20, 100.000000
46, 28, 21, 100.000000
46, 28, 22, 100.000000
46, 28, 23, 100.000000
46, 28, 24, 100.000000
46, 28, 25, 100.000000
46, 28, 26, 100.000000
46, 28, 27, 100.000000
46, 28, 28, 100.000000
46, 28, 29, 100.000000
46, 28, 30, 100.000000
46, 28, 31, 100.000000
46, 28, 32, 100.000000
46, 28, 33, 100.000000
46, 28, 34, 100.000000
46, 29, 0, 0.456522
46, 29, 1, 0.044410
46, 29, 2, -0.096330
46, 29, 3, -0.070101
46, 29, 4, -0.058307
46, 29, 5, -0.088753
46, 29, 6, -0.095843
46, 29, 7, -0.065845
46, 29, 8, -0.039060
46, 29, 9, -0.040598
46, 29, 10, -0.019267
46, 29, 11, 0.143042
46, 29, 12, 0.433457
46, 29, 13, 0.818518
46, 29, 14, 1.383337
46, 29, 15, 2.132909
46, 29, 16, 100.000000
46, 29, 17, 100.000000
46, 29, 18, 100.000000
46, 29, 19, 100.000000
46, 29, 20, 100.000000
46, 29, 21, 100.000000
46, 29, 22, 100.000000
46, 29, 23, 100.000000
46, 29, 24, 100.000000
46, 29, 25, 100.000000
46, 29, 26, 100.000000
46, 29, 27, 100.000000
46, 29, 28, 100.000000
46, 29, 29, 100.000000
46, 29, 30, 100.000000
46, 29, 31, 100.000000
46, 29, 32, 100.000000
46, 29, 33, 100.000000
46, 29, 34, 100.000000
47, 0, 0, 0.724850
47, 0, 1, 0.476348
47, 0, 2, 0.430309
47, 0, 3, 0.398447
47, 0, 4, 0.388109
47, 0, 5, 0.400156
47, 0, 6, 0.423539
47, 0, 7, 0.459501
47, 0, 8, 0.478328
47, 0, 9, 0.475600
47, 0, 10, 0.478618
47, 0, 11, 0.537847
47, 0, 12, 0.802466
47, 0, 13, 1.372771
47, 0, 14, 2.165489
47, 0, 15, 100.000000
47, 0, 16, 100.000000
47, 0, 17, 100.000000
47, 0, 18, 100.000000
47, 0, 19, 100.000000
47, 0, 20, 100.000000
47, 0, 21, 100.000000
47, 0, 22, 100.000000
47, 0, 23, 100.000000
47, 0, 24, 100.000000
47, 0, 25, 100.000000
47, 0, 26, 100.000000
47, 0, 27, 100.000000
47, 0, 28, 100.000000
47, 0, 29, 100.000000
47, 0, 30, 100.000000
47, 0, 31, 100.000000
47, 0, 32, 100.000000
47, 0, 33, 100.000000
47, 0, 34, 100.000000
47, 1, 0, 0.470504
47, 1, 1, 0.006719
47, 1, 2, -0.124617
47, 1, 3, -0.139970
47, 1, 4, -0.141608
47, 1, 5, -0.140371
47, 1, 6, -0.138319
47, 1, 7, -0.106864
47, 1, 8, -0.058393
47, 1, 9, -0.014901
47, 1, 10, 0.036318
47, 1, 11, 0.187149
47, 1, 12, 0.604568
47, 1, 13, 1.229168
47, 1, 14, 1.908778
47, 1, 15, 100.000000
47, 1, 16, 100.000000
47, 1, 17, 100.000000
47, 1, 18, 100.000000
47, 1, 19, 100.000000
47, 1, 20, 100.000000
47, 1, 21, 100.000000
47, 1, 22, 100.000000
47, 1, 23, 100.000000
47, 1, 24, 100.000000
47, 1, 25, 100.000000
47, 1, 26, 100.000000
47, 1, 27, 100.000000
47, 1, 28, 100.000000
47, 1, 29, 100.000000
47, 1, 30, 100.000000
47, 1, 31, 100.000000
47, 1, 32, 100.000000
47, 1, 33, 100.000000
47, 1, 34, 100.000000
47, 2, 0, 0.413720
47, 2, 1, -0.158924
47, 2, 2, -0.469004
47, 2, 3, -0.429882
47, 2, 4, -0.428168
47, 2, 5, -0.428038
47, 2, 6, -0.472431
47, 2, 7, -0.468714
47, 2, 8, -0.375919
47, 2, 9, -0.256494
47, 2, 10, -0.133824
47, 2, 11, 0.084787
47, 2, 12, 0.526340
47, 2, 13, 1.115399
47, 2, 14, 1.718656
47, 2, 15, 100.000000
47, 2, 16, 100.000000
47, 2, 17, 100.000000
47, 2, 18, 100.000000
47, 2, 19, 100.000000
47, 2, 20, 100.000000
47, 2, 21, 100.000000
47, 2, 22, 100.000000
47, 2, 23, 100.000000
47, 2, 24, 100.000000
47, 2, 25, 100.000000
47, 2, 26, 100.000000
47, 2, 27, 100.000000
47, 2, 28, 100.000000
47, 2, 29, 100.000000
47, 2, 30, 100.000000
47, 2, 31, 100.000000
47, 2, 32, 100.000000
47, 2, 33, 100.000000
47, 2, 34, 100.000000
47, 3, 0, 0.402267
47, 3, 1, -0.149593
47, 3, 2, -0.431321
47, 3, 3, -0.401997
47, 3, 4, -0.406814
47, 3, 5, -0.388953
47, 3, 6, -0.404025
47, 3, 7, -0.407948
47, 3, 8, -0.401606
47, 3, 9, -0.314135
47, 3, 10, -0.198392
47, 3, 11, 0.067001
47, 3, 12, 0.508576
47, 3, 13, 1.078672
47, 3, 14, 1.789207
47, 3, 15, 100.000000
47, 3, 16, 100.000000
47, 3, 17, 100.000000
47, 3, 18, 100.000000
47, 3, 19, 100.000000
47, 3, 20, 100.000000
47, 3, 21, 100.000000
47, 3, 22, 100.000000
47, 3, 23, 100.000000
47, 3, 24, 100.000000
47, 3, 25, 100.000000
47, 3, 26, 100.000000
47, 3, 27, 100.000000
47, 3, 28, 100.000000
47, 3, 29, 100.000000
47, 3, 30, 100.000000
47, 3, 31, 100.000000
47, 3, 32, 100.000000
47, 3, 33, 100.000000
47, 3, 34, 100.000000
47, 4, 0, 0.391607
47, 4, 1, -0.150393
47, 4, 2, -0.459174
47, 4, 3, -0.416392
47, 4, 4, -0.407359
47, 4, 5, -0.400301
47, 4, 6, -0.453696
47, 4, 7, -0.455479
47, 4, 8, -0.438858
47, 4, 9, -0.365152
47, 4, 10, -0.250711
47, 4, 11, 0.025278
47, 4, 12, 0.502645
47, 4, 13, 1.092369
47, 4, 14, 1.923266
47, 4, 15, 100.000000
47, 4, 16, 100.000000
47, 4, 17, 100.000000
47, 4, 18, 100.000000
47, 4, 19, 100.000000
47, 4, 20, 100.000000
47, 4, 21, 100.000000
47, 4, 22, 100.000000
47, 4, 23, 100.000000
47, 4, 24, 100.000000
47, 4, 25, 100.000000
47, 4, 26, 100.000000
47, 4, 27, 100.000000
47, 4, 28, 100.000000
47, 4, 29, 100.000000
47, 4, 30, 100.000000
47, 4, 31, 100.000000
47, 4, 32, 100.000000
47, 4, 33, 100.000000
47, 4, 34, 100.000000
47, 5, 0, 0.400476
47, 5, 1, -0.144314
47, 5, 2, -0.476454
47, 5, 3, -0.406222
47, 5, 4, -0.388465
47, 5, 5, -0.393223
47, 5, 6, -0.454398
47, 5, 7, -0.486785
47, 5, 8, -0.445819
47, 5, 9, -0.398124
47, 5, 10, -0.294814
47, 5, 11, -0.007981
47, 5, 12, 0.471740
47, 5, 13, 1.069623
47, 5, 14, 1.871986
47, 5, 15, 100.000000
47, 5, 16, 100.000000
47, 5, 17, 100.000000
47, 5, 18, 100.000000
47, 5, 19, 100.000000
47, 5, 20, 100.000000
47, 5, 21, 100.000000
47, 5, 22, 100.000000
47, 5, 23, 100.000000
47, 5, 24, 100.000000
47, 5, 25, 100.000000
47, 5, 26, 100.000000
47, 5, 27, 100.000000
47, 5, 28, 100.000000
47, 5, 29, 100.000000
47, 5, 30, 100.000000
47, 5, 31, 100.000000
47, 5, 32, 100.000000
47, 5, 33, 100.000000
47, 5, 34, 100.000000
47, 6, 0, 0.404719
47, 6, 1, -0.124867
47, 6, 2, -0.455894
47, 6, 3, -0.402914
47, 6, 4, -0.392724
47, 6, 5, -0.420518
47, 6, 6, -0.456609
47, 6, 7, -0.456011
47, 6, 8, -0.437304
47, 6, 9, -0.424866
47, 6, 10, -0.310825
47, 6, 11, -0.012770
47, 6, 12, 0.474625
47, 6, 13, 1.054909
47, 6, 14, 1.774797
47, 6, 15, 100.000000
47, 6, 16, 100.000000
47, 6, 17, 100.000000
47, 6, 18, 100.000000
47, 6, 19, 100.000000
47, 6, 20, 100.000000
47, 6, 21, 100.000000
47, 6, 22, 100.000000
47, 6, 23, 100.000000
47, 6, 24, 100.000000
47, 6, 25, 100.000000
47, 6, 26, 100.000000
47, 6, 27, 100.000000
47, 6, 28, 100.000000
47, 6, 29, 100.000000
47, 6, 30, 100.000000
47, 6, 31, 100.000000
47, 6, 32, 100.000000
47, 6, 33, 100.000000
47, 6, 34, 100.000000
47, 7, 0, 0.400400
47, 7, 1, -0.108234
47, 7, 2, -0.451075
47, 7, 3, -0.415064
47, 7, 4, -0.404425
47, 7, 5, -0.430048
47, 7, 6, -0.449866
47, 7, 7, -0.415220
47, 7, 8, -0.423415
47, 7, 9, -0.418710
47, 7, 10, -0.305566
47, 7, 11, 0.013013
47, 7, 12, 0.487097
47, 7, 13, 1.088377
47, 7, 14, 1.721371
47, 7, 15, 100.000000
47, 7, 16, 100.000000
47, 7, 17, 100.000000
47, 7, 18, 100.000000
47, 7, 19, 100.000000
47, 7, 20, 100.000000
47, 7, 21, 100.000000
47, 7, 22, 100.000000
47, 7, 23, 100.000000
47, 7, 24, 100.000000
47, 7, 25, 100.000000
47, 7, 26, 100.000000
47, 7, 27, 100.000000
47, 7, 28, 100.000000
47, 7, 29, 100.000000
47, 7, 30, 100.000000
47, 7, 31, 100.000000
47, 7, 32, 100.000000
47, 7, 33, 100.000000
47, 7, 34, 100.000000
47, 8, 0, 0.399533
47, 8, 1, -0.112351
47, 8, 2, -0.463040
47, 8, 3, -0.423189
47, 8, 4, -0.408107
47, 8, 5, -0.407496
47, 8, 6, -0.412482
47, 8, 7, -0.385209
47, 8, 8, -0.403850
47, 8, 9, -0.386112
47, 8, 10, -0.277819
47, 8, 11, 0.018479
47, 8, 12, 0.480446
47, 8, 13, 1.085656
47, 8, 14, 1.663747
47, 8, 15, 100.000000
47, 8, 16, 100.000000
47, 8, 17, 100.000000
47, 8, 18, 100.000000
47, 8, 19, 100.000000
47, 8, 20, 100.000000
47, 8, 21, 100.000000
47, 8, 22, 100.000000
47, 8, 23, 100.000000
47, 8, 24, 100.000000
47, 8, 25, 100.000000
47, 8, 26, 100.000000
47, 8, 27, 100.000000
47, 8, 28, 100.000000
47, 8, 29, 100.000000
47, 8, 30, 100.000000
47, 8, 31, 100.000000
47, 8, 32, 100.000000
47, 8, 33, 100.000000
47, 8, 34, 100.000000
47, 9, 0, 0.413793
47, 9, 1, -0.121625
47, 9, 2, -0.474103
47, 9, 3, -0.391369
47, 9, 4, -0.379250
47, 9, 5, -0.397052
47, 9, 6, -0.410798
47, 9, 7, -0.389144
47, 9, 8, -0.376239
47, 9, 9, -0.376853
47, 9, 10, -0.274472
47, 9, 11, 0.009195
47, 9, 12, 0.494916
47, 9, 13, 1.047632
47, 9, 14, 1.694818
47, 9, 15, 100.000000
47, 9, 16, 100.000000
47, 9, 17, 100.000000
47, 9, 18, 100.000000
47, 9, 19, 100.000000
47, 9, 20, 100.000000
47, 9, 21, 100.000000
47, 9, 22, 100.000000
47, 9, 23, 100.000000
47, 9, 24, 100.000000
47, 9, 25, 100.000000
47, 9, 26, 100.000000
47, 9, 27, 100.000000
47, 9, 28, 100.000000
47, 9, 29, 100.000000
47, 9, 30, 100.000000
47, 9, 31, 100.000000
47, 9, 32, 100.000000
47, 9, 33, 100.000000
47, 9, 34, 100.000000
47, 10, 0, 0.425724
47, 10, 1, -0.125104
47, 10, 2, -0.450568
47, 10, 3, -0.372829
47, 10, 4, -0.398946
47, 10, 5, -0.442840
47, 10, 6, -0.428443
47, 10, 7, -0.404532
47, 10, 8, -0.362176
47, 10, 9, -0.325975
47, 10, 10, -0.245041
47, 10, 11, 0.003629
47, 10, 12, 0.480061
47, 10, 13, 1.060628
47, 10, 14, 1.824720
47, 10, 15, 100.000000
47, 10, 16, 100.000000
47, 10, 17, 100.000000
47, 10, 18, 100.000000
47, 10, 19, 100.000000
47, 10, 20, 100.000000
47, 10, 21, 100.000000
47, 10, 22, 100.000000
47, 10, 23, 100.000000
47, 10, 24, 100.000000
47, 10, 25, 100.000000
47, 10, 26, 100.000000
47, 10, 27, 100.000000
47, 10, 28, 100.000000
47, 10, 29, 100.000000
47, 10, 30, 100.000000
47, 10, 31, 100.000000
47, 10, 32, 100.000000
47, 10, 33, 100.000000
47, 10, 34, 100.000000
47, 11, 0, 0.414491
47, 11, 1, -0.140206
47, 11, 2, -0.465053
47, 11, 3, -0.376409
47, 11, 4, -0.425035
47, 11, 5, -0.452783
47, 11, 6, -0.448555
47, 11, 7, -0.420232
47, 11, 8, -0.379255
47, 11, 9, -0.312392
47, 11, 10, -0.215681
47, 11, 11, 0.004505
47, 11, 12, 0.458394
47, 11, 13, 1.102494
47, 11, 14, 1.829744
47, 11, 15, 100.000000
47, 11, 16, 100.000000
47, 11, 17, 100.000000
47, 11, 18, 100.000000
47, 11, 19, 100.000000
47, 11, 20, 100.000000
47, 11, 21, 100.000000
47, 11, 22, 100.000000
47, 11, 23, 100.000000
47, 11, 24, 100.000000
47, 11, 25, 100.000000
47, 11, 26, 100.000000
47, 11, 27, 100.000000
47, 11, 28, 100.000000
47, 11, 29, 100.000000
47, 11, 30, 100.000000
47, 11, 31, 100.000000
47, 11, 32, 100.000000
47, 11, 33, 100.000000
47, 11, 34, 100.000000
47, 12, 0, 0.413750
47, 12, 1, -0.150409
47, 12, 2, -0.475684
47, 12, 3, -0.391822
47, 12, 4, -0.429624
47, 12, 5, -0.451150
47, 12, 6, -0.447772
47, 12, 7, -0.423992
47, 12, 8, -0.396137
47, 12, 9, -0.310293
47, 12, 10, -0.192968
47, 12, 11, 0.008263
47, 12, 12, 0.429415
47, 12, 13, 1.075595
47, 12, 14, 1.853362
47, 12, 15, 100.000000
47, 12, 16, 100.000000
47, 12, 17, 100.000000
47, 12, 18, 100.000000
47, 12, 19, 100.000000
47, 12, 20, 100.000000
47, 12, 21, 100.000000
47, 12, 22, 100.000000
47, 12, 23, 100.000000
47, 12, 24, 100.000000
47, 12, 25, 100.000000
47, 12, 26, 100.000000
47, 12, 27, 100.000000
47, 12, 28, 100.000000
47, 12, 29, 100.000000
47, 12, 30, 100.000000
47, 12, 31, 100.000000
47, 12, 32, 100.000000
47, 12, 33, 100.000000
47, 12, 34, 100.000000
47, 13, 0, 0.422354
47, 13, 1, -0.140846
47, 13, 2, -0.482663
47, 13, 3, -0.407416
47, 13, 4, -0.429282
47, 13, 5, -0.440713
47, 13, 6, -0.435897
47, 13, 7, -0.432998
47, 13, 8, -0.401154
47, 13, 9, -0.312689
47, 13, 10, -0.170545
47, 13, 11, 0.026190
47, 13, 12, 0.406148
47, 13, 13, 0.995415
47, 13, 14, 1.706754
47, 13, 15, 100.000000
47, 13, 16, 100.000000
47, 13, 17, 100.000000
47, 13, 18, 100.000000
47, 13, 19, 100.000000
47, 13, 20, 100.000000
47, 13, 21, 100.000000
47, 13, 22, 100.000000
47, 13, 23, 100.000000
47, 13, 24, 100.000000
47, 13, 25, 100.000000
47, 13, 26, 100.000000
47, 13, 27, 100.000000
47, 13, 28, 100.000000
47, 13, 29, 100.000000
47, 13, 30, 100.000000
47, 13, 31, 100.000000
47, 13, 32, 100.000000
47, 13, 33, 100.000000
47, 13, 34, 100.000000
47, 14, 0, 0.424239
47, 14, 1, -0.133729
47, 14, 2, -0.465593
47, 14, 3, -0.428493
47, 14, 4, -0.438157
47, 14, 5, -0.454252
47, 14, 6, -0.442505
47, 14, 7, -0.455822
47, 14, 8, -0.425760
47, 14, 9, -0.326298
47, 14, 10, -0.182667
47, 14, 11, 0.034775
47, 14, 12, 0.421940
47, 14, 13, 0.964929
47, 14, 14, 1.662878
47, 14, 15, 2.456757
47, 14, 16, 100.000000
47, 14, 17, 100.000000
47, 14, 18, 100.000000
47, 14, 19, 100.000000
47, 14, 20, 100.000000
47, 14, 21, 100.000000
47, 14, 22, 100.000000
47, 14, 23, 100.000000
47, 14, 24, 100.000000
47, 14, 25, 100.000000
47, 14, 26, 100.000000
47, 14, 27, 100.000000
47, 14, 28, 100.000000
47, 14, 29, 100.000000
47, 14, 30, 100.000000
47, 14, 31, 100.000000
47, 14, 32, 100.000000
47, 14, 33, 100.000000
47, 14, 34, 100.000000
47, 15, 0, 0.416774
47, 15, 1, -0.151179
47, 15, 2, -0.460331
47, 15, 3, -0.402979
47, 15, 4, -0.452928
47, 15, 5, -0.481898
47, 15, 6, -0.468961
47, 15, 7, -0.461368
47, 15, 8, -0.446781
47, 15, 9, -0.349054
47, 15, 10, -0.192831
47, 15, 11, 0.053313
47, 15, 12, 0.478218
47, 15, 13, 0.967502
47, 15, 14, 1.625782
47, 15, 15, 100.000000
47, 15, 16, 100.000000
47, 15, 17, 100.000000
47, 15, 18, 100.000000
47, 15, 19, 100.000000
47, 15, 20, 100.000000
47, 15, 21, 100.000000
47, 15, 22, 100.000000
47, 15, 23, 100.000000
47, 15, 24, 100.000000
47, 15, 25, 100.000000
47, 15, 26, 100.000000
47, 15, 27, 100.000000
47, 15, 28, 100.000000
47, 15, 29, 100.000000
47, 15, 30, 100.000000
47, 15, 31, 100.000000
47, 15, 32, 100.000000
47, 15, 33, 100.000000
47, 15, 34, 100.000000
47, 16, 0, 0.419274
47, 16, 1, -0.177144
47, 16, 2, -0.440714
47, 16, 3, -0.416855
47, 16, 4, -0.458725
47, 16, 5, -0.462602
47, 16, 6, -0.469932
47, 16, 7, -0.447101
47, 16, 8, -0.437407
47, 16, 9, -0.351430
47, 16, 10, -0.183095
47, 16, 11, 0.085189
47, 16, 12, 0.524002
47, 16, 13, 1.019714
47, 16, 14, 1.401766
47, 16, 15, 2.274560
47, 16, 16, 100.000000
47, 16, 17, 100.000000
47, 16, 18, 100.000000
47, 16, 19, 100.000000
47, 16, 20, 100.000000
47, 16, 21, 100.000000
47, 16, 22, 100.000000
47, 16, 23, 100.000000
47, 16, 24, 100.000000
47, 16, 25, 100.000000
47, 16, 26, 100.000000
47, 16, 27, 100.000000
47, 16, 28, 100.000000
47, 16, 29, 100.000000
47, 16, 30, 100.000000
47, 16, 31, 100.000000
47, 16, 32, 100.000000
47, 16, 33, 100.000000
47, 16, 34, 100.000000
47, 17, 0, 0.416251
47, 17, 1, -0.178702
47, 17, 2, -0.474559
47, 17, 3, -0.446427
47, 17, 4, -0.464498
47, 17, 5, -0.460415
47, 17, 6, -0.467346
47, 17, 7, -0.436855
47, 17, 8, -0.415470
47, 17, 9, -0.340680
47, 17, 10, -0.182409
47, 17, 11, 0.098862
47, 17, 12, 0.547227
47, 17, 13, 1.095667
47, 17, 14, 1.551551
47, 17, 15, 2.394653
47, 17, 16, 100.000000
47, 17, 17, 100.000000
47, 17, 18, 100.000000
47, 17, 19, 100.000000
47, 17, 20, 100.000000
47, 17, 21, 100.000000
47, 17, 22, 100.000000
47, 17, 23, 100.000000
47, 17, 24, 100.000000
47, 17, 25, 100.000000
47, 17, 26, 100.000000
47, 17, 27, 100.000000
47, 17, 28, 100.000000
47, 17, 29, 100.000000
47, 17, 30, 100.000000
47, 17, 31, 100.000000
47, 17, 32, 100.000000
47, 17, 33, 100.000000
47, 17, 34, 100.000000
47, 18, 0, 0.396162
47, 18, 1, -0.168389
47, 18, 2, -0.453989
47, 18, 3, -0.433342
47, 18, 4, -0.481091
47, 18, 5, -0.474387
47, 18, 6, -0.467072
47, 18, 7, -0.431340
47, 18, 8, -0.390002
47, 18, 9, -0.314895
47, 18, 10, -0.179876
47, 18, 11, 0.082105
47, 18, 12, 0.530888
47, 18, 13, 1.135413
47, 18, 14, 1.772823
47, 18, 15, 100.000000
47, 18, 16, 100.000000
47, 18, 17, 100.000000
47, 18, 18, 100.000000
47, 18, 19, 100.000000
47, 18, 20, 100.000000
47, 18, 21, 100.000000
47, 18, 22, 100.000000
47, 18, 23, 100.000000
47, 18, 24, 100.000000
47, 18, 25, 100.000000
47, 18, 26, 100.000000
47, 18, 27, 100.000000
47, 18, 28, 100.000000
47, 18, 29, 100.000000
47, 18, 30, 100.000000
47, 18, 31, 100.000000
47, 18, 32, 100.000000
47, 18, 33, 100.000000
47, 18, 34, 100.000000
47, 19, 0, 0.379565
47, 19, 1, -0.162366
47, 19, 2, -0.447182
47, 19, 3, -0.429095
47, 19, 4, -0.459160
47, 19, 5, -0.477519
47, 19, 6, -0.463323
47, 19, 7, -0.446302
47, 19, 8, -0.392425
47, 19, 9, -0.294576
47, 19, 10, -0.155721
47, 19, 11, 0.072334
47, 19, 12, 0.504788
47, 19, 13, 1.111584
47, 19, 14, 1.878692
47, 19, 15, 100.000000
47, 19, 16, 100.000000
47, 19, 17, 100.000000
47, 19, 18, 100.000000
47, 19, 19, 100.000000
47, 19, 20, 100.000000
47, 19, 21, 100.000000
47, 19, 22, 100.000000
47, 19, 23, 100.000000
47, 19, 24, 100.000000
47, 19, 25, 100.000000
47, 19, 26, 100.000000
47, 19, 27, 100.000000
47, 19, 28, 100.000000
47, 19, 29, 100.000000
47, 19, 30, 100.000000
47, 19, 31, 100.000000
47, 19, 32, 100.000000
47, 19, 33, 100.000000
47, 19, 34, 100.000000
47, 20, 0, 0.386934
47, 20, 1, -0.162683
47, 20, 2, -0.479341
47, 20, 3, -0.420964
47, 20, 4, -0.462432
47, 20, 5, -0.455793
47, 20, 6, -0.457716
47, 20, 7, -0.454036
47, 20, 8, -0.406583
47, 20, 9, -0.279195
47, 20, 10, -0.131862
47, 20, 11, 0.062528
47, 20, 12, 0.469749
47, 20, 13, 1.041853
47, 20, 14, 1.752649
47, 20, 15, 100.000000
47, 20, 16, 100.000000
47, 20, 17, 100.000000
47, 20, 18, 100.000000
47, 20, 19, 100.000000
47, 20, 20, 100.000000
47, 20, 21, 100.000000
47, 20, 22, 100.000000
47, 20, 23, 100.000000
47, 20, 24, 100.000000
47, 20, 25, 100.000000
47, 20, 26, 100.000000
47, 20, 27, 100.000000
47, 20, 28, 100.000000
47, 20, 29, 100.000000
47, 20, 30, 100.000000
47, 20, 31, 100.000000
47, 20, 32, 100.000000
47, 20, 33, 100.000000
47, 20, 34, 100.000000
47, 21, 0, 0.393629
47, 21, 1, -0.161930
47, 21, 2, -0.473714
47, 21, 3, -0.418908
47, 21, 4, -0.486442
47, 21, 5, -0.454122
47, 21, 6, -0.446484
47, 21, 7, -0.459785
47, 21, 8, -0.423839
47, 21, 9, -0.293329
47, 21, 10, -0.134599
47, 21, 11, 0.047274
47, 21, 12, 0.436726
47, 21, 13, 1.007256
47, 21, 14, 1.648095
47, 21, 15, 100.000000
47, 21, 16, 100.000000
47, 21, 17, 100.000000
47, 21, 18, 100.000000
47, 21, 19, 100.000000
47, 21, 20, 100.000000
47, 21, 21, 100.000000
47, 21, 22, 100.000000
47, 21, 23, 100.000000
47, 21, 24, 100.000000
47, 21, 25, 100.000000
47, 21, 26, 100.000000
47, 21, 27, 100.000000
47, 21, 28, 100.000000
47, 21, 29, 100.000000
47, 21, 30, 100.000000
47, 21, 31, 100.000000
47, 21, 32, 100.000000
47, 21, 33, 100.000000
47, 21, 34, 100.000000
47, 22, 0, 0.398677
47, 22, 1, -0.156993
47, 22, 2, -0.471839
47, 22, 3, -0.421499
47, 22, 4, -0.464003
47, 22, 5, -0.486198
47, 22, 6, -0.454935
47, 22, 7, -0.472038
47, 22, 8, -0.442850
47, 22, 9, -0.313590
47, 22, 10, -0.153657
47, 22, 11, 0.062756
47, 22, 12, 0.430568
47, 22, 13, 0.992458
47, 22, 14, 1.666090
47, 22, 15, 100.000000
47, 22, 16, 100.000000
47, 22, 17, 100.000000
47, 22, 18, 100.000000
47, 22, 19, 100.000000
47, 22, 20, 100.000000
47, 22, 21, 100.000000
47, 22, 22, 100.000000
47, 22, 23, 100.000000
47, 22, 24, 100.000000
47, 22, 25, 100.000000
47, 22, 26, 100.000000
47, 22, 27, 100.000000
47, 22, 28, 100.000000
47, 22, 29, 100.000000
47, 22, 30, 100.000000
47, 22, 31, 100.000000
47, 22, 32, 100.000000
47, 22, 33, 100.000000
47, 22, 34, 100.000000
47, 23, 0, 0.387191
47, 23, 1, -0.165190
47, 23, 2, -0.473495
47, 23, 3, -0.408569
47, 23, 4, -0.473899
47, 23, 5, -0.471936
47, 23, 6, -0.440228
47, 23, 7, -0.449297
47, 23, 8, -0.471637
47, 23, 9, -0.338679
47, 23, 10, -0.161722
47, 23, 11, 0.085865
47, 23, 12, 0.466851
47, 23, 13, 1.007192
47, 23, 14, 1.724542
47, 23, 15, 100.000000
47, 23, 16, 100.000000
47, 23, 17, 100.000000
47, 23, 18, 100.000000
47, 23, 19, 100.000000
47, 23, 20, 100.000000
47, 23, 21, 100.000000
47, 23, 22, 100.000000
47, 23, 23, 100.000000
47, 23, 24, 100.000000
47, 23, 25, 100.000000
47, 23, 26, 100.000000
47, 23, 27, 100.000000
47, 23, 28, 100.000000
47, 23, 29, 100.000000
47, 23, 30, 100.000000
47, 23, 31, 100.000000
47, 23, 32, 100.000000
47, 23, 33, 100.000000
47, 23, 34, 100.000000
47, 24, 0, 0.365170
47, 24, 1, -0.172584
47, 24, 2, -0.459050
47, 24, 3, -0.421750
47, 24, 4, -0.488424
47, 24, 5, -0.475631
47, 24, 6, -0.441303
47, 24, 7, -0.464759
47, 24, 8, -0.472541
47, 24, 9, -0.366871
47, 24, 10, -0.199379
47, 24, 11, 0.089165
47, 24, 12, 0.514400
47, 24, 13, 1.071426
47, 24, 14, 1.757962
47, 24, 15, 100.000000
47, 24, 16, 100.000000
47, 24, 17, 100.000000
47, 24, 18, 100.000000
47, 24, 19, 100.000000
47, 24, 20, 100.000000
47, 24, 21, 100.000000
47, 24, 22, 100.000000
47, 24, 23, 100.000000
47, 24, 24, 100.000000
47, 24, 25, 100.000000
47, 24, 26, 100.000000
47, 24, 27, 100.000000
47, 24, 28, 100.000000
47, 24, 29, 100.000000
47, 24, 30, 100.000000
47, 24, 31, 100.000000
47, 24, 32, 100.000000
47, 24, 33, 100.000000
47, 24, 34, 100.000000
47, 25, 0, 0.356981
47, 25, 1, -0.177398
47, 25, 2, -0.474549
47, 25, 3, -0.439602
47, 25, 4, -0.471740
47, 25, 5, -0.461050
47, 25, 6, -0.482795
47, 25, 7, -0.462043
47, 25, 8, -0.454803
47, 25, 9, -0.382940
47, 25, 10, -0.238937
47, 25, 11, 0.065915
47, 25, 12, 0.516504
47, 25, 13, 1.067738
47, 25, 14, 1.770889
47, 25, 15, 100.000000
47, 25, 16, 100.000000
47, 25, 17, 100.000000
47, 25, 18, 100.000000
47, 25, 19, 100.000000
47, 25, 20, 100.000000
47, 25, 21, 100.000000
47, 25, 22, 100.000000
47, 25, 23, 100.000000
47, 25, 24, 100.000000
47, 25, 25, 100.000000
47, 25, 26, 100.000000
47, 25, 27, 100.000000
47, 25, 28, 100.000000
47, 25, 29, 100.000000
47, 25, 30, 100.000000
47, 25, 31, 100.000000
47, 25, 32, 100.000000
47, 25, 33, 100.000000
47, 25, 34, 100.000000
47, 26, 0, 0.382767
47, 26, 1, -0.172841
47, 26, 2, -0.456055
47, 26, 3, -0.418773
47, 26, 4, -0.456409
47, 26, 5, -0.448974
47, 26, 6, -0.471021
47, 26, 7, -0.450572
47, 26, 8, -0.466631
47, 26, 9, -0.393027
47, 26, 10, -0.258644
47, 26, 11, 0.043640
47, 26, 12, 0.466295
47, 26, 13, 1.015279
47, 26, 14, 1.730521
47, 26, 15, 100.000000
47, 26, 16, 100.000000
47, 26, 17, 100.000000
47, 26, 18, 100.000000
47, 26, 19, 100.000000
47, 26, 20, 100.000000
47, 26, 21, 100.000000
47, 26, 22, 100.000000
47, 26, 23, 100.000000
47, 26, 24, 100.000000
47, 26, 25, 100.000000
47, 26, 26, 100.000000
47, 26, 27, 100.000000
47, 26, 28, 100.000000
47, 26, 29, 100.000000
47, 26, 30, 100.000000
47, 26, 31, 100.000000
47, 26, 32, 100.000000
47, 26, 33, 100.000000
47, 26, 34, 100.000000
47, 27, 0, 0.407710
47, 27, 1, -0.149487
47, 27, 2, -0.464051
47, 27, 3, -0.402515
47, 27, 4, -0.423193
47, 27, 5, -0.450413
47, 27, 6, -0.461368
47, 27, 7, -0.427078
47, 27, 8, -0.428157
47, 27, 9, -0.383979
47, 27, 10, -0.244357
47, 27, 11, 0.041280
47, 27, 12, 0.431177
47, 27, 13, 0.940592
47, 27, 14, 1.555225
47, 27, 15, 2.466531
47, 27, 16, 100.000000
47, 27, 17, 100.000000
47, 27, 18, 100.000000
47, 27, 19, 100.000000
47, 27, 20, 100.000000
47, 27, 21, 100.000000
47, 27, 22, 100.000000
47, 27, 23, 100.000000
47, 27, 24, 100.000000
47, 27, 25, 100.000000
47, 27, 26, 100.000000
47, 27, 27, 100.000000
47, 27, 28, 100.000000
47, 27, 29, 100.000000
47, 27, 30, 100.000000
47, 27, 31, 100.000000
47, 27, 32, 100.000000
47, 27, 33, 100.000000
47, 27, 34, 100.000000
47, 28, 0, 0.438815
47, 28, 1, -0.103538
47, 28, 2, -0.427475
47, 28, 3, -0.388209
47, 28, 4, -0.364052
47, 28, 5, -0.368154
47, 28, 6, -0.358696
47, 28, 7, -0.317016
47, 28, 8, -0.288206
47, 28, 9, -0.263129
47, 28, 10, -0.200360
47, 28, 11, 0.038469
47, 28, 12, 0.403698
47, 28, 13, 0.849381
47, 28, 14, 1.417923
47, 28, 15, 2.290392
47, 28, 16, 100.000000
47, 28, 17, 100.000000
47, 28, 18, 100.000000
47, 28, 19, 100.000000
47, 28, 20, 100.000000
47, 28, 21, 100.000000
47, 28, 22, 100.000000
47, 28, 23, 100.000000
47, 28, 24, 100.000000
47, 28, 25, 100.000000
47, 28, 26, 100.000000
47, 28, 27, 100.000000
47, 28, 28, 100.000000
47, 28, 29, 100.000000
47, 28, 30, 100.000000
47, 28, 31, 100.000000
47, 28, 32, 100.000000
47, 28, 33, 100.000000
47, 28, 34, 100.000000
47, 29, 0, 0.514558
47, 29, 1, 0.062813
47, 29, 2, -0.092248
47, 29, 3, -0.071405
47, 29, 4, -0.060514
47, 29, 5, -0.075819
47, 29, 6, -0.070286
47, 29, 7, -0.047275
47, 29, 8, -0.023948
47, 29, 9, -0.008885
47, 29, 10, 0.014683
47, 29, 11, 0.157337
47, 29, 12, 0.447654
47, 29, 13, 0.831649
47, 29, 14, 1.390939
47, 29, 15, 2.354526
47, 29, 16, 100.000000
47, 29, 17, 100.000000
47, 29, 18, 100.000000
47, 29, 19, 100.000000
47, 29, 20, 100.000000
47, 29, 21, 100.000000
47, 29, 22, 100.000000
47, 29, 23, 100.000000
47, 29, 24, 100.000000
47, 29, 25, 100.000000
47, 29, 26, 100.000000
47, 29, 27, 100.000000
47, 29, 28, 100.000000
47, 29, 29, 100.000000
47, 29, 30, 100.000000
47, 29, 31, 100.000000
47, 29, 32, 100.000000
47, 29, 33, 100.000000
47, 29, 34, 100.000000
48, 0, 0, 0.736152
48, 0, 1, 0.472997
48, 0, 2, 0.436090
48, 0, 3, 0.420499
48, 0, 4, 0.406080
48, 0, 5, 0.387911
48, 0, 6, 0.402421
48, 0, 7, 0.434794
48, 0, 8, 0.445389
48, 0, 9, 0.442171
48, 0, 10, 0.462695
48, 0, 11, 0.517547
48, 0, 12, 0.788165
48, 0, 13, 1.315851
48, 0, 14, 2.048072
48, 0, 15, 100.000000
48, 0, 16, 100.000000
48, 0, 17, 100.000000
48, 0, 18, 100.000000
48, 0, 19, 100.000000
48, 0, 20, 100.000000
48, 0, 21, 100.000000
48, 0, 22, 100.000000
48, 0, 23, 100.000000
48, 0, 24, 100.000000
48, 0, 25, 100.000000
48, 0, 26, 100.000000
48, 0, 27, 100.000000
48, 0, 28, 100.000000
48, 0, 29, 100.000000
48, 0, 30, 100.000000
48, 0, 31, 100.000000
48, 0, 32, 100.000000
48, 0, 33, 100.000000
48, 0, 34, 100.000000
48, 1, 0, 0.469423
48, 1, 1, 0.007856
48, 1, 2, -0.115735
48, 1, 3, -0.113909
48, 1, 4, -0.128198
48, 1, 5, -0.145066
48, 1, 6, -0.147616
48, 1, 7, -0.126551
48, 1, 8, -0.081408
48, 1, 9, -0.040504
48, 1, 10, -0.012941
48, 1, 11, 0.122939
48, 1, 12, 0.532661
48, 1, 13, 1.194665
48, 1, 14, 1.960561
48, 1, 15, 100.000000
48, 1, 16, 100.000000
48, 1, 17, 100.000000
48, 1, 18, 100.000000
48, 1, 19, 100.000000
48, 1, 20, 100.000000
48, 1, 21, 100.000000
48, 1, 22, 100.000000
48, 1, 23, 100.000000
48, 1, 24, 100.000000
48, 1, 25, 100.000000
48, 1, 26, 100.000000
48, 1, 27, 100.000000
48, 1, 28, 100.000000
48, 1, 29, 100.000000
48, 1, 30, 100.000000
48, 1, 31, 100.000000
48, 1, 32, 100.000000
48, 1, 33, 100.000000
48, 1, 34, 100.000000
48, 2, 0, 0.408208
48, 2, 1, -0.153815
48, 2, 2, -0.459819
48, 2, 3, -0.413165
48, 2, 4, -0.409543
48, 2, 5, -0.434698
48, 2, 6, -0.484039
48, 2, 7, -0.452383
48, 2, 8, -0.350697
48, 2, 9, -0.240998
48, 2, 10, -0.181438
48, 2, 11, 0.012203
48, 2, 12, 0.470205
48, 2, 13, 1.115202
48, 2, 14, 1.877522
48, 2, 15, 100.000000
48, 2, 16, 100.000000
48, 2, 17, 100.000000
48, 2, 18, 100.000000
48, 2, 19, 100.000000
48, 2, 20, 100.000000
48, 2, 21, 100.000000
48, 2, 22, 100.000000
48, 2, 23, 100.000000
48, 2, 24, 100.000000
48, 2, 25, 100.000000
48, 2, 26, 100.000000
48, 2, 27, 100.000000
48, 2, 28, 100.000000
48, 2, 29, 100.000000
48, 2, 30, 100.000000
48, 2, 31, 100.000000
48, 2, 32, 100.000000
48, 2, 33, 100.000000
48, 2, 34, 100.000000
48, 3, 0, 0.388847
48, 3, 1, -0.149272
48, 3, 2, -0.435202
48, 3, 3, -0.412932
48, 3, 4, -0.422478
48, 3, 5, -0.411427
48, 3, 6, -0.419110
48, 3, 7, -0.421365
48, 3, 8, -0.394015
48, 3, 9, -0.297392
48, 3, 10, -0.210494
48, 3, 11, 0.022051
48, 3, 12, 0.454913
48, 3, 13, 1.045135
48, 3, 14, 1.825478
48, 3, 15, 100.000000
48, 3, 16, 100.000000
48, 3, 17, 100.000000
48, 3, 18, 100.000000
48, 3, 19, 100.000000
48, 3, 20, 100.000000
48, 3, 21, 100.000000
48, 3, 22, 100.000000
48, 3, 23, 100.000000
48, 3, 24, 100.000000
48, 3, 25, 100.000000
48, 3, 26, 100.000000
48, 3, 27, 100.000000
48, 3, 28, 100.000000
48, 3, 29, 100.000000
48, 3, 30, 100.000000
48, 3, 31, 100.000000
48, 3, 32, 100.000000
48, 3, 33, 100.000000
48, 3, 34, 100.000000
48, 4, 0, 0.373696
48, 4, 1, -0.144906
48, 4, 2, -0.466749
48, 4, 3, -0.447179
48, 4, 4, -0.439167
48, 4, 5, -0.410188
48, 4, 6, -0.424763
48, 4, 7, -0.477603
48, 4, 8, -0.439166
48, 4, 9, -0.355576
48, 4, 10, -0.256720
48, 4, 11, -0.000647
48, 4, 12, 0.444039
48, 4, 13, 1.045524
48, 4, 14, 1.750929
48, 4, 15, 100.000000
48, 4, 16, 100.000000
48, 4, 17, 100.000000
48, 4, 18, 100.000000
48, 4, 19, 100.000000
48, 4, 20, 100.000000
48, 4, 21, 100.000000
48, 4, 22, 100.000000
48, 4, 23, 100.000000
48, 4, 24, 100.000000
48, 4, 25, 100.000000
48, 4, 26, 100.000000
48, 4, 27, 100.000000
48, 4, 28, 100.000000
48, 4, 29, 100.000000
48, 4, 30, 100.000000
48, 4, 31, 100.000000
48, 4, 32, 100.000000
48, 4, 33, 100.000000
48, 4, 34, 100.000000
48, 5, 0, 0.380010
48, 5, 1, -0.118171
48, 5, 2, -0.440080
48, 5, 3, -0.433073
48, 5, 4, -0.421851
48, 5, 5, -0.391677
48, 5, 6, -0.427653
48, 5, 7, -0.465388
48, 5, 8, -0.429554
48, 5, 9, -0.382130
48, 5, 10, -0.321512
48, 5, 11, -0.056674
48, 5, 12, 0.404880
48, 5, 13, 1.021857
48, 5, 14, 1.707451
48, 5, 15, 100.000000
48, 5, 16, 100.000000
48, 5, 17, 100.000000
48, 5, 18, 100.000000
48, 5, 19, 100.000000
48, 5, 20, 100.000000
48, 5, 21, 100.000000
48, 5, 22, 100.000000
48, 5, 23, 100.000000
48, 5, 24, 100.000000
48, 5, 25, 100.000000
48, 5, 26, 100.000000
48, 5, 27, 100.000000
48, 5, 28, 100.000000
48, 5, 29, 100.000000
48, 5, 30, 100.000000
48, 5, 31, 100.000000
48, 5, 32, 100.000000
48, 5, 33, 100.000000
48, 5, 34, 100.000000
48, 6, 0, 0.395862
48, 6, 1, -0.100801
48, 6, 2, -0.433342
48, 6, 3, -0.422200
48, 6, 4, -0.397281
48, 6, 5, -0.394382
48, 6, 6, -0.450124
48, 6, 7, -0.440998
48, 6, 8, -0.422409
48, 6, 9, -0.421324
48, 6, 10, -0.353540
48, 6, 11, -0.074229
48, 6, 12, 0.416209
48, 6, 13, 1.016531
48, 6, 14, 1.716738
48, 6, 15, 100.000000
48, 6, 16, 100.000000
48, 6, 17, 100.000000
48, 6, 18, 100.000000
48, 6, 19, 100.000000
48, 6, 20, 100.000000
48, 6, 21, 100.000000
48, 6, 22, 100.000000
48, 6, 23, 100.000000
48, 6, 24, 100.000000
48, 6, 25, 100.000000
48, 6, 26, 100.000000
48, 6, 27, 100.000000
48, 6, 28, 100.000000
48, 6, 29, 100.000000
48, 6, 30, 100.000000
48, 6, 31, 100.000000
48, 6, 32, 100.000000
48, 6, 33, 100.000000
48, 6, 34, 100.000000
48, 7, 0, 0.405477
48, 7, 1, -0.095671
48, 7, 2, -0.442188
48, 7, 3, -0.427283
48, 7, 4, -0.411545
48, 7, 5, -0.418461
48, 7, 6, -0.452859
48, 7, 7, -0.422102
48, 7, 8, -0.422838
48, 7, 9, -0.442239
48, 7, 10, -0.339170
48, 7, 11, -0.027094
48, 7, 12, 0.446757
48, 7, 13, 1.046843
48, 7, 14, 1.718628
48, 7, 15, 100.000000
48, 7, 16, 100.000000
48, 7, 17, 100.000000
48, 7, 18, 100.000000
48, 7, 19, 100.000000
48, 7, 20, 100.000000
48, 7, 21, 100.000000
48, 7, 22, 100.000000
48, 7, 23, 100.000000
48, 7, 24, 100.000000
48, 7, 25, 100.000000
48, 7, 26, 100.000000
48, 7, 27, 100.000000
48, 7, 28, 100.000000
48, 7, 29, 100.000000
48, 7, 30, 100.000000
48, 7, 31, 100.000000
48, 7, 32, 100.000000
48, 7, 33, 100.000000
48, 7, 34, 100.000000
48, 8, 0, 0.410364
48, 8, 1, -0.113221
48, 8, 2, -0.458107
48, 8, 3, -0.427473
48, 8, 4, -0.430323
48, 8, 5, -0.425689
48, 8, 6, -0.449202
48, 8, 7, -0.404478
48, 8, 8, -0.400479
48, 8, 9, -0.393664
48, 8, 10, -0.278703
48, 8, 11, 0.007825
48, 8, 12, 0.449615
48, 8, 13, 1.030566
48, 8, 14, 1.600399
48, 8, 15, 100.000000
48, 8, 16, 100.000000
48, 8, 17, 100.000000
48, 8, 18, 100.000000
48, 8, 19, 100.000000
48, 8, 20, 100.000000
48, 8, 21, 100.000000
48, 8, 22, 100.000000
48, 8, 23, 100.000000
48, 8, 24, 100.000000
48, 8, 25, 100.000000
48, 8, 26, 100.000000
48, 8, 27, 100.000000
48, 8, 28, 100.000000
48, 8, 29, 100.000000
48, 8, 30, 100.000000
48, 8, 31, 100.000000
48, 8, 32, 100.000000
48, 8, 33, 100.000000
48, 8, 34, 100.000000
48, 9, 0, 0.415705
48, 9, 1, -0.130058
48, 9, 2, -0.452400
48, 9, 3, -0.411451
48, 9, 4, -0.417759
48, 9, 5, -0.431823
48, 9, 6, -0.455523
48, 9, 7, -0.414316
48, 9, 8, -0.367908
48, 9, 9, -0.344718
48, 9, 10, -0.246088
48, 9, 11, -0.003952
48, 9, 12, 0.433368
48, 9, 13, 1.014170
48, 9, 14, 1.617836
48, 9, 15, 100.000000
48, 9, 16, 100.000000
48, 9, 17, 100.000000
48, 9, 18, 100.000000
48, 9, 19, 100.000000
48, 9, 20, 100.000000
48, 9, 21, 100.000000
48, 9, 22, 100.000000
48, 9, 23, 100.000000
48, 9, 24, 100.000000
48, 9, 25, 100.000000
48, 9, 26, 100.000000
48, 9, 27, 100.000000
48, 9, 28, 100.000000
48, 9, 29, 100.000000
48, 9, 30, 100.000000
48, 9, 31, 100.000000
48, 9, 32, 100.000000
48, 9, 33, 100.000000
48, 9, 34, 100.000000
48, 10, 0, 0.402667
48, 10, 1, -0.141607
48, 10, 2, -0.466544
48, 10, 3, -0.408057
48, 10, 4, -0.425830
48, 10, 5, -0.473890
48, 10, 6, -0.462018
48, 10, 7, -0.422591
48, 10, 8, -0.368764
48, 10, 9, -0.322643
48, 10, 10, -0.230257
48, 10, 11, -0.041610
48, 10, 12, 0.401396
48, 10, 13, 1.004556
48, 10, 14, 1.689580
48, 10, 15, 100.000000
48, 10, 16, 100.000000
48, 10, 17, 100.000000
48, 10, 18, 100.000000
48, 10, 19, 100.000000
48, 10, 20, 100.000000
48, 10, 21, 100.000000
48, 10, 22, 100.000000
48, 10, 23, 100.000000
48, 10, 24, 100.000000
48, 10, 25, 100.000000
48, 10, 26, 100.000000
48, 10, 27, 100.000000
48, 10, 28, 100.000000
48, 10, 29, 100.000000
48, 10, 30, 100.000000
48, 10, 31, 100.000000
48, 10, 32, 100.000000
48, 10, 33, 100.000000
48, 10, 34, 100.000000
48, 11, 0, 0.406350
48, 11, 1, -0.151007
48, 11, 2, -0.459582
48, 11, 3, -0.391362
48, 11, 4, -0.447897
48, 11, 5, -0.467977
48, 11, 6, -0.459449
48, 11, 7, -0.416712
48, 11, 8, -0.374156
48, 11, 9, -0.312499
48, 11, 10, -0.218744
48, 11, 11, -0.047268
48, 11, 12, 0.358409
48, 11, 13, 0.992434
48, 11, 14, 1.790012
48, 11, 15, 100.000000
48, 11, 16, 100.000000
48, 11, 17, 100.000000
48, 11, 18, 100.000000
48, 11, 19, 100.000000
48, 11, 20, 100.000000
48, 11, 21, 100.000000
48, 11, 22, 100.000000
48, 11, 23, 100.000000
48, 11, 24, 100.000000
48, 11, 25, 100.000000
48, 11, 26, 100.000000
48, 11, 27, 100.000000
48, 11, 28, 100.000000
48, 11, 29, 100.000000
48, 11, 30, 100.000000
48, 11, 31, 100.000000
48, 11, 32, 100.000000
48, 11, 33, 100.000000
48, 11, 34, 100.000000
48, 12, 0, 0.407400
48, 12, 1, -0.163076
48, 12, 2, -0.467830
48, 12, 3, -0.392574
48, 12, 4, -0.439778
48, 12, 5, -0.457972
48, 12, 6, -0.461004
48, 12, 7, -0.421759
48, 12, 8, -0.392251
48, 12, 9, -0.324751
48, 12, 10, -0.215323
48, 12, 11, -0.031712
48, 12, 12, 0.351603
48, 12, 13, 0.959150
48, 12, 14, 1.694521
48, 12, 15, 100.000000
48, 12, 16, 100.000000
48, 12, 17, 100.000000
48, 12, 18, 100.000000
48, 12, 19, 100.000000
48, 12, 20, 100.000000
48, 12, 21, 100.000000
48, 12, 22, 100.000000
48, 12, 23, 100.000000
48, 12, 24, 100.000000
48, 12, 25, 100.000000
48, 12, 26, 100.000000
48, 12, 27, 100.000000
48, 12, 28, 100.000000
48, 12, 29, 100.000000
48, 12, 30, 100.000000
48, 12, 31, 100.000000
48, 12, 32, 100.000000
48, 12, 33, 100.000000
48, 12, 34, 100.000000
48, 13, 0, 0.403487
48, 13, 1, -0.154380
48, 13, 2, -0.496687
48, 13, 3, -0.410001
48, 13, 4, -0.439838
48, 13, 5, -0.458721
48, 13, 6, -0.460600
48, 13, 7, -0.432749
48, 13, 8, -0.392715
48, 13, 9, -0.339325
48, 13, 10, -0.228508
48, 13, 11, -0.009964
48, 13, 12, 0.373502
48, 13, 13, 0.900360
48, 13, 14, 1.477828
48, 13, 15, 2.253267
48, 13, 16, 100.000000
48, 13, 17, 100.000000
48, 13, 18, 100.000000
48, 13, 19, 100.000000
48, 13, 20, 100.000000
48, 13, 21, 100.000000
48, 13, 22, 100.000000
48, 13, 23, 100.000000
48, 13, 24, 100.000000
48, 13, 25, 100.000000
48, 13, 26, 100.000000
48, 13, 27, 100.000000
48, 13, 28, 100.000000
48, 13, 29, 100.000000
48, 13, 30, 100.000000
48, 13, 31, 100.000000
48, 13, 32, 100.000000
48, 13, 33, 100.000000
48, 13, 34, 100.000000
48, 14, 0, 0.405646
48, 14, 1, -0.136430
48, 14, 2, -0.474127
48, 14, 3, -0.428282
48, 14, 4, -0.464219
48, 14, 5, -0.483872
48, 14, 6, -0.473219
48, 14, 7, -0.440467
48, 14, 8, -0.410877
48, 14, 9, -0.366172
48, 14, 10, -0.251039
48, 14, 11, -0.012724
48, 14, 12, 0.404335
48, 14, 13, 0.894917
48, 14, 14, 1.452384
48, 14, 15, 2.189533
48, 14, 16, 100.000000
48, 14, 17, 100.000000
48, 14, 18, 100.000000
48, 14, 19, 100.000000
48, 14, 20, 100.000000
48, 14, 21, 100.000000
48, 14, 22, 100.000000
48, 14, 23, 100.000000
48, 14, 24, 100.000000
48, 14, 25, 100.000000
48, 14, 26, 100.000000
48, 14, 27, 100.000000
48, 14, 28, 100.000000
48, 14, 29, 100.000000
48, 14, 30, 100.000000
48, 14, 31, 100.000000
48, 14, 32, 100.000000
48, 14, 33, 100.000000
48, 14, 34, 100.000000
48, 15, 0, 0.406029
48, 15, 1, -0.144717
48, 15, 2, -0.471793
48, 15, 3, -0.404890
48, 15, 4, -0.455084
48, 15, 5, -0.477548
48, 15, 6, -0.450627
48, 15, 7, -0.416484
48, 15, 8, -0.417488
48, 15, 9, -0.380854
48, 15, 10, -0.260834
48, 15, 11, -0.003845
48, 15, 12, 0.436023
48, 15, 13, 0.896919
48, 15, 14, 1.413379
48, 15, 15, 2.298149
48, 15, 16, 100.000000
48, 15, 17, 100.000000
48, 15, 18, 100.000000
48, 15, 19, 100.000000
48, 15, 20, 100.000000
48, 15, 21, 100.000000
48, 15, 22, 100.000000
48, 15, 23, 100.000000
48, 15, 24, 100.000000
48, 15, 25, 100.000000
48, 15, 26, 100.000000
48, 15, 27, 100.000000
48, 15, 28, 100.000000
48, 15, 29, 100.000000
48, 15, 30, 100.000000
48, 15, 31, 100.000000
48, 15, 32, 100.000000
48, 15, 33, 100.000000
48, 15, 34, 100.000000
48, 16, 0, 0.405114
48, 16, 1, -0.169344
48, 16, 2, -0.448329
48, 16, 3, -0.415384
48, 16, 4, -0.475418
48, 16, 5, -0.460674
48, 16, 6, -0.439550
48, 16, 7, -0.431077
48, 16, 8, -0.430406
48, 16, 9, -0.366308
48, 16, 10, -0.232705
48, 16, 11, 0.023647
48, 16, 12, 0.458496
48, 16, 13, 0.937373
48, 16, 14, 1.211106
48, 16, 15, 2.052490
48, 16, 16, 100.000000
48, 16, 17, 100.000000
48, 16, 18, 100.000000
48, 16, 19, 100.000000
48, 16, 20, 100.000000
48, 16, 21, 100.000000
48, 16, 22, 100.000000
48, 16, 23, 100.000000
48, 16, 24, 100.000000
48, 16, 25, 100.000000
48, 16, 26, 100.000000
48, 16, 27, 100.000000
48, 16, 28, 100.000000
48, 16, 29, 100.000000
48, 16, 30, 100.000000
48, 16, 31, 100.000000
48, 16, 32, 100.000000
48, 16, 33, 100.000000
48, 16, 34, 100.000000
48, 17, 0, 0.383347
48, 17, 1, -0.179715
48, 17, 2, -0.470783
48, 17, 3, -0.439491
48, 17, 4, -0.462969
48, 17, 5, -0.489912
48, 17, 6, -0.467882
48, 17, 7, -0.444388
48, 17, 8, -0.407824
48, 17, 9, -0.333624
48, 17, 10, -0.211135
48, 17, 11, 0.043494
48, 17, 12, 0.476960
48, 17, 13, 1.015307
48, 17, 14, 1.319692
48, 17, 15, 2.182544
48, 17, 16, 100.000000
48, 17, 17, 100.000000
48, 17, 18, 100.000000
48, 17, 19, 100.000000
48, 17, 20, 100.000000
48, 17, 21, 100.000000
48, 17, 22, 100.000000
48, 17, 23, 100.000000
48, 17, 24, 100.000000
48, 17, 25, 100.000000
48, 17, 26, 100.000000
48, 17, 27, 100.000000
48, 17, 28, 100.000000
48, 17, 29, 100.000000
48, 17, 30, 100.000000
48, 17, 31, 100.000000
48, 17, 32, 100.000000
48, 17, 33, 100.000000
48, 17, 34, 100.000000
48, 18, 0, 0.361661
48, 18, 1, -0.178603
48, 18, 2, -0.466031
48, 18, 3, -0.432517
48, 18, 4, -0.442331
48, 18, 5, -0.472990
48, 18, 6, -0.476322
48, 18, 7, -0.446924
48, 18, 8, -0.380475
48, 18, 9, -0.290929
48, 18, 10, -0.187036
48, 18, 11, 0.055773
48, 18, 12, 0.470149
48, 18, 13, 1.018946
48, 18, 14, 1.650948
48, 18, 15, 100.000000
48, 18, 16, 100.000000
48, 18, 17, 100.000000
48, 18, 18, 100.000000
48, 18, 19, 100.000000
48, 18, 20, 100.000000
48, 18, 21, 100.000000
48, 18, 22, 100.000000
48, 18, 23, 100.000000
48, 18, 24, 100.000000
48, 18, 25, 100.000000
48, 18, 26, 100.000000
48, 18, 27, 100.000000
48, 18, 28, 100.000000
48, 18, 29, 100.000000
48, 18, 30, 100.000000
48, 18, 31, 100.000000
48, 18, 32, 100.000000
48, 18, 33, 100.000000
48, 18, 34, 100.000000
48, 19, 0, 0.358502
48, 19, 1, -0.164822
48, 19, 2, -0.451606
48, 19, 3, -0.449517
48, 19, 4, -0.437005
48, 19, 5, -0.457619
48, 19, 6, -0.469254
48, 19, 7, -0.455139
48, 19, 8, -0.386925
48, 19, 9, -0.270202
48, 19, 10, -0.140625
48, 19, 11, 0.058075
48, 19, 12, 0.422070
48, 19, 13, 0.990283
48, 19, 14, 1.743623
48, 19, 15, 100.000000
48, 19, 16, 100.000000
48, 19, 17, 100.000000
48, 19, 18, 100.000000
48, 19, 19, 100.000000
48, 19, 20, 100.000000
48, 19, 21, 100.000000
48, 19, 22, 100.000000
48, 19, 23, 100.000000
48, 19, 24, 100.000000
48, 19, 25, 100.000000
48, 19, 26, 100.000000
48, 19, 27, 100.000000
48, 19, 28, 100.000000
48, 19, 29, 100.000000
48, 19, 30, 100.000000
48, 19, 31, 100.000000
48, 19, 32, 100.000000
48, 19, 33, 100.000000
48, 19, 34, 100.000000
48, 20, 0, 0.382828
48, 20, 1, -0.156084
48, 20, 2, -0.470302
48, 20, 3, -0.440874
48, 20, 4, -0.455668
48, 20, 5, -0.456402
48, 20, 6, -0.456477
48, 20, 7, -0.446359
48, 20, 8, -0.384996
48, 20, 9, -0.256159
48, 20, 10, -0.120482
48, 20, 11, 0.066904
48, 20, 12, 0.416994
48, 20, 13, 0.983800
48, 20, 14, 1.741987
48, 20, 15, 100.000000
48, 20, 16, 100.000000
48, 20, 17, 100.000000
48, 20, 18, 100.000000
48, 20, 19, 100.000000
48, 20, 20, 100.000000
48, 20, 21, 100.000000
48, 20, 22, 100.000000
48, 20, 23, 100.000000
48, 20, 24, 100.000000
48, 20, 25, 100.000000
48, 20, 26, 100.000000
48, 20, 27, 100.000000
48, 20, 28, 100.000000
48, 20, 29, 100.000000
48, 20, 30, 100.000000
48, 20, 31, 100.000000
48, 20, 32, 100.000000
48, 20, 33, 100.000000
48, 20, 34, 100.000000
48, 21, 0, 0.402097
48, 21, 1, -0.155345
48, 21, 2, -0.487088
48, 21, 3, -0.416272
48, 21, 4, -0.472685
48, 21, 5, -0.486467
48, 21, 6, -0.468194
48, 21, 7, -0.473351
48, 21, 8, -0.419775
48, 21, 9, -0.277518
48, 21, 10, -0.135593
48, 21, 11, 0.047871
48, 21, 12, 0.437440
48, 21, 13, 1.002653
48, 21, 14, 1.698894
48, 21, 15, 100.000000
48, 21, 16, 100.000000
48, 21, 17, 100.000000
48, 21, 18, 100.000000
48, 21, 19, 100.000000
48, 21, 20, 100.000000
48, 21, 21, 100.000000
48, 21, 22, 100.000000
48, 21, 23, 100.000000
48, 21, 24, 100.000000
48, 21, 25, 100.000000
48, 21, 26, 100.000000
48, 21, 27, 100.000000
48, 21, 28, 100.000000
48, 21, 29, 100.000000
48, 21, 30, 100.000000
48, 21, 31, 100.000000
48, 21, 32, 100.000000
48, 21, 33, 100.000000
48, 21, 34, 100.000000
48, 22, 0, 0.401730
48, 22, 1, -0.159285
48, 22, 2, -0.465878
48, 22, 3, -0.409265
48, 22, 4, -0.472166
48, 22, 5, -0.474881
48, 22, 6, -0.461878
48, 22, 7, -0.474002
48, 22, 8, -0.442996
48, 22, 9, -0.315152
48, 22, 10, -0.167868
48, 22, 11, 0.033119
48, 22, 12, 0.421680
48, 22, 13, 0.952580
48, 22, 14, 1.544637
48, 22, 15, 2.445529
48, 22, 16, 100.000000
48, 22, 17, 100.000000
48, 22, 18, 100.000000
48, 22, 19, 100.000000
48, 22, 20, 100.000000
48, 22, 21, 100.000000
48, 22, 22, 100.000000
48, 22, 23, 100.000000
48, 22, 24, 100.000000
48, 22, 25, 100.000000
48, 22, 26, 100.000000
48, 22, 27, 100.000000
48, 22, 28, 100.000000
48, 22, 29, 100.000000
48, 22, 30, 100.000000
48, 22, 31, 100.000000
48, 22, 32, 100.000000
48, 22, 33, 100.000000
48, 22, 34, 100.000000
48, 23, 0, 0.387652
48, 23, 1, -0.169760
48, 23, 2, -0.456246
48, 23, 3, -0.409994
48, 23, 4, -0.475739
48, 23, 5, -0.463279
48, 23, 6, -0.444281
48, 23, 7, -0.464593
48, 23, 8, -0.471324
48, 23, 9, -0.356138
48, 23, 10, -0.174481
48, 23, 11, 0.048925
48, 23, 12, 0.447814
48, 23, 13, 0.972765
48, 23, 14, 1.458467
48, 23, 15, 2.332362
48, 23, 16, 100.000000
48, 23, 17, 100.000000
48, 23, 18, 100.000000
48, 23, 19, 100.000000
48, 23, 20, 100.000000
48, 23, 21, 100.000000
48, 23, 22, 100.000000
48, 23, 23, 100.000000
48, 23, 24, 100.000000
48, 23, 25, 100.000000
48, 23, 26, 100.000000
48, 23, 27, 100.000000
48, 23, 28, 100.000000
48, 23, 29, 100.000000
48, 23, 30, 100.000000
48, 23, 31, 100.000000
48, 23, 32, 100.000000
48, 23, 33, 100.000000
48, 23, 34, 100.000000
48, 24, 0, 0.375923
48, 24, 1, -0.165744
48, 24, 2, -0.452198
48, 24, 3, -0.421104
48, 24, 4, -0.465847
48, 24, 5, -0.463830
48, 24, 6, -0.471182
48, 24, 7, -0.457669
48, 24, 8, -0.471630
48, 24, 9, -0.386960
48, 24, 10, -0.207803
48, 24, 11, 0.060945
48, 24, 12, 0.497380
48, 24, 13, 1.033714
48, 24, 14, 1.495498
48, 24, 15, 2.477494
48, 24, 16, 100.000000
48, 24, 17, 100.000000
48, 24, 18, 100.000000
48, 24, 19, 100.000000
48, 24, 20, 100.000000
48, 24, 21, 100.000000
48, 24, 22, 100.000000
48, 24, 23, 100.000000
48, 24, 24, 100.000000
48, 24, 25, 100.000000
48, 24, 26, 100.000000
48, 24, 27, 100.000000
48, 24, 28, 100.000000
48, 24, 29, 100.000000
48, 24, 30, 100.000000
48, 24, 31, 100.000000
48, 24, 32, 100.000000
48, 24, 33, 100.000000
48, 24, 34, 100.000000
48, 25, 0, 0.388723
48, 25, 1, -0.156126
48, 25, 2, -0.464269
48, 25, 3, -0.437133
48, 25, 4, -0.468711
48, 25, 5, -0.477490
48, 25, 6, -0.471747
48, 25, 7, -0.451044
48, 25, 8, -0.456166
48, 25, 9, -0.389241
48, 25, 10, -0.252581
48, 25, 11, 0.026128
48, 25, 12, 0.458927
48, 25, 13, 1.020105
48, 25, 14, 1.601268
48, 25, 15, 2.477711
48, 25, 16, 100.000000
48, 25, 17, 100.000000
48, 25, 18, 100.000000
48, 25, 19, 100.000000
48, 25, 20, 100.000000
48, 25, 21, 100.000000
48, 25, 22, 100.000000
48, 25, 23, 100.000000
48, 25, 24, 100.000000
48, 25, 25, 100.000000
48, 25, 26, 100.000000
48, 25, 27, 100.000000
48, 25, 28, 100.000000
48, 25, 29, 100.000000
48, 25, 30, 100.000000
48, 25, 31, 100.000000
48, 25, 32, 100.000000
48, 25, 33, 100.000000
48, 25, 34, 100.000000
48, 26, 0, 0.407196
48, 26, 1, -0.148205
48, 26, 2, -0.450829
48, 26, 3, -0.430565
48, 26, 4, -0.484959
48, 26, 5, -0.470174
48, 26, 6, -0.464896
48, 26, 7, -0.462765
48, 26, 8, -0.484881
48, 26, 9, -0.386242
48, 26, 10, -0.270657
48, 26, 11, -0.006438
48, 26, 12, 0.382323
48, 26, 13, 0.913993
48, 26, 14, 1.576745
48, 26, 15, 2.449795
48, 26, 16, 100.000000
48, 26, 17, 100.000000
48, 26, 18, 100.000000
48, 26, 19, 100.000000
48, 26, 20, 100.000000
48, 26, 21, 100.000000
48, 26, 22, 100.000000
48, 26, 23, 100.000000
48, 26, 24, 100.000000
48, 26, 25, 100.000000
48, 26, 26, 100.000000
48, 26, 27, 100.000000
48, 26, 28, 100.000000
48, 26, 29, 100.000000
48, 26, 30, 100.000000
48, 26, 31, 100.000000
48, 26, 32, 100.000000
48, 26, 33, 100.000000
48, 26, 34, 100.000000
48, 27, 0, 0.416308
48, 27, 1, -0.130951
48, 27, 2, -0.442358
48, 27, 3, -0.404147
48, 27, 4, -0.441789
48, 27, 5, -0.421291
48, 27, 6, -0.411399
48, 27, 7, -0.404900
48, 27, 8, -0.405087
48, 27, 9, -0.365495
48, 27, 10, -0.237755
48, 27, 11, 0.009465
48, 27, 12, 0.367507
48, 27, 13, 0.892593
48, 27, 14, 1.590022
48, 27, 15, 100.000000
48, 27, 16, 100.000000
48, 27, 17, 100.000000
48, 27, 18, 100.000000
48, 27, 19, 100.000000
48, 27, 20, 100.000000
48, 27, 21, 100.000000
48, 27, 22, 100.000000
48, 27, 23, 100.000000
48, 27, 24, 100.000000
48, 27, 25, 100.000000
48, 27, 26, 100.000000
48, 27, 27, 100.000000
48, 27, 28, 100.000000
48, 27, 29, 100.000000
48, 27, 30, 100.000000
48, 27, 31, 100.000000
48, 27, 32, 100.000000
48, 27, 33, 100.000000
48, 27, 34, 100.000000
48, 28, 0, 0.440843
48, 28, 1, -0.110454
48, 28, 2, -0.436631
48, 28, 3, -0.373475
48, 28, 4, -0.347410
48, 28, 5, -0.327354
48, 28, 6, -0.329284
48, 28, 7, -0.318986
48, 28, 8, -0.291516
48, 28, 9, -0.247664
48, 28, 10, -0.165852
48, 28, 11, 0.031937
48, 28, 12, 0.411110
48, 28, 13, 0.874349
48, 28, 14, 1.516730
48, 28, 15, 2.446640
48, 28, 16, 100.000000
48, 28, 17, 100.000000
48, 28, 18, 100.000000
48, 28, 19, 100.000000
48, 28, 20, 100.000000
48, 28, 21, 100.000000
48, 28, 22, 100.000000
48, 28, 23, 100.000000
48, 28, 24, 100.000000
48, 28, 25, 100.000000
48, 28, 26, 100.000000
48, 28, 27, 100.000000
48, 28, 28, 100.000000
48, 28, 29, 100.000000
48, 28, 30, 100.000000
48, 28, 31, 100.000000
48, 28, 32, 100.000000
48, 28, 33, 100.000000
48, 28, 34, 100.000000
48, 29, 0, 0.526543
48, 29, 1, 0.045497
48, 29, 2, -0.097400
48, 29, 3, -0.067850
48, 29, 4, -0.061300
48, 29, 5, -0.062121
48, 29, 6, -0.063353
48, 29, 7, -0.057483
48, 29, 8, -0.033872
48, 29, 9, 0.002348
48, 29, 10, 0.030675
48, 29, 11, 0.159831
48, 29, 12, 0.484228
48, 29, 13, 0.893545
48, 29, 14, 1.455173
48, 29, 15, 2.390709
48, 29, 16, 100.000000
48, 29, 17, 100.000000
48, 29, 18, 100.000000
48, 29, 19, 100.000000
48, 29, 20, 100.000000
48, 29, 21, 100.000000
48, 29, 22, 100.000000
48, 29, 23, 100.000000
48, 29, 24, 100.000000
48, 29, 25, 100.000000
48, 29, 26, 100.000000
48, 29, 27, 100.000000
48, 29, 28, 100.000000
48, 29, 29, 100.000000
48, 29, 30, 100.000000
48, 29, 31, 100.000000
48, 29, 32, 100.000000
48, 29, 33, 100.000000
48, 29, 34, 100.000000
49, 0, 0, 0.712877
49, 0, 1, 0.434849
49, 0, 2, 0.414533
49, 0, 3, 0.430796
49, 0, 4, 0.402502
49, 0, 5, 0.374944
49, 0, 6, 0.381948
49, 0, 7, 0.408266
49, 0, 8, 0.421152
49, 0, 9, 0.422542
49, 0, 10, 0.464876
49, 0, 11, 0.564226
49, 0, 12, 0.826219
49, 0, 13, 1.234186
49, 0, 14, 1.874776
49, 0, 15, 100.000000
49, 0, 16, 100.000000
49, 0, 17, 100.000000
49, 0, 18, 100.000000
49, 0, 19, 100.000000
49, 0, 20, 100.000000
49, 0, 21, 100.000000
49, 0, 22, 100.000000
49, 0, 23, 100.000000
49, 0, 24, 100.000000
49, 0, 25, 100.000000
49, 0, 26, 100.000000
49, 0, 27, 100.000000
49, 0, 28, 100.000000
49, 0, 29, 100.000000
49, 0, 30, 100.000000
49, 0, 31, 100.000000
49, 0, 32, 100.000000
49, 0, 33, 100.000000
49, 0, 34, 100.000000
49, 1, 0, 0.470742
49, 1, 1, 0.011882
49, 1, 2, -0.111974
49, 1, 3, -0.089516
49, 1, 4, -0.115164
49, 1, 5, -0.152628
49, 1, 6, -0.150053
49, 1, 7, -0.122754
49, 1, 8, -0.093308
49, 1, 9, -0.075285
49, 1, 10, -0.029808
49, 1, 11, 0.108183
49, 1, 12, 0.528111
49, 1, 13, 1.111428
49, 1, 14, 1.784000
49, 1, 15, 100.000000
49, 1, 16, 100.000000
49, 1, 17, 100.000000
49, 1, 18, 100.000000
49, 1, 19, 100.000000
49, 1, 20, 100.000000
49, 1, 21, 100.000000
49, 1, 22, 100.000000
49, 1, 23, 100.000000
49, 1, 24, 100.000000
49, 1, 25, 100.000000
49, 1, 26, 100.000000
49, 1, 27, 100.000000
49, 1, 28, 100.000000
49, 1, 29, 100.000000
49, 1, 30, 100.000000
49, 1, 31, 100.000000
49, 1, 32, 100.000000
49, 1, 33, 100.000000
49, 1, 34, 100.000000
49, 2, 0, 0.407267
49, 2, 1, -0.146106
49, 2, 2, -0.453021
49, 2, 3, -0.383699
49, 2, 4, -0.409658
49, 2, 5, -0.452892
49, 2, 6, -0.472285
49, 2, 7, -0.426886
49, 2, 8, -0.337218
49, 2, 9, -0.264782
49, 2, 10, -0.211443
49, 2, 11, -0.016287
49, 2, 12, 0.448944
49, 2, 13, 1.130330
49, 2, 14, 1.834116
49, 2, 15, 100.000000
49, 2, 16, 100.000000
49, 2, 17, 100.000000
49, 2, 18, 100.000000
49, 2, 19, 100.000000
49, 2, 20, 100.000000
49, 2, 21, 100.000000
49, 2, 22, 100.000000
49, 2, 23, 100.000000
49, 2, 24, 100.000000
49, 2, 25, 100.000000
49, 2, 26, 100.000000
49, 2, 27, 100.000000
49, 2, 28, 100.000000
49, 2, 29, 100.000000
49, 2, 30, 100.000000
49, 2, 31, 100.000000
49, 2, 32, 100.000000
49, 2, 33, 100.000000
49, 2, 34, 100.000000
49, 3, 0, 0.390728
49, 3, 1, -0.156652
49, 3, 2, -0.429159
49, 3, 3, -0.392127
49, 3, 4, -0.415916
49, 3, 5, -0.431689
49, 3, 6, -0.429330
49, 3, 7, -0.424488
49, 3, 8, -0.377495
49, 3, 9, -0.296919
49, 3, 10, -0.224516
49, 3, 11, -0.016627
49, 3, 12, 0.424796
49, 3, 13, 1.054724
49, 3, 14, 1.778656
49, 3, 15, 100.000000
49, 3, 16, 100.000000
49, 3, 17, 100.000000
49, 3, 18, 100.000000
49, 3, 19, 100.000000
49, 3, 20, 100.000000
49, 3, 21, 100.000000
49, 3, 22, 100.000000
49, 3, 23, 100.000000
49, 3, 24, 100.000000
49, 3, 25, 100.000000
49, 3, 26, 100.000000
49, 3, 27, 100.000000
49, 3, 28, 100.000000
49, 3, 29, 100.000000
49, 3, 30, 100.000000
49, 3, 31, 100.000000
49, 3, 32, 100.000000
49, 3, 33, 100.000000
49, 3, 34, 100.000000
49, 4, 0, 0.379749
49, 4, 1, -0.153311
49, 4, 2, -0.475774
49, 4, 3, -0.421394
49, 4, 4, -0.431692
49, 4, 5, -0.429759
49, 4, 6, -0.450672
49, 4, 7, -0.447922
49, 4, 8, -0.416467
49, 4, 9, -0.358189
49, 4, 10, -0.275716
49, 4, 11, -0.026454
49, 4, 12, 0.410879
49, 4, 13, 0.985034
49, 4, 14, 1.612679
49, 4, 15, 2.441739
49, 4, 16, 100.000000
49, 4, 17, 100.000000
49, 4, 18, 100.000000
49, 4, 19, 100.000000
49, 4, 20, 100.000000
49, 4, 21, 100.000000
49, 4, 22, 100.000000
49, 4, 23, 100.000000
49, 4, 24, 100.000000
49, 4, 25, 100.000000
49, 4, 26, 100.000000
49, 4, 27, 100.000000
49, 4, 28, 100.000000
49, 4, 29, 100.000000
49, 4, 30, 100.000000
49, 4, 31, 100.000000
49, 4, 32, 100.000000
49, 4, 33, 100.000000
49, 4, 34, 100.000000
49, 5, 0, 0.387904
49, 5, 1, -0.115531
49, 5, 2, -0.442352
49, 5, 3, -0.412990
49, 5, 4, -0.413693
49, 5, 5, -0.400607
49, 5, 6, -0.423867
49, 5, 7, -0.458349
49, 5, 8, -0.427327
49, 5, 9, -0.405179
49, 5, 10, -0.363717
49, 5, 11, -0.096400
49, 5, 12, 0.365113
49, 5, 13, 0.950073
49, 5, 14, 1.605499
49, 5, 15, 2.431934
49, 5, 16, 100.000000
49, 5, 17, 100.000000
49, 5, 18, 100.000000
49, 5, 19, 100.000000
49, 5, 20, 100.000000
49, 5, 21, 100.000000
49, 5, 22, 100.000000
49, 5, 23, 100.000000
49, 5, 24, 100.000000
49, 5, 25, 100.000000
49, 5, 26, 100.000000
49, 5, 27, 100.000000
49, 5, 28, 100.000000
49, 5, 29, 100.000000
49, 5, 30, 100.000000
49, 5, 31, 100.000000
49, 5, 32, 100.000000
49, 5, 33, 100.000000
49, 5, 34, 100.000000
49, 6, 0, 0.402541
49, 6, 1, -0.089949
49, 6, 2, -0.432790
49, 6, 3, -0.441611
49, 6, 4, -0.409747
49, 6, 5, -0.394620
49, 6, 6, -0.423071
49, 6, 7, -0.452339
49, 6, 8, -0.427705
49, 6, 9, -0.425534
49, 6, 10, -0.387321
49, 6, 11, -0.131025
49, 6, 12, 0.360811
49, 6, 13, 0.958509
49, 6, 14, 1.595475
49, 6, 15, 100.000000
49, 6, 16, 100.000000
49, 6, 17, 100.000000
49, 6, 18, 100.000000
49, 6, 19, 100.000000
49, 6, 20, 100.000000
49, 6, 21, 100.000000
49, 6, 22, 100.000000
49, 6, 23, 100.000000
49, 6, 24, 100.000000
49, 6, 25, 100.000000
49, 6, 26, 100.000000
49, 6, 27, 100.000000
49, 6, 28, 100.000000
49, 6, 29, 100.000000
49, 6, 30, 100.000000
49, 6, 31, 100.000000
49, 6, 32, 100.000000
49, 6, 33, 100.000000
49, 6, 34, 100.000000
49, 7, 0, 0.407916
49, 7, 1, -0.086008
49, 7, 2, -0.422148
49, 7, 3, -0.430643
49, 7, 4, -0.399104
49, 7, 5, -0.397364
49, 7, 6, -0.442990
49, 7, 7, -0.451500
49, 7, 8, -0.424510
49, 7, 9, -0.424296
49, 7, 10, -0.363617
49, 7, 11, -0.080352
49, 7, 12, 0.389378
49, 7, 13, 0.975439
49, 7, 14, 1.582393
49, 7, 15, 100.000000
49, 7, 16, 100.000000
49, 7, 17, 100.000000
49, 7, 18, 100.000000
49, 7, 19, 100.000000
49, 7, 20, 100.000000
49, 7, 21, 100.000000
49, 7, 22, 100.000000
49, 7, 23, 100.000000
49, 7, 24, 100.000000
49, 7, 25, 100.000000
49, 7, 26, 100.000000
49, 7, 27, 100.000000
49, 7, 28, 100.000000
49, 7, 29, 100.000000
49, 7, 30, 100.000000
49, 7, 31, 100.000000
49, 7, 32, 100.000000
49, 7, 33, 100.000000
49, 7, 34, 100.000000
49, 8, 0, 0.414040
49, 8, 1, -0.108737
49, 8, 2, -0.445738
49, 8, 3, -0.416200
49, 8, 4, -0.403091
49, 8, 5, -0.400821
49, 8, 6, -0.449272
49, 8, 7, -0.449550
49, 8, 8, -0.422628
49, 8, 9, -0.402723
49, 8, 10, -0.305365
49, 8, 11, -0.043549
49, 8, 12, 0.377478
49, 8, 13, 0.956414
49, 8, 14, 1.612263
49, 8, 15, 2.454283
49, 8, 16, 100.000000
49, 8, 17, 100.000000
49, 8, 18, 100.000000
49, 8, 19, 100.000000
49, 8, 20, 100.000000
49, 8, 21, 100.000000
49, 8, 22, 100.000000
49, 8, 23, 100.000000
49, 8, 24, 100.000000
49, 8, 25, 100.000000
49, 8, 26, 100.000000
49, 8, 27, 100.000000
49, 8, 28, 100.000000
49, 8, 29, 100.000000
49, 8, 30, 100.000000
49, 8, 31, 100.000000
49, 8, 32, 100.000000
49, 8, 33, 100.000000
49, 8, 34, 100.000000
49, 9, 0, 0.408004
49, 9, 1, -0.139630
49, 9, 2, -0.465288
49, 9, 3, -0.407923
49, 9, 4, -0.415715
49, 9, 5, -0.413156
49, 9, 6, -0.438564
49, 9, 7, -0.447859
49, 9, 8, -0.421677
49, 9, 9, -0.366404
49, 9, 10, -0.269240
49, 9, 11, -0.048153
49, 9, 12, 0.336453
49, 9, 13, 0.943793
49, 9, 14, 1.661958
49, 9, 15, 100.000000
49, 9, 16, 100.000000
49, 9, 17, 100.000000
49, 9, 18, 100.000000
49, 9, 19, 100.000000
49, 9, 20, 100.000000
49, 9, 21, 100.000000
49, 9, 22, 100.000000
49, 9, 23, 100.000000
49, 9, 24, 100.000000
49, 9, 25, 100.000000
49, 9, 26, 100.000000
49, 9, 27, 100.000000
49, 9, 28, 100.000000
49, 9, 29, 100.000000
49, 9, 30, 100.000000
49, 9, 31, 100.000000
49, 9, 32, 100.000000
49, 9, 33, 100.000000
49, 9, 34, 100.000000
49, 10, 0, 0.384731
49, 10, 1, -0.165013
49, 10, 2, -0.491975
49, 10, 3, -0.419854
49, 10, 4, -0.438583
49, 10, 5, -0.451136
49, 10, 6, -0.434170
49, 10, 7, -0.434570
49, 10, 8, -0.403446
49, 10, 9, -0.348732
49, 10, 10, -0.263829
49, 10, 11, -0.076639
49, 10, 12, 0.296062
49, 10, 13, 0.896421
49, 10, 14, 1.632265
49, 10, 15, 2.485134
49, 10, 16, 100.000000
49, 10, 17, 100.000000
49, 10, 18, 100.000000
49, 10, 19, 100.000000
49, 10, 20, 100.000000
49, 10, 21, 100.000000
49, 10, 22, 100.000000
49, 10, 23, 100.000000
49, 10, 24, 100.000000
49, 10, 25, 100.000000
49, 10, 26, 100.000000
49, 10, 27, 100.000000
49, 10, 28, 100.000000
49, 10, 29, 100.000000
49, 10, 30, 100.000000
49, 10, 31, 100.000000
49, 10, 32, 100.000000
49, 10, 33, 100.000000
49, 10, 34, 100.000000
49, 11, 0, 0.387554
49, 11, 1, -0.173395
49, 11, 2, -0.451981
49, 11, 3, -0.401067
49, 11, 4, -0.452330
49, 11, 5, -0.471514
49, 11, 6, -0.441886
49, 11, 7, -0.414991
49, 11, 8, -0.384298
49, 11, 9, -0.347670
49, 11, 10, -0.267122
49, 11, 11, -0.099689
49, 11, 12, 0.281333
49, 11, 13, 0.863466
49, 11, 14, 1.566222
49, 11, 15, 2.442589
49, 11, 16, 100.000000
49, 11, 17, 100.000000
49, 11, 18, 100.000000
49, 11, 19, 100.000000
49, 11, 20, 100.000000
49, 11, 21, 100.000000
49, 11, 22, 100.000000
49, 11, 23, 100.000000
49, 11, 24, 100.000000
49, 11, 25, 100.000000
49, 11, 26, 100.000000
49, 11, 27, 100.000000
49, 11, 28, 100.000000
49, 11, 29, 100.000000
49, 11, 30, 100.000000
49, 11, 31, 100.000000
49, 11, 32, 100.000000
49, 11, 33, 100.000000
49, 11, 34, 100.000000
49, 12, 0, 0.385807
49, 12, 1, -0.181969
49, 12, 2, -0.456786
49, 12, 3, -0.394543
49, 12, 4, -0.442039
49, 12, 5, -0.465936
49, 12, 6, -0.469033
49, 12, 7, -0.429214
49, 12, 8, -0.390008
49, 12, 9, -0.355677
49, 12, 10, -0.279198
49, 12, 11, -0.084463
49, 12, 12, 0.298343
49, 12, 13, 0.850438
49, 12, 14, 1.544231
49, 12, 15, 100.000000
49, 12, 16, 100.000000
49, 12, 17, 100.000000
49, 12, 18, 100.000000
49, 12, 19, 100.000000
49, 12, 20, 100.000000
49, 12, 21, 100.000000
49, 12, 22, 100.000000
49, 12, 23, 100.000000
49, 12, 24, 100.000000
49, 12, 25, 100.000000
49, 12, 26, 100.000000
49, 12, 27, 100.000000
49, 12, 28, 100.000000
49, 12, 29, 100.000000
49, 12, 30, 100.000000
49, 12, 31, 100.000000
49, 12, 32, 100.000000
49, 12, 33, 100.000000
49, 12, 34, 100.000000
49, 13, 0, 0.370881
49, 13, 1, -0.177267
49, 13, 2, -0.475070
49, 13, 3, -0.404893
49, 13, 4, -0.431889
49, 13, 5, -0.442542
49, 13, 6, -0.446109
49, 13, 7, -0.439782
49, 13, 8, -0.398206
49, 13, 9, -0.366578
49, 13, 10, -0.288466
49, 13, 11, -0.063746
49, 13, 12, 0.332826
49, 13, 13, 0.849700
49, 13, 14, 1.375519
49, 13, 15, 2.341065
49, 13, 16, 100.000000
49, 13, 17, 100.000000
49, 13, 18, 100.000000
49, 13, 19, 100.000000
49, 13, 20, 100.000000
49, 13, 21, 100.000000
49, 13, 22, 100.000000
49, 13, 23, 100.000000
49, 13, 24, 100.000000
49, 13, 25, 100.000000
49, 13, 26, 100.000000
49, 13, 27, 100.000000
49, 13, 28, 100.000000
49, 13, 29, 100.000000
49, 13, 30, 100.000000
49, 13, 31, 100.000000
49, 13, 32, 100.000000
49, 13, 33, 100.000000
49, 13, 34, 100.000000
49, 14, 0, 0.379519
49, 14, 1, -0.158818
49, 14, 2, -0.485855
49, 14, 3, -0.414838
49, 14, 4, -0.447011
49, 14, 5, -0.452708
49, 14, 6, -0.448532
49, 14, 7, -0.457344
49, 14, 8, -0.430210
49, 14, 9, -0.385273
49, 14, 10, -0.294954
49, 14, 11, -0.066006
49, 14, 12, 0.358065
49, 14, 13, 0.849402
49, 14, 14, 1.385782
49, 14, 15, 2.279148
49, 14, 16, 100.000000
49, 14, 17, 100.000000
49, 14, 18, 100.000000
49, 14, 19, 100.000000
49, 14, 20, 100.000000
49, 14, 21, 100.000000
49, 14, 22, 100.000000
49, 14, 23, 100.000000
49, 14, 24, 100.000000
49, 14, 25, 100.000000
49, 14, 26, 100.000000
49, 14, 27, 100.000000
49, 14, 28, 100.000000
49, 14, 29, 100.000000
49, 14, 30, 100.000000
49, 14, 31, 100.000000
49, 14, 32, 100.000000
49, 14, 33, 100.000000
49, 14, 34, 100.000000
49, 15, 0, 0.397830
49, 15, 1, -0.153810
49, 15, 2, -0.474401
49, 15, 3, -0.406738
49, 15, 4, -0.468187
49, 15, 5, -0.476340
49, 15, 6, -0.437971
49, 15, 7, -0.446136
49, 15, 8, -0.441957
49, 15, 9, -0.382883
49, 15, 10, -0.276589
49, 15, 11, -0.053290
49, 15, 12, 0.362122
49, 15, 13, 0.858634
49, 15, 14, 1.468645
49, 15, 15, 2.441326
49, 15, 16, 100.000000
49, 15, 17, 100.000000
49, 15, 18, 100.000000
49, 15, 19, 100.000000
49, 15, 20, 100.000000
49, 15, 21, 100.000000
49, 15, 22, 100.000000
49, 15, 23, 100.000000
49, 15, 24, 100.000000
49, 15, 25, 100.000000
49, 15, 26, 100.000000
49, 15, 27, 100.000000
49, 15, 28, 100.000000
49, 15, 29, 100.000000
49, 15, 30, 100.000000
49, 15, 31, 100.000000
49, 15, 32, 100.000000
49, 15, 33, 100.000000
49, 15, 34, 100.000000
49, 16, 0, 0.399963
49, 16, 1, -0.167439
49, 16, 2, -0.447575
49, 16, 3, -0.419906
49, 16, 4, -0.484143
49, 16, 5, -0.486801
49, 16, 6, -0.442929
49, 16, 7, -0.459200
49, 16, 8, -0.444356
49, 16, 9, -0.371283
49, 16, 10, -0.265638
49, 16, 11, -0.049480
49, 16, 12, 0.359799
49, 16, 13, 0.889543
49, 16, 14, 1.326090
49, 16, 15, 2.207809
49, 16, 16, 100.000000
49, 16, 17, 100.000000
49, 16, 18, 100.000000
49, 16, 19, 100.000000
49, 16, 20, 100.000000
49, 16, 21, 100.000000
49, 16, 22, 100.000000
49, 16, 23, 100.000000
49, 16, 24, 100.000000
49, 16, 25, 100.000000
49, 16, 26, 100.000000
49, 16, 27, 100.000000
49, 16, 28, 100.000000
49, 16, 29, 100.000000
49, 16, 30, 100.000000
49, 16, 31, 100.000000
49, 16, 32, 100.000000
49, 16, 33, 100.000000
49, 16, 34, 100.000000
49, 17, 0, 0.377963
49, 17, 1, -0.169564
49, 17, 2, -0.485452
49, 17, 3, -0.446235
49, 17, 4, -0.462459
49, 17, 5, -0.473600
49, 17, 6, -0.468225
49, 17, 7, -0.454879
49, 17, 8, -0.409989
49, 17, 9, -0.335605
49, 17, 10, -0.251930
49, 17, 11, -0.037777
49, 17, 12, 0.383318
49, 17, 13, 0.934891
49, 17, 14, 1.320281
49, 17, 15, 2.167305
49, 17, 16, 100.000000
49, 17, 17, 100.000000
49, 17, 18, 100.000000
49, 17, 19, 100.000000
49, 17, 20, 100.000000
49, 17, 21, 100.000000
49, 17, 22, 100.000000
49, 17, 23, 100.000000
49, 17, 24, 100.000000
49, 17, 25, 100.000000
49, 17, 26, 100.000000
49, 17, 27, 100.000000
49, 17, 28, 100.000000
49, 17, 29, 100.000000
49, 17, 30, 100.000000
49, 17, 31, 100.000000
49, 17, 32, 100.000000
49, 17, 33, 100.000000
49, 17, 34, 100.000000
49, 18, 0, 0.363397
49, 18, 1, -0.162545
49, 18, 2, -0.445233
49, 18, 3, -0.444296
49, 18, 4, -0.435623
49, 18, 5, -0.457499
49, 18, 6, -0.471846
49, 18, 7, -0.459468
49, 18, 8, -0.382837
49, 18, 9, -0.298652
49, 18, 10, -0.223482
49, 18, 11, -0.016405
49, 18, 12, 0.385624
49, 18, 13, 0.905904
49, 18, 14, 1.520900
49, 18, 15, 100.000000
49, 18, 16, 100.000000
49, 18, 17, 100.000000
49, 18, 18, 100.000000
49, 18, 19, 100.000000
49, 18, 20, 100.000000
49, 18, 21, 100.000000
49, 18, 22, 100.000000
49, 18, 23, 100.000000
49, 18, 24, 100.000000
49, 18, 25, 100.000000
49, 18, 26, 100.000000
49, 18, 27, 100.000000
49, 18, 28, 100.000000
49, 18, 29, 100.000000
49, 18, 30, 100.000000
49, 18, 31, 100.000000
49, 18, 32, 100.000000
49, 18, 33, 100.000000
49, 18, 34, 100.000000
49, 19, 0, 0.374930
49, 19, 1, -0.156645
49, 19, 2, -0.437542
49, 19, 3, -0.494520
49, 19, 4, -0.445872
49, 19, 5, -0.436979
49, 19, 6, -0.468474
49, 19, 7, -0.473367
49, 19, 8, -0.392534
49, 19, 9, -0.267044
49, 19, 10, -0.169482
49, 19, 11, 0.010466
49, 19, 12, 0.369375
49, 19, 13, 0.862995
49, 19, 14, 1.566163
49, 19, 15, 2.422584
49, 19, 16, 100.000000
49, 19, 17, 100.000000
49, 19, 18, 100.000000
49, 19, 19, 100.000000
49, 19, 20, 100.000000
49, 19, 21, 100.000000
49, 19, 22, 100.000000
49, 19, 23, 100.000000
49, 19, 24, 100.000000
49, 19, 25, 100.000000
49, 19, 26, 100.000000
49, 19, 27, 100.000000
49, 19, 28, 100.000000
49, 19, 29, 100.000000
49, 19, 30, 100.000000
49, 19, 31, 100.000000
49, 19, 32, 100.000000
49, 19, 33, 100.000000
49, 19, 34, 100.000000
49, 20, 0, 0.380615
49, 20, 1, -0.154333
49, 20, 2, -0.437904
49, 20, 3, -0.466812
49, 20, 4, -0.455531
49, 20, 5, -0.453237
49, 20, 6, -0.452302
49, 20, 7, -0.457854
49, 20, 8, -0.405428
49, 20, 9, -0.264058
49, 20, 10, -0.150515
49, 20, 11, 0.030944
49, 20, 12, 0.371861
49, 20, 13, 0.879810
49, 20, 14, 1.574409
49, 20, 15, 2.442887
49, 20, 16, 100.000000
49, 20, 17, 100.000000
49, 20, 18, 100.000000
49, 20, 19, 100.000000
49, 20, 20, 100.000000
49, 20, 21, 100.000000
49, 20, 22, 100.000000
49, 20, 23, 100.000000
49, 20, 24, 100.000000
49, 20, 25, 100.000000
49, 20, 26, 100.000000
49, 20, 27, 100.000000
49, 20, 28, 100.000000
49, 20, 29, 100.000000
49, 20, 30, 100.000000
49, 20, 31, 100.000000
49, 20, 32, 100.000000
49, 20, 33, 100.000000
49, 20, 34, 100.000000
49, 21, 0, 0.387152
49, 21, 1, -0.151105
49, 21, 2, -0.452975
49, 21, 3, -0.440601
49, 21, 4, -0.472768
49, 21, 5, -0.465377
49, 21, 6, -0.468344
49, 21, 7, -0.473722
49, 21, 8, -0.420450
49, 21, 9, -0.283038
49, 21, 10, -0.168971
49, 21, 11, 0.017153
49, 21, 12, 0.377374
49, 21, 13, 0.923759
49, 21, 14, 1.599483
49, 21, 15, 100.000000
49, 21, 16, 100.000000
49, 21, 17, 100.000000
49, 21, 18, 100.000000
49, 21, 19, 100.000000
49, 21, 20, 100.000000
49, 21, 21, 100.000000
49, 21, 22, 100.000000
49, 21, 23, 100.000000
49, 21, 24, 100.000000
49, 21, 25, 100.000000
49, 21, 26, 100.000000
49, 21, 27, 100.000000
49, 21, 28, 100.000000
49, 21, 29, 100.000000
49, 21, 30, 100.000000
49, 21, 31, 100.000000
49, 21, 32, 100.000000
49, 21, 33, 100.000000
49, 21, 34, 100.000000
49, 22, 0, 0.372323
49, 22, 1, -0.162760
49, 22, 2, -0.482747
49, 22, 3, -0.415490
49, 22, 4, -0.472946
49, 22, 5, -0.475941
49, 22, 6, -0.492044
49, 22, 7, -0.468048
49, 22, 8, -0.438142
49, 22, 9, -0.302606
49, 22, 10, -0.189463
49, 22, 11, -0.008545
49, 22, 12, 0.386127
49, 22, 13, 0.917251
49, 22, 14, 1.514254
49, 22, 15, 2.493398
49, 22, 16, 100.000000
49, 22, 17, 100.000000
49, 22, 18, 100.000000
49, 22, 19, 100.000000
49, 22, 20, 100.000000
49, 22, 21, 100.000000
49, 22, 22, 100.000000
49, 22, 23, 100.000000
49, 22, 24, 100.000000
49, 22, 25, 100.000000
49, 22, 26, 100.000000
49, 22, 27, 100.000000
49, 22, 28, 100.000000
49, 22, 29, 100.000000
49, 22, 30, 100.000000
49, 22, 31, 100.000000
49, 22, 32, 100.000000
49, 22, 33, 100.000000
49, 22, 34, 100.000000
49, 23, 0, 0.360872
49, 23, 1, -0.176895
49, 23, 2, -0.450012
49, 23, 3, -0.413403
49, 23, 4, -0.460274
49, 23, 5, -0.466697
49, 23, 6, -0.474185
49, 23, 7, -0.452155
49, 23, 8, -0.443583
49, 23, 9, -0.335988
49, 23, 10, -0.205357
49, 23, 11, -0.025636
49, 23, 12, 0.392450
49, 23, 13, 0.946715
49, 23, 14, 1.462867
49, 23, 15, 2.293497
49, 23, 16, 100.000000
49, 23, 17, 100.000000
49, 23, 18, 100.000000
49, 23, 19, 100.000000
49, 23, 20, 100.000000
49, 23, 21, 100.000000
49, 23, 22, 100.000000
49, 23, 23, 100.000000
49, 23, 24, 100.000000
49, 23, 25, 100.000000
49, 23, 26, 100.000000
49, 23, 27, 100.000000
49, 23, 28, 100.000000
49, 23, 29, 100.000000
49, 23, 30, 100.000000
49, 23, 31, 100.000000
49, 23, 32, 100.000000
49, 23, 33, 100.000000
49, 23, 34, 100.000000
49, 24, 0, 0.381163
49, 24, 1, -0.163874
49, 24, 2, -0.446809
49, 24, 3, -0.424255
49, 24, 4, -0.468866
49, 24, 5, -0.473962
49, 24, 6, -0.474119
49, 24, 7, -0.459611
49, 24, 8, -0.453177
49, 24, 9, -0.354903
49, 24, 10, -0.232178
49, 24, 11, -0.023006
49, 24, 12, 0.409667
49, 24, 13, 0.940984
49, 24, 14, 1.438188
49, 24, 15, 2.192210
49, 24, 16, 100.000000
49, 24, 17, 100.000000
49, 24, 18, 100.000000
49, 24, 19, 100.000000
49, 24, 20, 100.000000
49, 24, 21, 100.000000
49, 24, 22, 100.000000
49, 24, 23, 100.000000
49, 24, 24, 100.000000
49, 24, 25, 100.000000
49, 24, 26, 100.000000
49, 24, 27, 100.000000
49, 24, 28, 100.000000
49, 24, 29, 100.000000
49, 24, 30, 100.000000
49, 24, 31, 100.000000
49, 24, 32, 100.000000
49, 24, 33, 100.000000
49, 24, 34, 100.000000
49, 25, 0, 0.407893
49, 25, 1, -0.139610
49, 25, 2, -0.464042
49, 25, 3, -0.430075
49, 25, 4, -0.452251
49, 25, 5, -0.458731
49, 25, 6, -0.461245
49, 25, 7, -0.470981
49, 25, 8, -0.433042
49, 25, 9, -0.353090
49, 25, 10, -0.256480
49, 25, 11, -0.038607
49, 25, 12, 0.355555
49, 25, 13, 0.880452
49, 25, 14, 1.392449
49, 25, 15, 2.145791
49, 25, 16, 100.000000
49, 25, 17, 100.000000
49, 25, 18, 100.000000
49, 25, 19, 100.000000
49, 25, 20, 100.000000
49, 25, 21, 100.000000
49, 25, 22, 100.000000
49, 25, 23, 100.000000
49, 25, 24, 100.000000
49, 25, 25, 100.000000
49, 25, 26, 100.000000
49, 25, 27, 100.000000
49, 25, 28, 100.000000
49, 25, 29, 100.000000
49, 25, 30, 100.000000
49, 25, 31, 100.000000
49, 25, 32, 100.000000
49, 25, 33, 100.000000
49, 25, 34, 100.000000
49, 26, 0, 0.411798
49, 26, 1, -0.126141
49, 26, 2, -0.453404
49, 26, 3, -0.423473
49, 26, 4, -0.460357
49, 26, 5, -0.447047
49, 26, 6, -0.434980
49, 26, 7, -0.433105
49, 26, 8, -0.425055
49, 26, 9, -0.342316
49, 26, 10, -0.259333
49, 26, 11, -0.075402
49, 26, 12, 0.274360
49, 26, 13, 0.782055
49, 26, 14, 1.413221
49, 26, 15, 2.218308
49, 26, 16, 100.000000
49, 26, 17, 100.000000
49, 26, 18, 100.000000
49, 26, 19, 100.000000
49, 26, 20, 100.000000
49, 26, 21, 100.000000
49, 26, 22, 100.000000
49, 26, 23, 100.000000
49, 26, 24, 100.000000
49, 26, 25, 100.000000
49, 26, 26, 100.000000
49, 26, 27, 100.000000
49, 26, 28, 100.000000
49, 26, 29, 100.000000
49, 26, 30, 100.000000
49, 26, 31, 100.000000
49, 26, 32, 100.000000
49, 26, 33, 100.000000
49, 26, 34, 100.000000
49, 27, 0, 0.399616
49, 27, 1, -0.120122
49, 27, 2, -0.448385
49, 27, 3, -0.411602
49, 27, 4, -0.426695
49, 27, 5, -0.376284
49, 27, 6, -0.358769
49, 27, 7, -0.363355
49, 27, 8, -0.383980
49, 27, 9, -0.344010
49, 27, 10, -0.248543
49, 27, 11, -0.065846
49, 27, 12, 0.268695
49, 27, 13, 0.791525
49, 27, 14, 1.469856
49, 27, 15, 2.252935
49, 27, 16, 100.000000
49, 27, 17, 100.000000
49, 27, 18, 100.000000
49, 27, 19, 100.000000
49, 27, 20, 100.000000
49, 27, 21, 100.000000
49, 27, 22, 100.000000
49, 27, 23, 100.000000
49, 27, 24, 100.000000
49, 27, 25, 100.000000
49, 27, 26, 100.000000
49, 27, 27, 100.000000
49, 27, 28, 100.000000
49, 27, 29, 100.000000
49, 27, 30, 100.000000
49, 27, 31, 100.000000
49, 27, 32, 100.000000
49, 27, 33, 100.000000
49, 27, 34, 100.000000
49, 28, 0, 0.407828
49, 28, 1, -0.126638
49, 28, 2, -0.441348
49, 28, 3, -0.368135
49, 28, 4, -0.328249
49, 28, 5, -0.320281
49, 28, 6, -0.328807
49, 28, 7, -0.324871
49, 28, 8, -0.305261
49, 28, 9, -0.277182
49, 28, 10, -0.204419
49, 28, 11, -0.011162
49, 28, 12, 0.347212
49, 28, 13, 0.853290
49, 28, 14, 1.500139
49, 28, 15, 2.348724
49, 28, 16, 100.000000
49, 28, 17, 100.000000
49, 28, 18, 100.000000
49, 28, 19, 100.000000
49, 28, 20, 100.000000
49, 28, 21, 100.000000
49, 28, 22, 100.000000
49, 28, 23, 100.000000
49, 28, 24, 100.000000
49, 28, 25, 100.000000
49, 28, 26, 100.000000
49, 28, 27, 100.000000
49, 28, 28, 100.000000
49, 28, 29, 100.000000
49, 28, 30, 100.000000
49, 28, 31, 100.000000
49, 28, 32, 100.000000
49, 28, 33, 100.000000
49, 28, 34, 100.000000
49, 29, 0, 0.493893
49, 29, 1, 0.021363
49, 29, 2, -0.104241
49, 29, 3, -0.071476
49, 29, 4, -0.067308
49, 29, 5, -0.084948
49, 29, 6, -0.088631
49, 29, 7, -0.078961
49, 29, 8, -0.050928
49, 29, 9, -0.017403
49, 29, 10, 0.018014
49, 29, 11, 0.154530
49, 29, 12, 0.460460
49, 29, 13, 0.894113
49, 29, 14, 1.423676
49, 29, 15, 100.000000
49, 29, 16, 100.000000
49, 29, 17, 100.000000
49, 29, 18, 100.000000
49, 29, 19, 100.000000
49, 29, 20, 100.000000
49, 29, 21, 100.000000
49, 29, 22, 100.000000
49, 29, 23, 100.000000
49, 29, 24, 100.000000
49, 29, 25, 100.000000
49, 29, 26, 100.000000
49, 29, 27, 100.000000
49, 29, 28, 100.000000
49, 29, 29, 100.000000
49, 29, 30, 100.000000
49, 29, 31, 100.000000
49, 29, 32, 100.000000
49, 29, 33, 100.000000
49, 29, 34, 100.000000
50, 0, 0, 0.671268
50, 0, 1, 0.412474
50, 0, 2, 0.405287
50, 0, 3, 0.426673
50, 0, 4, 0.401698
50, 0, 5, 0.380288
50, 0, 6, 0.380105
50, 0, 7, 0.399967
50, 0, 8, 0.414367
50, 0, 9, 0.418686
50, 0, 10, 0.466386
50, 0, 11, 0.565735
50, 0, 12, 0.781295
50, 0, 13, 1.136060
50, 0, 14, 1.680884
50, 0, 15, 100.000000
50, 0, 16, 100.000000
50, 0, 17, 100.000000
50, 0, 18, 100.000000
50, 0, 19, 100.000000
50, 0, 20, 100.000000
50, 0, 21, 100.000000
50, 0, 22, 100.000000
50, 0, 23, 100.000000
50, 0, 24, 100.000000
50, 0, 25, 100.000000
50, 0, 26, 100.000000
50, 0, 27, 100.000000
50, 0, 28, 100.000000
50, 0, 29, 100.000000
50, 0, 30, 100.000000
50, 0, 31, 100.000000
50, 0, 32, 100.000000
50, 0, 33, 100.000000
50, 0, 34, 100.000000
50, 1, 0, 0.452102
50, 1, 1, -0.005604
50, 1, 2, -0.116904
50, 1, 3, -0.085756
50, 1, 4, -0.114912
50, 1, 5, -0.156604
50, 1, 6, -0.159113
50, 1, 7, -0.119616
50, 1, 8, -0.098510
50, 1, 9, -0.092552
50, 1, 10, -0.033774
50, 1, 11, 0.107724
50, 1, 12, 0.454283
50, 1, 13, 0.998007
50, 1, 14, 1.627476
50, 1, 15, 100.000000
50, 1, 16, 100.000000
50, 1, 17, 100.000000
50, 1, 18, 100.000000
50, 1, 19, 100.000000
50, 1, 20, 100.000000
50, 1, 21, 100.000000
50, 1, 22, 100.000000
50, 1, 23, 100.000000
50, 1, 24, 100.000000
50, 1, 25, 100.000000
50, 1, 26, 100.000000
50, 1, 27, 100.000000
50, 1, 28, 100.000000
50, 1, 29, 100.000000
50, 1, 30, 100.000000
50, 1, 31, 100.000000
50, 1, 32, 100.000000
50, 1, 33, 100.000000
50, 1, 34, 100.000000
50, 2, 0, 0.402939
50, 2, 1, -0.145988
50, 2, 2, -0.445899
50, 2, 3, -0.378710
50, 2, 4, -0.435120
50, 2, 5, -0.470105
50, 2, 6, -0.467830
50, 2, 7, -0.410652
50, 2, 8, -0.345642
50, 2, 9, -0.303166
50, 2, 10, -0.225759
50, 2, 11, -0.021090
50, 2, 12, 0.394511
50, 2, 13, 1.033560
50, 2, 14, 1.784049
50, 2, 15, 100.000000
50, 2, 16, 100.000000
50, 2, 17, 100.000000
50, 2, 18, 100.000000
50, 2, 19, 100.000000
50, 2, 20, 100.000000
50, 2, 21, 100.000000
50, 2, 22, 100.000000
50, 2, 23, 100.000000
50, 2, 24, 100.000000
50, 2, 25, 100.000000
50, 2, 26, 100.000000
50, 2, 27, 100.000000
50, 2, 28, 100.000000
50, 2, 29, 100.000000
50, 2, 30, 100.000000
50, 2, 31, 100.000000
50, 2, 32, 100.000000
50, 2, 33, 100.000000
50, 2, 34, 100.000000
50, 3, 0, 0.401353
50, 3, 1, -0.146870
50, 3, 2, -0.417855
50, 3, 3, -0.388056
50, 3, 4, -0.419404
50, 3, 5, -0.431703
50, 3, 6, -0.438728
50, 3, 7, -0.446480
50, 3, 8, -0.365939
50, 3, 9, -0.314840
50, 3, 10, -0.242553
50, 3, 11, -0.039176
50, 3, 12, 0.365951
50, 3, 13, 0.996856
50, 3, 14, 1.792788
50, 3, 15, 100.000000
50, 3, 16, 100.000000
50, 3, 17, 100.000000
50, 3, 18, 100.000000
50, 3, 19, 100.000000
50, 3, 20, 100.000000
50, 3, 21, 100.000000
50, 3, 22, 100.000000
50, 3, 23, 100.000000
50, 3, 24, 100.000000
50, 3, 25, 100.000000
50, 3, 26, 100.000000
50, 3, 27, 100.000000
50, 3, 28, 100.000000
50, 3, 29, 100.000000
50, 3, 30, 100.000000
50, 3, 31, 100.000000
50, 3, 32, 100.000000
50, 3, 33, 100.000000
50, 3, 34, 100.000000
50, 4, 0, 0.403520
50, 4, 1, -0.137772
50, 4, 2, -0.460965
50, 4, 3, -0.423796
50, 4, 4, -0.445791
50, 4, 5, -0.461638
50, 4, 6, -0.464455
50, 4, 7, -0.445157
50, 4, 8, -0.392302
50, 4, 9, -0.351197
50, 4, 10, -0.299527
50, 4, 11, -0.073580
50, 4, 12, 0.345781
50, 4, 13, 0.920607
50, 4, 14, 1.590657
50, 4, 15, 100.000000
50, 4, 16, 100.000000
50, 4, 17, 100.000000
50, 4, 18, 100.000000
50, 4, 19, 100.000000
50, 4, 20, 100.000000
50, 4, 21, 100.000000
50, 4, 22, 100.000000
50, 4, 23, 100.000000
50, 4, 24, 100.000000
50, 4, 25, 100.000000
50, 4, 26, 100.000000
50, 4, 27, 100.000000
50, 4, 28, 100.000000
50, 4, 29, 100.000000
50, 4, 30, 100.000000
50, 4, 31, 100.000000
50, 4, 32, 100.000000
50, 4, 33, 100.000000
50, 4, 34, 100.000000
50, 5, 0, 0.411043
50, 5, 1, -0.108814
50, 5, 2, -0.429521
50, 5, 3, -0.403140
50, 5, 4, -0.413987
50, 5, 5, -0.430248
50, 5, 6, -0.441869
50, 5, 7, -0.442552
50, 5, 8, -0.412987
50, 5, 9, -0.396338
50, 5, 10, -0.376769
50, 5, 11, -0.154151
50, 5, 12, 0.296831
50, 5, 13, 0.869263
50, 5, 14, 1.523735
50, 5, 15, 2.441515
50, 5, 16, 100.000000
50, 5, 17, 100.000000
50, 5, 18, 100.000000
50, 5, 19, 100.000000
50, 5, 20, 100.000000
50, 5, 21, 100.000000
50, 5, 22, 100.000000
50, 5, 23, 100.000000
50, 5, 24, 100.000000
50, 5, 25, 100.000000
50, 5, 26, 100.000000
50, 5, 27, 100.000000
50, 5, 28, 100.000000
50, 5, 29, 100.000000
50, 5, 30, 100.000000
50, 5, 31, 100.000000
50, 5, 32, 100.000000
50, 5, 33, 100.000000
50, 5, 34, 100.000000
50, 6, 0, 0.403025
50, 6, 1, -0.095095
50, 6, 2, -0.422665
50, 6, 3, -0.421085
50, 6, 4, -0.399995
50, 6, 5, -0.409008
50, 6, 6, -0.444225
50, 6, 7, -0.462534
50, 6, 8, -0.422183
50, 6, 9, -0.391012
50, 6, 10, -0.387926
50, 6, 11, -0.180924
50, 6, 12, 0.291026
50, 6, 13, 0.890827
50, 6, 14, 1.441249
50, 6, 15, 2.137372
50, 6, 16, 100.000000
50, 6, 17, 100.000000
50, 6, 18, 100.000000
50, 6, 19, 100.000000
50, 6, 20, 100.000000
50, 6, 21, 100.000000
50, 6, 22, 100.000000
50, 6, 23, 100.000000
50, 6, 24, 100.000000
50, 6, 25, 100.000000
50, 6, 26, 100.000000
50, 6, 27, 100.000000
50, 6, 28, 100.000000
50, 6, 29, 100.000000
50, 6, 30, 100.000000
50, 6, 31, 100.000000
50, 6, 32, 100.000000
50, 6, 33, 100.000000
50, 6, 34, 100.000000
50, 7, 0, 0.391177
50, 7, 1, -0.092780
50, 7, 2, -0.421332
50, 7, 3, -0.438041
50, 7, 4, -0.377293
50, 7, 5, -0.398831
50, 7, 6, -0.457504
50, 7, 7, -0.483797
50, 7, 8, -0.451558
50, 7, 9, -0.423277
50, 7, 10, -0.366781
50, 7, 11, -0.132689
50, 7, 12, 0.317352
50, 7, 13, 0.902630
50, 7, 14, 1.409079
50, 7, 15, 2.193222
50, 7, 16, 100.000000
50, 7, 17, 100.000000
50, 7, 18, 100.000000
50, 7, 19, 100.000000
50, 7, 20, 100.000000
50, 7, 21, 100.000000
50, 7, 22, 100.000000
50, 7, 23, 100.000000
50, 7, 24, 100.000000
50, 7, 25, 100.000000
50, 7, 26, 100.000000
50, 7, 27, 100.000000
50, 7, 28, 100.000000
50, 7, 29, 100.000000
50, 7, 30, 100.000000
50, 7, 31, 100.000000
50, 7, 32, 100.000000
50, 7, 33, 100.000000
50, 7, 34, 100.000000
50, 8, 0, 0.405066
50, 8, 1, -0.107219
50, 8, 2, -0.443093
50, 8, 3, -0.409779
50, 8, 4, -0.371203
50, 8, 5, -0.404566
50, 8, 6, -0.452337
50, 8, 7, -0.461460
50, 8, 8, -0.460552
50, 8, 9, -0.425455
50, 8, 10, -0.329553
50, 8, 11, -0.086166
50, 8, 12, 0.314416
50, 8, 13, 0.872050
50, 8, 14, 1.517391
50, 8, 15, 2.450939
50, 8, 16, 100.000000
50, 8, 17, 100.000000
50, 8, 18, 100.000000
50, 8, 19, 100.000000
50, 8, 20, 100.000000
50, 8, 21, 100.000000
50, 8, 22, 100.000000
50, 8, 23, 100.000000
50, 8, 24, 100.000000
50, 8, 25, 100.000000
50, 8, 26, 100.000000
50, 8, 27, 100.000000
50, 8, 28, 100.000000
50, 8, 29, 100.000000
50, 8, 30, 100.000000
50, 8, 31, 100.000000
50, 8, 32, 100.000000
50, 8, 33, 100.000000
50, 8, 34, 100.000000
50, 9, 0, 0.403106
50, 9, 1, -0.136820
50, 9, 2, -0.469027
50, 9, 3, -0.395160
50, 9, 4, -0.405279
50, 9, 5, -0.417033
50, 9, 6, -0.443340
50, 9, 7, -0.447530
50, 9, 8, -0.465630
50, 9, 9, -0.407619
50, 9, 10, -0.311632
50, 9, 11, -0.094842
50, 9, 12, 0.277383
50, 9, 13, 0.867835
50, 9, 14, 1.601161
50, 9, 15, 100.000000
50, 9, 16, 100.000000
50, 9, 17, 100.000000
50, 9, 18, 100.000000
50, 9, 19, 100.000000
50, 9, 20, 100.000000
50, 9, 21, 100.000000
50, 9, 22, 100.000000
50, 9, 23, 100.000000
50, 9, 24, 100.000000
50, 9, 25, 100.000000
50, 9, 26, 100.000000
50, 9, 27, 100.000000
50, 9, 28, 100.000000
50, 9, 29, 100.000000
50, 9, 30, 100.000000
50, 9, 31, 100.000000
50, 9, 32, 100.000000
50, 9, 33, 100.000000
50, 9, 34, 100.000000
50, 10, 0, 0.383436
50, 10, 1, -0.162535
50, 10, 2, -0.471617
50, 10, 3, -0.406683
50, 10, 4, -0.434358
50, 10, 5, -0.425056
50, 10, 6, -0.424401
50, 10, 7, -0.442811
50, 10, 8, -0.459794
50, 10, 9, -0.394433
50, 10, 10, -0.308680
50, 10, 11, -0.117884
50, 10, 12, 0.260569
50, 10, 13, 0.865952
50, 10, 14, 1.584420
50, 10, 15, 100.000000
50, 10, 16, 100.000000
50, 10, 17, 100.000000
50, 10, 18, 100.000000
50, 10, 19, 100.000000
50, 10, 20, 100.000000
50, 10, 21, 100.000000
50, 10, 22, 100.000000
50, 10, 23, 100.000000
50, 10, 24, 100.000000
50, 10, 25, 100.000000
50, 10, 26, 100.000000
50, 10, 27, 100.000000
50, 10, 28, 100.000000
50, 10, 29, 100.000000
50, 10, 30, 100.000000
50, 10, 31, 100.000000
50, 10, 32, 100.000000
50, 10, 33, 100.000000
50, 10, 34, 100.000000
50, 11, 0, 0.379439
50, 11, 1, -0.183442
50, 11, 2, -0.482978
50, 11, 3, -0.421770
50, 11, 4, -0.442244
50, 11, 5, -0.457139
50, 11, 6, -0.424964
50, 11, 7, -0.419953
50, 11, 8, -0.415220
50, 11, 9, -0.374876
50, 11, 10, -0.291707
50, 11, 11, -0.111516
50, 11, 12, 0.278589
50, 11, 13, 0.859572
50, 11, 14, 1.533959
50, 11, 15, 100.000000
50, 11, 16, 100.000000
50, 11, 17, 100.000000
50, 11, 18, 100.000000
50, 11, 19, 100.000000
50, 11, 20, 100.000000
50, 11, 21, 100.000000
50, 11, 22, 100.000000
50, 11, 23, 100.000000
50, 11, 24, 100.000000
50, 11, 25, 100.000000
50, 11, 26, 100.000000
50, 11, 27, 100.000000
50, 11, 28, 100.000000
50, 11, 29, 100.000000
50, 11, 30, 100.000000
50, 11, 31, 100.000000
50, 11, 32, 100.000000
50, 11, 33, 100.000000
50, 11, 34, 100.000000
50, 12, 0, 0.371903
50, 12, 1, -0.203852
50, 12, 2, -0.447183
50, 12, 3, -0.418131
50, 12, 4, -0.452100
50, 12, 5, -0.478114
50, 12, 6, -0.470249
50, 12, 7, -0.455885
50, 12, 8, -0.411031
50, 12, 9, -0.377060
50, 12, 10, -0.303924
50, 12, 11, -0.097611
50, 12, 12, 0.294043
50, 12, 13, 0.793379
50, 12, 14, 1.367574
50, 12, 15, 2.235595
50, 12, 16, 100.000000
50, 12, 17, 100.000000
50, 12, 18, 100.000000
50, 12, 19, 100.000000
50, 12, 20, 100.000000
50, 12, 21, 100.000000
50, 12, 22, 100.000000
50, 12, 23, 100.000000
50, 12, 24, 100.000000
50, 12, 25, 100.000000
50, 12, 26, 100.000000
50, 12, 27, 100.000000
50, 12, 28, 100.000000
50, 12, 29, 100.000000
50, 12, 30, 100.000000
50, 12, 31, 100.000000
50, 12, 32, 100.000000
50, 12, 33, 100.000000
50, 12, 34, 100.000000
50, 13, 0, 0.356529
50, 13, 1, -0.215528
50, 13, 2, -0.431691
50, 13, 3, -0.397797
50, 13, 4, -0.444692
50, 13, 5, -0.459409
50, 13, 6, -0.468193
50, 13, 7, -0.465328
50, 13, 8, -0.413373
50, 13, 9, -0.380472
50, 13, 10, -0.304635
50, 13, 11, -0.090624
50, 13, 12, 0.279484
50, 13, 13, 0.746320
50, 13, 14, 1.263368
50, 13, 15, 1.951135
50, 13, 16, 100.000000
50, 13, 17, 100.000000
50, 13, 18, 100.000000
50, 13, 19, 100.000000
50, 13, 20, 100.000000
50, 13, 21, 100.000000
50, 13, 22, 100.000000
50, 13, 23, 100.000000
50, 13, 24, 100.000000
50, 13, 25, 100.000000
50, 13, 26, 100.000000
50, 13, 27, 100.000000
50, 13, 28, 100.000000
50, 13, 29, 100.000000
50, 13, 30, 100.000000
50, 13, 31, 100.000000
50, 13, 32, 100.000000
50, 13, 33, 100.000000
50, 13, 34, 100.000000
50, 14, 0, 0.364086
50, 14, 1, -0.199243
50, 14, 2, -0.431541
50, 14, 3, -0.391210
50, 14, 4, -0.440441
50, 14, 5, -0.454960
50, 14, 6, -0.467540
50, 14, 7, -0.473609
50, 14, 8, -0.435125
50, 14, 9, -0.375707
50, 14, 10, -0.284884
50, 14, 11, -0.092491
50, 14, 12, 0.264624
50, 14, 13, 0.737613
50, 14, 14, 1.300082
50, 14, 15, 2.078076
50, 14, 16, 100.000000
50, 14, 17, 100.000000
50, 14, 18, 100.000000
50, 14, 19, 100.000000
50, 14, 20, 100.000000
50, 14, 21, 100.000000
50, 14, 22, 100.000000
50, 14, 23, 100.000000
50, 14, 24, 100.000000
50, 14, 25, 100.000000
50, 14, 26, 100.000000
50, 14, 27, 100.000000
50, 14, 28, 100.000000
50, 14, 29, 100.000000
50, 14, 30, 100.000000
50, 14, 31, 100.000000
50, 14, 32, 100.000000
50, 14, 33, 100.000000
50, 14, 34, 100.000000
50, 15, 0, 0.394660
50, 15, 1, -0.176557
50, 15, 2, -0.437571
50, 15, 3, -0.394914
50, 15, 4, -0.463022
50, 15, 5, -0.478726
50, 15, 6, -0.465655
50, 15, 7, -0.465536
50, 15, 8, -0.457636
50, 15, 9, -0.356975
50, 15, 10, -0.246879
50, 15, 11, -0.097930
50, 15, 12, 0.242827
50, 15, 13, 0.769226
50, 15, 14, 1.463988
50, 15, 15, 2.345495
50, 15, 16, 100.000000
50, 15, 17, 100.000000
50, 15, 18, 100.000000
50, 15, 19, 100.000000
50, 15, 20, 100.000000
50, 15, 21, 100.000000
50, 15, 22, 100.000000
50, 15, 23, 100.000000
50, 15, 24, 100.000000
50, 15, 25, 100.000000
50, 15, 26, 100.000000
50, 15, 27, 100.000000
50, 15, 28, 100.000000
50, 15, 29, 100.000000
50, 15, 30, 100.000000
50, 15, 31, 100.000000
50, 15, 32, 100.000000
50, 15, 33, 100.000000
50, 15, 34, 100.000000
50, 16, 0, 0.417437
50, 16, 1, -0.168341
50, 16, 2, -0.455985
50, 16, 3, -0.420329
50, 16, 4, -0.466517
50, 16, 5, -0.489239
50, 16, 6, -0.441481
50, 16, 7, -0.469894
50, 16, 8, -0.455254
50, 16, 9, -0.342077
50, 16, 10, -0.262970
50, 16, 11, -0.116372
50, 16, 12, 0.254397
50, 16, 13, 0.809642
50, 16, 14, 1.444676
50, 16, 15, 2.187387
50, 16, 16, 100.000000
50, 16, 17, 100.000000
50, 16, 18, 100.000000
50, 16, 19, 100.000000
50, 16, 20, 100.000000
50, 16, 21, 100.000000
50, 16, 22, 100.000000
50, 16, 23, 100.000000
50, 16, 24, 100.000000
50, 16, 25, 100.000000
50, 16, 26, 100.000000
50, 16, 27, 100.000000
50, 16, 28, 100.000000
50, 16, 29, 100.000000
50, 16, 30, 100.000000
50, 16, 31, 100.000000
50, 16, 32, 100.000000
50, 16, 33, 100.000000
50, 16, 34, 100.000000
50, 17, 0, 0.409801
50, 17, 1, -0.161343
50, 17, 2, -0.491740
50, 17, 3, -0.426722
50, 17, 4, -0.462030
50, 17, 5, -0.495256
50, 17, 6, -0.459685
50, 17, 7, -0.447514
50, 17, 8, -0.424351
50, 17, 9, -0.338996
50, 17, 10, -0.290544
50, 17, 11, -0.113531
50, 17, 12, 0.292395
50, 17, 13, 0.844873
50, 17, 14, 1.348670
50, 17, 15, 2.190485
50, 17, 16, 100.000000
50, 17, 17, 100.000000
50, 17, 18, 100.000000
50, 17, 19, 100.000000
50, 17, 20, 100.000000
50, 17, 21, 100.000000
50, 17, 22, 100.000000
50, 17, 23, 100.000000
50, 17, 24, 100.000000
50, 17, 25, 100.000000
50, 17, 26, 100.000000
50, 17, 27, 100.000000
50, 17, 28, 100.000000
50, 17, 29, 100.000000
50, 17, 30, 100.000000
50, 17, 31, 100.000000
50, 17, 32, 100.000000
50, 17, 33, 100.000000
50, 17, 34, 100.000000
50, 18, 0, 0.399816
50, 18, 1, -0.146875
50, 18, 2, -0.448523
50, 18, 3, -0.440679
50, 18, 4, -0.436754
50, 18, 5, -0.470865
50, 18, 6, -0.462291
50, 18, 7, -0.454986
50, 18, 8, -0.399439
50, 18, 9, -0.316564
50, 18, 10, -0.264351
50, 18, 11, -0.083322
50, 18, 12, 0.303777
50, 18, 13, 0.816604
50, 18, 14, 1.400585
50, 18, 15, 2.361630
50, 18, 16, 100.000000
50, 18, 17, 100.000000
50, 18, 18, 100.000000
50, 18, 19, 100.000000
50, 18, 20, 100.000000
50, 18, 21, 100.000000
50, 18, 22, 100.000000
50, 18, 23, 100.000000
50, 18, 24, 100.000000
50, 18, 25, 100.000000
50, 18, 26, 100.000000
50, 18, 27, 100.000000
50, 18, 28, 100.000000
50, 18, 29, 100.000000
50, 18, 30, 100.000000
50, 18, 31, 100.000000
50, 18, 32, 100.000000
50, 18, 33, 100.000000
50, 18, 34, 100.000000
50, 19, 0, 0.395029
50, 19, 1, -0.158152
50, 19, 2, -0.429200
50, 19, 3, -0.431569
50, 19, 4, -0.440145
50, 19, 5, -0.444679
50, 19, 6, -0.466747
50, 19, 7, -0.484532
50, 19, 8, -0.415650
50, 19, 9, -0.287167
50, 19, 10, -0.213654
50, 19, 11, -0.073972
50, 19, 12, 0.273528
50, 19, 13, 0.775279
50, 19, 14, 1.420593
50, 19, 15, 2.378184
50, 19, 16, 100.000000
50, 19, 17, 100.000000
50, 19, 18, 100.000000
50, 19, 19, 100.000000
50, 19, 20, 100.000000
50, 19, 21, 100.000000
50, 19, 22, 100.000000
50, 19, 23, 100.000000
50, 19, 24, 100.000000
50, 19, 25, 100.000000
50, 19, 26, 100.000000
50, 19, 27, 100.000000
50, 19, 28, 100.000000
50, 19, 29, 100.000000
50, 19, 30, 100.000000
50, 19, 31, 100.000000
50, 19, 32, 100.000000
50, 19, 33, 100.000000
50, 19, 34, 100.000000
50, 20, 0, 0.381385
50, 20, 1, -0.167816
50, 20, 2, -0.429192
50, 20, 3, -0.445097
50, 20, 4, -0.456594
50, 20, 5, -0.455504
50, 20, 6, -0.467114
50, 20, 7, -0.462422
50, 20, 8, -0.434653
50, 20, 9, -0.289743
50, 20, 10, -0.207170
50, 20, 11, -0.080598
50, 20, 12, 0.257738
50, 20, 13, 0.771701
50, 20, 14, 1.438575
50, 20, 15, 2.382574
50, 20, 16, 100.000000
50, 20, 17, 100.000000
50, 20, 18, 100.000000
50, 20, 19, 100.000000
50, 20, 20, 100.000000
50, 20, 21, 100.000000
50, 20, 22, 100.000000
50, 20, 23, 100.000000
50, 20, 24, 100.000000
50, 20, 25, 100.000000
50, 20, 26, 100.000000
50, 20, 27, 100.000000
50, 20, 28, 100.000000
50, 20, 29, 100.000000
50, 20, 30, 100.000000
50, 20, 31, 100.000000
50, 20, 32, 100.000000
50, 20, 33, 100.000000
50, 20, 34, 100.000000
50, 21, 0, 0.370237
50, 21, 1, -0.157605
50, 21, 2, -0.429524
50, 21, 3, -0.448588
50, 21, 4, -0.460713
50, 21, 5, -0.477592
50, 21, 6, -0.458169
50, 21, 7, -0.442731
50, 21, 8, -0.408796
50, 21, 9, -0.290991
50, 21, 10, -0.224025
50, 21, 11, -0.085676
50, 21, 12, 0.284558
50, 21, 13, 0.829356
50, 21, 14, 1.517166
50, 21, 15, 2.407476
50, 21, 16, 100.000000
50, 21, 17, 100.000000
50, 21, 18, 100.000000
50, 21, 19, 100.000000
50, 21, 20, 100.000000
50, 21, 21, 100.000000
50, 21, 22, 100.000000
50, 21, 23, 100.000000
50, 21, 24, 100.000000
50, 21, 25, 100.000000
50, 21, 26, 100.000000
50, 21, 27, 100.000000
50, 21, 28, 100.000000
50, 21, 29, 100.000000
50, 21, 30, 100.000000
50, 21, 31, 100.000000
50, 21, 32, 100.000000
50, 21, 33, 100.000000
50, 21, 34, 100.000000
50, 22, 0, 0.351845
50, 22, 1, -0.159579
50, 22, 2, -0.444379
50, 22, 3, -0.446266
50, 22, 4, -0.450812
50, 22, 5, -0.491307
50, 22, 6, -0.475575
50, 22, 7, -0.473476
50, 22, 8, -0.436014
50, 22, 9, -0.294307
50, 22, 10, -0.237412
50, 22, 11, -0.105148
50, 22, 12, 0.311709
50, 22, 13, 0.898460
50, 22, 14, 1.533977
50, 22, 15, 2.393083
50, 22, 16, 100.000000
50, 22, 17, 100.000000
50, 22, 18, 100.000000
50, 22, 19, 100.000000
50, 22, 20, 100.000000
50, 22, 21, 100.000000
50, 22, 22, 100.000000
50, 22, 23, 100.000000
50, 22, 24, 100.000000
50, 22, 25, 100.000000
50, 22, 26, 100.000000
50, 22, 27, 100.000000
50, 22, 28, 100.000000
50, 22, 29, 100.000000
50, 22, 30, 100.000000
50, 22, 31, 100.000000
50, 22, 32, 100.000000
50, 22, 33, 100.000000
50, 22, 34, 100.000000
50, 23, 0, 0.348971
50, 23, 1, -0.170137
50, 23, 2, -0.423761
50, 23, 3, -0.412735
50, 23, 4, -0.443260
50, 23, 5, -0.466854
50, 23, 6, -0.465628
50, 23, 7, -0.460533
50, 23, 8, -0.430953
50, 23, 9, -0.298908
50, 23, 10, -0.243331
50, 23, 11, -0.123308
50, 23, 12, 0.303423
50, 23, 13, 0.925864
50, 23, 14, 1.529091
50, 23, 15, 2.488754
50, 23, 16, 100.000000
50, 23, 17, 100.000000
50, 23, 18, 100.000000
50, 23, 19, 100.000000
50, 23, 20, 100.000000
50, 23, 21, 100.000000
50, 23, 22, 100.000000
50, 23, 23, 100.000000
50, 23, 24, 100.000000
50, 23, 25, 100.000000
50, 23, 26, 100.000000
50, 23, 27, 100.000000
50, 23, 28, 100.000000
50, 23, 29, 100.000000
50, 23, 30, 100.000000
50, 23, 31, 100.000000
50, 23, 32, 100.000000
50, 23, 33, 100.000000
50, 23, 34, 100.000000
50, 24, 0, 0.376693
50, 24, 1, -0.163806
50, 24, 2, -0.434445
50, 24, 3, -0.423429
50, 24, 4, -0.456363
50, 24, 5, -0.459009
50, 24, 6, -0.464031
50, 24, 7, -0.490370
50, 24, 8, -0.432344
50, 24, 9, -0.316117
50, 24, 10, -0.266163
50, 24, 11, -0.105553
50, 24, 12, 0.319563
50, 24, 13, 0.874669
50, 24, 14, 1.477528
50, 24, 15, 2.312035
50, 24, 16, 100.000000
50, 24, 17, 100.000000
50, 24, 18, 100.000000
50, 24, 19, 100.000000
50, 24, 20, 100.000000
50, 24, 21, 100.000000
50, 24, 22, 100.000000
50, 24, 23, 100.000000
50, 24, 24, 100.000000
50, 24, 25, 100.000000
50, 24, 26, 100.000000
50, 24, 27, 100.000000
50, 24, 28, 100.000000
50, 24, 29, 100.000000
50, 24, 30, 100.000000
50, 24, 31, 100.000000
50, 24, 32, 100.000000
50, 24, 33, 100.000000
50, 24, 34, 100.000000
50, 25, 0, 0.397861
50, 25, 1, -0.141766
50, 25, 2, -0.462865
50, 25, 3, -0.438209
50, 25, 4, -0.484000
50, 25, 5, -0.468234
50, 25, 6, -0.443980
50, 25, 7, -0.474696
50, 25, 8, -0.418318
50, 25, 9, -0.338411
50, 25, 10, -0.267591
50, 25, 11, -0.085173
50, 25, 12, 0.288145
50, 25, 13, 0.773206
50, 25, 14, 1.323942
50, 25, 15, 2.025946
50, 25, 16, 100.000000
50, 25, 17, 100.000000
50, 25, 18, 100.000000
50, 25, 19, 100.000000
50, 25, 20, 100.000000
50, 25, 21, 100.000000
50, 25, 22, 100.000000
50, 25, 23, 100.000000
50, 25, 24, 100.000000
50, 25, 25, 100.000000
50, 25, 26, 100.000000
50, 25, 27, 100.000000
50, 25, 28, 100.000000
50, 25, 29, 100.000000
50, 25, 30, 100.000000
50, 25, 31, 100.000000
50, 25, 32, 100.000000
50, 25, 33, 100.000000
50, 25, 34, 100.000000
50, 26, 0, 0.405589
50, 26, 1, -0.128515
50, 26, 2, -0.443287
50, 26, 3, -0.417338
50, 26, 4, -0.477553
50, 26, 5, -0.459451
50, 26, 6, -0.418968
50, 26, 7, -0.423010
50, 26, 8, -0.416006
50, 26, 9, -0.350574
50, 26, 10, -0.267227
50, 26, 11, -0.111183
50, 26, 12, 0.220425
50, 26, 13, 0.691764
50, 26, 14, 1.268303
50, 26, 15, 2.020052
50, 26, 16, 100.000000
50, 26, 17, 100.000000
50, 26, 18, 100.000000
50, 26, 19, 100.000000
50, 26, 20, 100.000000
50, 26, 21, 100.000000
50, 26, 22, 100.000000
50, 26, 23, 100.000000
50, 26, 24, 100.000000
50, 26, 25, 100.000000
50, 26, 26, 100.000000
50, 26, 27, 100.000000
50, 26, 28, 100.000000
50, 26, 29, 100.000000
50, 26, 30, 100.000000
50, 26, 31, 100.000000
50, 26, 32, 100.000000
50, 26, 33, 100.000000
50, 26, 34, 100.000000
50, 27, 0, 0.395064
50, 27, 1, -0.127323
50, 27, 2, -0.446947
50, 27, 3, -0.420772
50, 27, 4, -0.413602
50, 27, 5, -0.396237
50, 27, 6, -0.364887
50, 27, 7, -0.354502
50, 27, 8, -0.386763
50, 27, 9, -0.366897
50, 27, 10, -0.266182
50, 27, 11, -0.111010
50, 27, 12, 0.192019
50, 27, 13, 0.666007
50, 27, 14, 1.253689
50, 27, 15, 1.992652
50, 27, 16, 100.000000
50, 27, 17, 100.000000
50, 27, 18, 100.000000
50, 27, 19, 100.000000
50, 27, 20, 100.000000
50, 27, 21, 100.000000
50, 27, 22, 100.000000
50, 27, 23, 100.000000
50, 27, 24, 100.000000
50, 27, 25, 100.000000
50, 27, 26, 100.000000
50, 27, 27, 100.000000
50, 27, 28, 100.000000
50, 27, 29, 100.000000
50, 27, 30, 100.000000
50, 27, 31, 100.000000
50, 27, 32, 100.000000
50, 27, 33, 100.000000
50, 27, 34, 100.000000
50, 28, 0, 0.396085
50, 28, 1, -0.141502
50, 28, 2, -0.431816
50, 28, 3, -0.371780
50, 28, 4, -0.333244
50, 28, 5, -0.335363
50, 28, 6, -0.350614
50, 28, 7, -0.330755
50, 28, 8, -0.320030
50, 28, 9, -0.309329
50, 28, 10, -0.234523
50, 28, 11, -0.061128
50, 28, 12, 0.232973
50, 28, 13, 0.707702
50, 28, 14, 1.302322
50, 28, 15, 2.082000
50, 28, 16, 100.000000
50, 28, 17, 100.000000
50, 28, 18, 100.000000
50, 28, 19, 100.000000
50, 28, 20, 100.000000
50, 28, 21, 100.000000
50, 28, 22, 100.000000
50, 28, 23, 100.000000
50, 28, 24, 100.000000
50, 28, 25, 100.000000
50, 28, 26, 100.000000
50, 28, 27, 100.000000
50, 28, 28, 100.000000
50, 28, 29, 100.000000
50, 28, 30, 100.000000
50, 28, 31, 100.000000
50, 28, 32, 100.000000
50, 28, 33, 100.000000
50, 28, 34, 100.000000
50, 29, 0, 0.479552
50, 29, 1, 0.014872
50, 29, 2, -0.091927
50, 29, 3, -0.072037
50, 29, 4, -0.071927
50, 29, 5, -0.095211
50, 29, 6, -0.108522
50, 29, 7, -0.084016
50, 29, 8, -0.055623
50, 29, 9, -0.030924
50, 29, 10, 0.002987
50, 29, 11, 0.111890
50, 29, 12, 0.368368
50, 29, 13, 0.825683
50, 29, 14, 1.417280
50, 29, 15, 2.170154
50, 29, 16, 100.000000
50, 29, 17, 100.000000
50, 29, 18, 100.000000
50, 29, 19, 100.000000
50, 29, 20, 100.000000
50, 29, 21, 100.000000
50, 29, 22, 100.000000
50, 29, 23, 100.000000
50, 29, 24, 100.000000
50, 29, 25, 100.000000
50, 29, 26, 100.000000
50, 29, 27, 100.000000
50, 29, 28, 100.000000
50, 29, 29, 100.000000
50, 29, 30, 100.000000
50, 29, 31, 100.000000
50, 29, 32, 100.000000
50, 29, 33, 100.000000
50, 29, 34, 100.000000
51, 0, 0, 0.645555
51, 0, 1, 0.412600
51, 0, 2, 0.412967
51, 0, 3, 0.430579
51, 0, 4, 0.413895
51, 0, 5, 0.394851
51, 0, 6, 0.381512
51, 0, 7, 0.402734
51, 0, 8, 0.421675
51, 0, 9, 0.435533
51, 0, 10, 0.469585
51, 0, 11, 0.534270
51, 0, 12, 0.697324
51, 0, 13, 1.076720
51, 0, 14, 1.644355
51, 0, 15, 2.415529
51, 0, 16, 100.000000
51, 0, 17, 100.000000
51, 0, 18, 100.000000
51, 0, 19, 100.000000
51, 0, 20, 100.000000
51, 0, 21, 100.000000
51, 0, 22, 100.000000
51, 0, 23, 100.000000
51, 0, 24, 100.000000
51, 0, 25, 100.000000
51, 0, 26, 100.000000
51, 0, 27, 100.000000
51, 0, 28, 100.000000
51, 0, 29, 100.000000
51, 0, 30, 100.000000
51, 0, 31, 100.000000
51, 0, 32, 100.000000
51, 0, 33, 100.000000
51, 0, 34, 100.000000
51, 1, 0, 0.430410
51, 1, 1, -0.028124
51, 1, 2, -0.120155
51, 1, 3, -0.086165
51, 1, 4, -0.110570
51, 1, 5, -0.148466
51, 1, 6, -0.160560
51, 1, 7, -0.125725
51, 1, 8, -0.106604
51, 1, 9, -0.092175
51, 1, 10, -0.025335
51, 1, 11, 0.090423
51, 1, 12, 0.352367
51, 1, 13, 0.839291
51, 1, 14, 1.514951
51, 1, 15, 2.245909
51, 1, 16, 100.000000
51, 1, 17, 100.000000
51, 1, 18, 100.000000
51, 1, 19, 100.000000
51, 1, 20, 100.000000
51, 1, 21, 100.000000
51, 1, 22, 100.000000
51, 1, 23, 100.000000
51, 1, 24, 100.000000
51, 1, 25, 100.000000
51, 1, 26, 100.000000
51, 1, 27, 100.000000
51, 1, 28, 100.000000
51, 1, 29, 100.000000
51, 1, 30, 100.000000
51, 1, 31, 100.000000
51, 1, 32, 100.000000
51, 1, 33, 100.000000
51, 1, 34, 100.000000
51, 2, 0, 0.411599
51, 2, 1, -0.143003
51, 2, 2, -0.463168
51, 2, 3, -0.398491
51, 2, 4, -0.438585
51, 2, 5, -0.473013
51, 2, 6, -0.450322
51, 2, 7, -0.405906
51, 2, 8, -0.376575
51, 2, 9, -0.349384
51, 2, 10, -0.237884
51, 2, 11, -0.034782
51, 2, 12, 0.305477
51, 2, 13, 0.847251
51, 2, 14, 1.579255
51, 2, 15, 2.292665
51, 2, 16, 100.000000
51, 2, 17, 100.000000
51, 2, 18, 100.000000
51, 2, 19, 100.000000
51, 2, 20, 100.000000
51, 2, 21, 100.000000
51, 2, 22, 100.000000
51, 2, 23, 100.000000
51, 2, 24, 100.000000
51, 2, 25, 100.000000
51, 2, 26, 100.000000
51, 2, 27, 100.000000
51, 2, 28, 100.000000
51, 2, 29, 100.000000
51, 2, 30, 100.000000
51, 2, 31, 100.000000
51, 2, 32, 100.000000
51, 2, 33, 100.000000
51, 2, 34, 100.000000
51, 3, 0, 0.415515
51, 3, 1, -0.127576
51, 3, 2, -0.416973
51, 3, 3, -0.404982
51, 3, 4, -0.414672
51, 3, 5, -0.422582
51, 3, 6, -0.438570
51, 3, 7, -0.438346
51, 3, 8, -0.387076
51, 3, 9, -0.359935
51, 3, 10, -0.269802
51, 3, 11, -0.051024
51, 3, 12, 0.301740
51, 3, 13, 0.864189
51, 3, 14, 1.586530
51, 3, 15, 2.440478
51, 3, 16, 100.000000
51, 3, 17, 100.000000
51, 3, 18, 100.000000
51, 3, 19, 100.000000
51, 3, 20, 100.000000
51, 3, 21, 100.000000
51, 3, 22, 100.000000
51, 3, 23, 100.000000
51, 3, 24, 100.000000
51, 3, 25, 100.000000
51, 3, 26, 100.000000
51, 3, 27, 100.000000
51, 3, 28, 100.000000
51, 3, 29, 100.000000
51, 3, 30, 100.000000
51, 3, 31, 100.000000
51, 3, 32, 100.000000
51, 3, 33, 100.000000
51, 3, 34, 100.000000
51, 4, 0, 0.417679
51, 4, 1, -0.124100
51, 4, 2, -0.463709
51, 4, 3, -0.432022
51, 4, 4, -0.447378
51, 4, 5, -0.477887
51, 4, 6, -0.466573
51, 4, 7, -0.446552
51, 4, 8, -0.407194
51, 4, 9, -0.376831
51, 4, 10, -0.318351
51, 4, 11, -0.121101
51, 4, 12, 0.259055
51, 4, 13, 0.835019
51, 4, 14, 1.529580
51, 4, 15, 2.407243
51, 4, 16, 100.000000
51, 4, 17, 100.000000
51, 4, 18, 100.000000
51, 4, 19, 100.000000
51, 4, 20, 100.000000
51, 4, 21, 100.000000
51, 4, 22, 100.000000
51, 4, 23, 100.000000
51, 4, 24, 100.000000
51, 4, 25, 100.000000
51, 4, 26, 100.000000
51, 4, 27, 100.000000
51, 4, 28, 100.000000
51, 4, 29, 100.000000
51, 4, 30, 100.000000
51, 4, 31, 100.000000
51, 4, 32, 100.000000
51, 4, 33, 100.000000
51, 4, 34, 100.000000
51, 5, 0, 0.424624
51, 5, 1, -0.112725
51, 5, 2, -0.438349
51, 5, 3, -0.416467
51, 5, 4, -0.426790
51, 5, 5, -0.453854
51, 5, 6, -0.448643
51, 5, 7, -0.453237
51, 5, 8, -0.449319
51, 5, 9, -0.390878
51, 5, 10, -0.365043
51, 5, 11, -0.191697
51, 5, 12, 0.232210
51, 5, 13, 0.812292
51, 5, 14, 1.409497
51, 5, 15, 2.174126
51, 5, 16, 100.000000
51, 5, 17, 100.000000
51, 5, 18, 100.000000
51, 5, 19, 100.000000
51, 5, 20, 100.000000
51, 5, 21, 100.000000
51, 5, 22, 100.000000
51, 5, 23, 100.000000
51, 5, 24, 100.000000
51, 5, 25, 100.000000
51, 5, 26, 100.000000
51, 5, 27, 100.000000
51, 5, 28, 100.000000
51, 5, 29, 100.000000
51, 5, 30, 100.000000
51, 5, 31, 100.000000
51, 5, 32, 100.000000
51, 5, 33, 100.000000
51, 5, 34, 100.000000
51, 6, 0, 0.403262
51, 6, 1, -0.112876
51, 6, 2, -0.435426
51, 6, 3, -0.427891
51, 6, 4, -0.428232
51, 6, 5, -0.428235
51, 6, 6, -0.427135
51, 6, 7, -0.462902
51, 6, 8, -0.454135
51, 6, 9, -0.407369
51, 6, 10, -0.383870
51, 6, 11, -0.214147
51, 6, 12, 0.224681
51, 6, 13, 0.825841
51, 6, 14, 1.311535
51, 6, 15, 1.835440
51, 6, 16, 100.000000
51, 6, 17, 100.000000
51, 6, 18, 100.000000
51, 6, 19, 100.000000
51, 6, 20, 100.000000
51, 6, 21, 100.000000
51, 6, 22, 100.000000
51, 6, 23, 100.000000
51, 6, 24, 100.000000
51, 6, 25, 100.000000
51, 6, 26, 100.000000
51, 6, 27, 100.000000
51, 6, 28, 100.000000
51, 6, 29, 100.000000
51, 6, 30, 100.000000
51, 6, 31, 100.000000
51, 6, 32, 100.000000
51, 6, 33, 100.000000
51, 6, 34, 100.000000
51, 7, 0, 0.388604
51, 7, 1, -0.118606
51, 7, 2, -0.437728
51, 7, 3, -0.449461
51, 7, 4, -0.410120
51, 7, 5, -0.390465
51, 7, 6, -0.417820
51, 7, 7, -0.461094
51, 7, 8, -0.464598
51, 7, 9, -0.426030
51, 7, 10, -0.363736
51, 7, 11, -0.166050
51, 7, 12, 0.251040
51, 7, 13, 0.838506
51, 7, 14, 1.338269
51, 7, 15, 1.898331
51, 7, 16, 100.000000
51, 7, 17, 100.000000
51, 7, 18, 100.000000
51, 7, 19, 100.000000
51, 7, 20, 100.000000
51, 7, 21, 100.000000
51, 7, 22, 100.000000
51, 7, 23, 100.000000
51, 7, 24, 100.000000
51, 7, 25, 100.000000
51, 7, 26, 100.000000
51, 7, 27, 100.000000
51, 7, 28, 100.000000
51, 7, 29, 100.000000
51, 7, 30, 100.000000
51, 7, 31, 100.000000
51, 7, 32, 100.000000
51, 7, 33, 100.000000
51, 7, 34, 100.000000
51, 8, 0, 0.397561
51, 8, 1, -0.126067
51, 8, 2, -0.456681
51, 8, 3, -0.418194
51, 8, 4, -0.384456
51, 8, 5, -0.377566
51, 8, 6, -0.414352
51, 8, 7, -0.445563
51, 8, 8, -0.437429
51, 8, 9, -0.412912
51, 8, 10, -0.331900
51, 8, 11, -0.112319
51, 8, 12, 0.285401
51, 8, 13, 0.823852
51, 8, 14, 1.468439
51, 8, 15, 2.337200
51, 8, 16, 100.000000
51, 8, 17, 100.000000
51, 8, 18, 100.000000
51, 8, 19, 100.000000
51, 8, 20, 100.000000
51, 8, 21, 100.000000
51, 8, 22, 100.000000
51, 8, 23, 100.000000
51, 8, 24, 100.000000
51, 8, 25, 100.000000
51, 8, 26, 100.000000
51, 8, 27, 100.000000
51, 8, 28, 100.000000
51, 8, 29, 100.000000
51, 8, 30, 100.000000
51, 8, 31, 100.000000
51, 8, 32, 100.000000
51, 8, 33, 100.000000
51, 8, 34, 100.000000
51, 9, 0, 0.405667
51, 9, 1, -0.134422
51, 9, 2, -0.474671
51, 9, 3, -0.392286
51, 9, 4, -0.403487
51, 9, 5, -0.391540
51, 9, 6, -0.432090
51, 9, 7, -0.467010
51, 9, 8, -0.460197
51, 9, 9, -0.417756
51, 9, 10, -0.324357
51, 9, 11, -0.097092
51, 9, 12, 0.290983
51, 9, 13, 0.840174
51, 9, 14, 1.540595
51, 9, 15, 100.000000
51, 9, 16, 100.000000
51, 9, 17, 100.000000
51, 9, 18, 100.000000
51, 9, 19, 100.000000
51, 9, 20, 100.000000
51, 9, 21, 100.000000
51, 9, 22, 100.000000
51, 9, 23, 100.000000
51, 9, 24, 100.000000
51, 9, 25, 100.000000
51, 9, 26, 100.000000
51, 9, 27, 100.000000
51, 9, 28, 100.000000
51, 9, 29, 100.000000
51, 9, 30, 100.000000
51, 9, 31, 100.000000
51, 9, 32, 100.000000
51, 9, 33, 100.000000
51, 9, 34, 100.000000
51, 10, 0, 0.405253
51, 10, 1, -0.148371
51, 10, 2, -0.461431
51, 10, 3, -0.396608
51, 10, 4, -0.414153
51, 10, 5, -0.403998
51, 10, 6, -0.423971
51, 10, 7, -0.456738
51, 10, 8, -0.455705
51, 10, 9, -0.413628
51, 10, 10, -0.330114
51, 10, 11, -0.106579
51, 10, 12, 0.283633
51, 10, 13, 0.858490
51, 10, 14, 1.503256
51, 10, 15, 2.381517
51, 10, 16, 100.000000
51, 10, 17, 100.000000
51, 10, 18, 100.000000
51, 10, 19, 100.000000
51, 10, 20, 100.000000
51, 10, 21, 100.000000
51, 10, 22, 100.000000
51, 10, 23, 100.000000
51, 10, 24, 100.000000
51, 10, 25, 100.000000
51, 10, 26, 100.000000
51, 10, 27, 100.000000
51, 10, 28, 100.000000
51, 10, 29, 100.000000
51, 10, 30, 100.000000
51, 10, 31, 100.000000
51, 10, 32, 100.000000
51, 10, 33, 100.000000
51, 10, 34, 100.000000
51, 11, 0, 0.397824
51, 11, 1, -0.182926
51, 11, 2, -0.461759
51, 11, 3, -0.427849
51, 11, 4, -0.439789
51, 11, 5, -0.426617
51, 11, 6, -0.421824
51, 11, 7, -0.422402
51, 11, 8, -0.425792
51, 11, 9, -0.408671
51, 11, 10, -0.330905
51, 11, 11, -0.103656
51, 11, 12, 0.293026
51, 11, 13, 0.847138
51, 11, 14, 1.440905
51, 11, 15, 2.385340
51, 11, 16, 100.000000
51, 11, 17, 100.000000
51, 11, 18, 100.000000
51, 11, 19, 100.000000
51, 11, 20, 100.000000
51, 11, 21, 100.000000
51, 11, 22, 100.000000
51, 11, 23, 100.000000
51, 11, 24, 100.000000
51, 11, 25, 100.000000
51, 11, 26, 100.000000
51, 11, 27, 100.000000
51, 11, 28, 100.000000
51, 11, 29, 100.000000
51, 11, 30, 100.000000
51, 11, 31, 100.000000
51, 11, 32, 100.000000
51, 11, 33, 100.000000
51, 11, 34, 100.000000
51, 12, 0, 0.384765
51, 12, 1, -0.222532
51, 12, 2, -0.448752
51, 12, 3, -0.431965
51, 12, 4, -0.460523
51, 12, 5, -0.456569
51, 12, 6, -0.474394
51, 12, 7, -0.463380
51, 12, 8, -0.441089
51, 12, 9, -0.429626
51, 12, 10, -0.344985
51, 12, 11, -0.109351
51, 12, 12, 0.266495
51, 12, 13, 0.733830
51, 12, 14, 1.274960
51, 12, 15, 2.006483
51, 12, 16, 100.000000
51, 12, 17, 100.000000
51, 12, 18, 100.000000
51, 12, 19, 100.000000
51, 12, 20, 100.000000
51, 12, 21, 100.000000
51, 12, 22, 100.000000
51, 12, 23, 100.000000
51, 12, 24, 100.000000
51, 12, 25, 100.000000
51, 12, 26, 100.000000
51, 12, 27, 100.000000
51, 12, 28, 100.000000
51, 12, 29, 100.000000
51, 12, 30, 100.000000
51, 12, 31, 100.000000
51, 12, 32, 100.000000
51, 12, 33, 100.000000
51, 12, 34, 100.000000
51, 13, 0, 0.366640
51, 13, 1, -0.236259
51, 13, 2, -0.417743
51, 13, 3, -0.425399
51, 13, 4, -0.485351
51, 13, 5, -0.469136
51, 13, 6, -0.470649
51, 13, 7, -0.466096
51, 13, 8, -0.446940
51, 13, 9, -0.420130
51, 13, 10, -0.325630
51, 13, 11, -0.112097
51, 13, 12, 0.213497
51, 13, 13, 0.619433
51, 13, 14, 1.109462
51, 13, 15, 1.787030
51, 13, 16, 100.000000
51, 13, 17, 100.000000
51, 13, 18, 100.000000
51, 13, 19, 100.000000
51, 13, 20, 100.000000
51, 13, 21, 100.000000
51, 13, 22, 100.000000
51, 13, 23, 100.000000
51, 13, 24, 100.000000
51, 13, 25, 100.000000
51, 13, 26, 100.000000
51, 13, 27, 100.000000
51, 13, 28, 100.000000
51, 13, 29, 100.000000
51, 13, 30, 100.000000
51, 13, 31, 100.000000
51, 13, 32, 100.000000
51, 13, 33, 100.000000
51, 13, 34, 100.000000
51, 14, 0, 0.359328
51, 14, 1, -0.215533
51, 14, 2, -0.416269
51, 14, 3, -0.419965
51, 14, 4, -0.465500
51, 14, 5, -0.462854
51, 14, 6, -0.458528
51, 14, 7, -0.458328
51, 14, 8, -0.444945
51, 14, 9, -0.416483
51, 14, 10, -0.292753
51, 14, 11, -0.109117
51, 14, 12, 0.178664
51, 14, 13, 0.601239
51, 14, 14, 1.137511
51, 14, 15, 1.898998
51, 14, 16, 100.000000
51, 14, 17, 100.000000
51, 14, 18, 100.000000
51, 14, 19, 100.000000
51, 14, 20, 100.000000
51, 14, 21, 100.000000
51, 14, 22, 100.000000
51, 14, 23, 100.000000
51, 14, 24, 100.000000
51, 14, 25, 100.000000
51, 14, 26, 100.000000
51, 14, 27, 100.000000
51, 14, 28, 100.000000
51, 14, 29, 100.000000
51, 14, 30, 100.000000
51, 14, 31, 100.000000
51, 14, 32, 100.000000
51, 14, 33, 100.000000
51, 14, 34, 100.000000
51, 15, 0, 0.388106
51, 15, 1, -0.191809
51, 15, 2, -0.430297
51, 15, 3, -0.420183
51, 15, 4, -0.454161
51, 15, 5, -0.470433
51, 15, 6, -0.460913
51, 15, 7, -0.483417
51, 15, 8, -0.483962
51, 15, 9, -0.381263
51, 15, 10, -0.251634
51, 15, 11, -0.123546
51, 15, 12, 0.150587
51, 15, 13, 0.633132
51, 15, 14, 1.239149
51, 15, 15, 1.949677
51, 15, 16, 100.000000
51, 15, 17, 100.000000
51, 15, 18, 100.000000
51, 15, 19, 100.000000
51, 15, 20, 100.000000
51, 15, 21, 100.000000
51, 15, 22, 100.000000
51, 15, 23, 100.000000
51, 15, 24, 100.000000
51, 15, 25, 100.000000
51, 15, 26, 100.000000
51, 15, 27, 100.000000
51, 15, 28, 100.000000
51, 15, 29, 100.000000
51, 15, 30, 100.000000
51, 15, 31, 100.000000
51, 15, 32, 100.000000
51, 15, 33, 100.000000
51, 15, 34, 100.000000
51, 16, 0, 0.419968
51, 16, 1, -0.174517
51, 16, 2, -0.447305
51, 16, 3, -0.426892
51, 16, 4, -0.446424
51, 16, 5, -0.480781
51, 16, 6, -0.444630
51, 16, 7, -0.459887
51, 16, 8, -0.452132
51, 16, 9, -0.360490
51, 16, 10, -0.276563
51, 16, 11, -0.166721
51, 16, 12, 0.151000
51, 16, 13, 0.662245
51, 16, 14, 1.269073
51, 16, 15, 1.894927
51, 16, 16, 100.000000
51, 16, 17, 100.000000
51, 16, 18, 100.000000
51, 16, 19, 100.000000
51, 16, 20, 100.000000
51, 16, 21, 100.000000
51, 16, 22, 100.000000
51, 16, 23, 100.000000
51, 16, 24, 100.000000
51, 16, 25, 100.000000
51, 16, 26, 100.000000
51, 16, 27, 100.000000
51, 16, 28, 100.000000
51, 16, 29, 100.000000
51, 16, 30, 100.000000
51, 16, 31, 100.000000
51, 16, 32, 100.000000
51, 16, 33, 100.000000
51, 16, 34, 100.000000
51, 17, 0, 0.411149
51, 17, 1, -0.166769
51, 17, 2, -0.463071
51, 17, 3, -0.416800
51, 17, 4, -0.459002
51, 17, 5, -0.466452
51, 17, 6, -0.436946
51, 17, 7, -0.451101
51, 17, 8, -0.450452
51, 17, 9, -0.361866
51, 17, 10, -0.310181
51, 17, 11, -0.165160
51, 17, 12, 0.196793
51, 17, 13, 0.712566
51, 17, 14, 1.238939
51, 17, 15, 1.928793
51, 17, 16, 100.000000
51, 17, 17, 100.000000
51, 17, 18, 100.000000
51, 17, 19, 100.000000
51, 17, 20, 100.000000
51, 17, 21, 100.000000
51, 17, 22, 100.000000
51, 17, 23, 100.000000
51, 17, 24, 100.000000
51, 17, 25, 100.000000
51, 17, 26, 100.000000
51, 17, 27, 100.000000
51, 17, 28, 100.000000
51, 17, 29, 100.000000
51, 17, 30, 100.000000
51, 17, 31, 100.000000
51, 17, 32, 100.000000
51, 17, 33, 100.000000
51, 17, 34, 100.000000
51, 18, 0, 0.413031
51, 18, 1, -0.153573
51, 18, 2, -0.482440
51, 18, 3, -0.429713
51, 18, 4, -0.448970
51, 18, 5, -0.460262
51, 18, 6, -0.445256
51, 18, 7, -0.462964
51, 18, 8, -0.431715
51, 18, 9, -0.327092
51, 18, 10, -0.279781
51, 18, 11, -0.122791
51, 18, 12, 0.234736
51, 18, 13, 0.732932
51, 18, 14, 1.337590
51, 18, 15, 2.095649
51, 18, 16, 100.000000
51, 18, 17, 100.000000
51, 18, 18, 100.000000
51, 18, 19, 100.000000
51, 18, 20, 100.000000
51, 18, 21, 100.000000
51, 18, 22, 100.000000
51, 18, 23, 100.000000
51, 18, 24, 100.000000
51, 18, 25, 100.000000
51, 18, 26, 100.000000
51, 18, 27, 100.000000
51, 18, 28, 100.000000
51, 18, 29, 100.000000
51, 18, 30, 100.000000
51, 18, 31, 100.000000
51, 18, 32, 100.000000
51, 18, 33, 100.000000
51, 18, 34, 100.000000
51, 19, 0, 0.404510
51, 19, 1, -0.165289
51, 19, 2, -0.449862
51, 19, 3, -0.461318
51, 19, 4, -0.460806
51, 19, 5, -0.455286
51, 19, 6, -0.464647
51, 19, 7, -0.493773
51, 19, 8, -0.437092
51, 19, 9, -0.290988
51, 19, 10, -0.228047
51, 19, 11, -0.137605
51, 19, 12, 0.189822
51, 19, 13, 0.697528
51, 19, 14, 1.363415
51, 19, 15, 2.297696
51, 19, 16, 100.000000
51, 19, 17, 100.000000
51, 19, 18, 100.000000
51, 19, 19, 100.000000
51, 19, 20, 100.000000
51, 19, 21, 100.000000
51, 19, 22, 100.000000
51, 19, 23, 100.000000
51, 19, 24, 100.000000
51, 19, 25, 100.000000
51, 19, 26, 100.000000
51, 19, 27, 100.000000
51, 19, 28, 100.000000
51, 19, 29, 100.000000
51, 19, 30, 100.000000
51, 19, 31, 100.000000
51, 19, 32, 100.000000
51, 19, 33, 100.000000
51, 19, 34, 100.000000
51, 20, 0, 0.388951
51, 20, 1, -0.183659
51, 20, 2, -0.465257
51, 20, 3, -0.466488
51, 20, 4, -0.481790
51, 20, 5, -0.462501
51, 20, 6, -0.459031
51, 20, 7, -0.479815
51, 20, 8, -0.458599
51, 20, 9, -0.301429
51, 20, 10, -0.225682
51, 20, 11, -0.157467
51, 20, 12, 0.173966
51, 20, 13, 0.678791
51, 20, 14, 1.376567
51, 20, 15, 2.150166
51, 20, 16, 100.000000
51, 20, 17, 100.000000
51, 20, 18, 100.000000
51, 20, 19, 100.000000
51, 20, 20, 100.000000
51, 20, 21, 100.000000
51, 20, 22, 100.000000
51, 20, 23, 100.000000
51, 20, 24, 100.000000
51, 20, 25, 100.000000
51, 20, 26, 100.000000
51, 20, 27, 100.000000
51, 20, 28, 100.000000
51, 20, 29, 100.000000
51, 20, 30, 100.000000
51, 20, 31, 100.000000
51, 20, 32, 100.000000
51, 20, 33, 100.000000
51, 20, 34, 100.000000
51, 21, 0, 0.377605
51, 21, 1, -0.163671
51, 21, 2, -0.431885
51, 21, 3, -0.446050
51, 21, 4, -0.468833
51, 21, 5, -0.468509
51, 21, 6, -0.439760
51, 21, 7, -0.420721
51, 21, 8, -0.408202
51, 21, 9, -0.302483
51, 21, 10, -0.263379
51, 21, 11, -0.167620
51, 21, 12, 0.202122
51, 21, 13, 0.739514
51, 21, 14, 1.450867
51, 21, 15, 2.340700
51, 21, 16, 100.000000
51, 21, 17, 100.000000
51, 21, 18, 100.000000
51, 21, 19, 100.000000
51, 21, 20, 100.000000
51, 21, 21, 100.000000
51, 21, 22, 100.000000
51, 21, 23, 100.000000
51, 21, 24, 100.000000
51, 21, 25, 100.000000
51, 21, 26, 100.000000
51, 21, 27, 100.000000
51, 21, 28, 100.000000
51, 21, 29, 100.000000
51, 21, 30, 100.000000
51, 21, 31, 100.000000
51, 21, 32, 100.000000
51, 21, 33, 100.000000
51, 21, 34, 100.000000
51, 22, 0, 0.355740
51, 22, 1, -0.147680
51, 22, 2, -0.414122
51, 22, 3, -0.448678
51, 22, 4, -0.463326
51, 22, 5, -0.480731
51, 22, 6, -0.470441
51, 22, 7, -0.461790
51, 22, 8, -0.418916
51, 22, 9, -0.295691
51, 22, 10, -0.287063
51, 22, 11, -0.185565
51, 22, 12, 0.241366
51, 22, 13, 0.849732
51, 22, 14, 1.489353
51, 22, 15, 2.269172
51, 22, 16, 100.000000
51, 22, 17, 100.000000
51, 22, 18, 100.000000
51, 22, 19, 100.000000
51, 22, 20, 100.000000
51, 22, 21, 100.000000
51, 22, 22, 100.000000
51, 22, 23, 100.000000
51, 22, 24, 100.000000
51, 22, 25, 100.000000
51, 22, 26, 100.000000
51, 22, 27, 100.000000
51, 22, 28, 100.000000
51, 22, 29, 100.000000
51, 22, 30, 100.000000
51, 22, 31, 100.000000
51, 22, 32, 100.000000
51, 22, 33, 100.000000
51, 22, 34, 100.000000
51, 23, 0, 0.346042
51, 23, 1, -0.162670
51, 23, 2, -0.419912
51, 23, 3, -0.427257
51, 23, 4, -0.444014
51, 23, 5, -0.460620
51, 23, 6, -0.460781
51, 23, 7, -0.466211
51, 23, 8, -0.407676
51, 23, 9, -0.293940
51, 23, 10, -0.283828
51, 23, 11, -0.180590
51, 23, 12, 0.262150
51, 23, 13, 0.900730
51, 23, 14, 1.539411
51, 23, 15, 2.416182
51, 23, 16, 100.000000
51, 23, 17, 100.000000
51, 23, 18, 100.000000
51, 23, 19, 100.000000
51, 23, 20, 100.000000
51, 23, 21, 100.000000
51, 23, 22, 100.000000
51, 23, 23, 100.000000
51, 23, 24, 100.000000
51, 23, 25, 100.000000
51, 23, 26, 100.000000
51, 23, 27, 100.000000
51, 23, 28, 100.000000
51, 23, 29, 100.000000
51, 23, 30, 100.000000
51, 23, 31, 100.000000
51, 23, 32, 100.000000
51, 23, 33, 100.000000
51, 23, 34, 100.000000
51, 24, 0, 0.359944
51, 24, 1, -0.178228
51, 24, 2, -0.472083
51, 24, 3, -0.448822
51, 24, 4, -0.453905
51, 24, 5, -0.440416
51, 24, 6, -0.446015
51, 24, 7, -0.462309
51, 24, 8, -0.418407
51, 24, 9, -0.317673
51, 24, 10, -0.279072
51, 24, 11, -0.149817
51, 24, 12, 0.267514
51, 24, 13, 0.856795
51, 24, 14, 1.412017
51, 24, 15, 2.252990
51, 24, 16, 100.000000
51, 24, 17, 100.000000
51, 24, 18, 100.000000
51, 24, 19, 100.000000
51, 24, 20, 100.000000
51, 24, 21, 100.000000
51, 24, 22, 100.000000
51, 24, 23, 100.000000
51, 24, 24, 100.000000
51, 24, 25, 100.000000
51, 24, 26, 100.000000
51, 24, 27, 100.000000
51, 24, 28, 100.000000
51, 24, 29, 100.000000
51, 24, 30, 100.000000
51, 24, 31, 100.000000
51, 24, 32, 100.000000
51, 24, 33, 100.000000
51, 24, 34, 100.000000
51, 25, 0, 0.377051
51, 25, 1, -0.162904
51, 25, 2, -0.485633
51, 25, 3, -0.460659
51, 25, 4, -0.481057
51, 25, 5, -0.482712
51, 25, 6, -0.437308
51, 25, 7, -0.455259
51, 25, 8, -0.445924
51, 25, 9, -0.349804
51, 25, 10, -0.264871
51, 25, 11, -0.108357
51, 25, 12, 0.259647
51, 25, 13, 0.750717
51, 25, 14, 1.289185
51, 25, 15, 2.048877
51, 25, 16, 100.000000
51, 25, 17, 100.000000
51, 25, 18, 100.000000
51, 25, 19, 100.000000
51, 25, 20, 100.000000
51, 25, 21, 100.000000
51, 25, 22, 100.000000
51, 25, 23, 100.000000
51, 25, 24, 100.000000
51, 25, 25, 100.000000
51, 25, 26, 100.000000
51, 25, 27, 100.000000
51, 25, 28, 100.000000
51, 25, 29, 100.000000
51, 25, 30, 100.000000
51, 25, 31, 100.000000
51, 25, 32, 100.000000
51, 25, 33, 100.000000
51, 25, 34, 100.000000
51, 26, 0, 0.394152
51, 26, 1, -0.155811
51, 26, 2, -0.456523
51, 26, 3, -0.444101
51, 26, 4, -0.464308
51, 26, 5, -0.473407
51, 26, 6, -0.451124
51, 26, 7, -0.430719
51, 26, 8, -0.465542
51, 26, 9, -0.374250
51, 26, 10, -0.246488
51, 26, 11, -0.085873
51, 26, 12, 0.211589
51, 26, 13, 0.639237
51, 26, 14, 1.278391
51, 26, 15, 2.117677
51, 26, 16, 100.000000
51, 26, 17, 100.000000
51, 26, 18, 100.000000
51, 26, 19, 100.000000
51, 26, 20, 100.000000
51, 26, 21, 100.000000
51, 26, 22, 100.000000
51, 26, 23, 100.000000
51, 26, 24, 100.000000
51, 26, 25, 100.000000
51, 26, 26, 100.000000
51, 26, 27, 100.000000
51, 26, 28, 100.000000
51, 26, 29, 100.000000
51, 26, 30, 100.000000
51, 26, 31, 100.000000
51, 26, 32, 100.000000
51, 26, 33, 100.000000
51, 26, 34, 100.000000
51, 27, 0, 0.403839
51, 27, 1, -0.150253
51, 27, 2, -0.450248
51, 27, 3, -0.445265
51, 27, 4, -0.437230
51, 27, 5, -0.399594
51, 27, 6, -0.402758
51, 27, 7, -0.370771
51, 27, 8, -0.386081
51, 27, 9, -0.387620
51, 27, 10, -0.247644
51, 27, 11, -0.086014
51, 27, 12, 0.167711
51, 27, 13, 0.610508
51, 27, 14, 1.245284
51, 27, 15, 2.026946
51, 27, 16, 100.000000
51, 27, 17, 100.000000
51, 27, 18, 100.000000
51, 27, 19, 100.000000
51, 27, 20, 100.000000
51, 27, 21, 100.000000
51, 27, 22, 100.000000
51, 27, 23, 100.000000
51, 27, 24, 100.000000
51, 27, 25, 100.000000
51, 27, 26, 100.000000
51, 27, 27, 100.000000
51, 27, 28, 100.000000
51, 27, 29, 100.000000
51, 27, 30, 100.000000
51, 27, 31, 100.000000
51, 27, 32, 100.000000
51, 27, 33, 100.000000
51, 27, 34, 100.000000
51, 28, 0, 0.407601
51, 28, 1, -0.150586
51, 28, 2, -0.432487
51, 28, 3, -0.391901
51, 28, 4, -0.369022
51, 28, 5, -0.327560
51, 28, 6, -0.350880
51, 28, 7, -0.342405
51, 28, 8, -0.318233
51, 28, 9, -0.318449
51, 28, 10, -0.243969
51, 28, 11, -0.094253
51, 28, 12, 0.139378
51, 28, 13, 0.589361
51, 28, 14, 1.214759
51, 28, 15, 2.002136
51, 28, 16, 100.000000
51, 28, 17, 100.000000
51, 28, 18, 100.000000
51, 28, 19, 100.000000
51, 28, 20, 100.000000
51, 28, 21, 100.000000
51, 28, 22, 100.000000
51, 28, 23, 100.000000
51, 28, 24, 100.000000
51, 28, 25, 100.000000
51, 28, 26, 100.000000
51, 28, 27, 100.000000
51, 28, 28, 100.000000
51, 28, 29, 100.000000
51, 28, 30, 100.000000
51, 28, 31, 100.000000
51, 28, 32, 100.000000
51, 28, 33, 100.000000
51, 28, 34, 100.000000
51, 29, 0, 0.471159
51, 29, 1, 0.013235
51, 29, 2, -0.083761
51, 29, 3, -0.069396
51, 29, 4, -0.078305
51, 29, 5, -0.086627
51, 29, 6, -0.104151
51, 29, 7, -0.102699
51, 29, 8, -0.071353
51, 29, 9, -0.040060
51, 29, 10, -0.011765
51, 29, 11, 0.053142
51, 29, 12, 0.240640
51, 29, 13, 0.675087
51, 29, 14, 1.277443
51, 29, 15, 2.055321
51, 29, 16, 100.000000
51, 29, 17, 100.000000
51, 29, 18, 100.000000
51, 29, 19, 100.000000
51, 29, 20, 100.000000
51, 29, 21, 100.000000
51, 29, 22, 100.000000
51, 29, 23, 100.000000
51, 29, 24, 100.000000
51, 29, 25, 100.000000
51, 29, 26, 100.000000
51, 29, 27, 100.000000
51, 29, 28, 100.000000
51, 29, 29, 100.000000
51, 29, 30, 100.000000
51, 29, 31, 100.000000
51, 29, 32, 100.000000
51, 29, 33, 100.000000
51, 29, 34, 100.000000
52, 0, 0, 0.671273
52, 0, 1, 0.447514
52, 0, 2, 0.445361
52, 0, 3, 0.451734
52, 0, 4, 0.438261
52, 0, 5, 0.415974
52, 0, 6, 0.386607
52, 0, 7, 0.406485
52, 0, 8, 0.439066
52, 0, 9, 0.464957
52, 0, 10, 0.460897
52, 0, 11, 0.486951
52, 0, 12, 0.658311
52, 0, 13, 1.007513
52, 0, 14, 1.561046
52, 0, 15, 2.339534
52, 0, 16, 100.000000
52, 0, 17, 100.000000
52, 0, 18, 100.000000
52, 0, 19, 100.000000
52, 0, 20, 100.000000
52, 0, 21, 100.000000
52, 0, 22, 100.000000
52, 0, 23, 100.000000
52, 0, 24, 100.000000
52, 0, 25, 100.000000
52, 0, 26, 100.000000
52, 0, 27, 100.000000
52, 0, 28, 100.000000
52, 0, 29, 100.000000
52, 0, 30, 100.000000
52, 0, 31, 100.000000
52, 0, 32, 100.000000
52, 0, 33, 100.000000
52, 0, 34, 100.000000
52, 1, 0, 0.433538
52, 1, 1, -0.024359
52, 1, 2, -0.115076
52, 1, 3, -0.081959
52, 1, 4, -0.094783
52, 1, 5, -0.125277
52, 1, 6, -0.152514
52, 1, 7, -0.126748
52, 1, 8, -0.102365
52, 1, 9, -0.083609
52, 1, 10, -0.037732
52, 1, 11, 0.057838
52, 1, 12, 0.287153
52, 1, 13, 0.714167
52, 1, 14, 1.336112
52, 1, 15, 1.932712
52, 1, 16, 100.000000
52, 1, 17, 100.000000
52, 1, 18, 100.000000
52, 1, 19, 100.000000
52, 1, 20, 100.000000
52, 1, 21, 100.000000
52, 1, 22, 100.000000
52, 1, 23, 100.000000
52, 1, 24, 100.000000
52, 1, 25, 100.000000
52, 1, 26, 100.000000
52, 1, 27, 100.000000
52, 1, 28, 100.000000
52, 1, 29, 100.000000
52, 1, 30, 100.000000
52, 1, 31, 100.000000
52, 1, 32, 100.000000
52, 1, 33, 100.000000
52, 1, 34, 100.000000
52, 2, 0, 0.407063
52, 2, 1, -0.149080
52, 2, 2, -0.469216
52, 2, 3, -0.415454
52, 2, 4, -0.439304
52, 2, 5, -0.469282
52, 2, 6, -0.453562
52, 2, 7, -0.405528
52, 2, 8, -0.392654
52, 2, 9, -0.404093
52, 2, 10, -0.309689
52, 2, 11, -0.111568
52, 2, 12, 0.196615
52, 2, 13, 0.657952
52, 2, 14, 1.293033
52, 2, 15, 1.920817
52, 2, 16, 100.000000
52, 2, 17, 100.000000
52, 2, 18, 100.000000
52, 2, 19, 100.000000
52, 2, 20, 100.000000
52, 2, 21, 100.000000
52, 2, 22, 100.000000
52, 2, 23, 100.000000
52, 2, 24, 100.000000
52, 2, 25, 100.000000
52, 2, 26, 100.000000
52, 2, 27, 100.000000
52, 2, 28, 100.000000
52, 2, 29, 100.000000
52, 2, 30, 100.000000
52, 2, 31, 100.000000
52, 2, 32, 100.000000
52, 2, 33, 100.000000
52, 2, 34, 100.000000
52, 3, 0, 0.409027
52, 3, 1, -0.134104
52, 3, 2, -0.425187
52, 3, 3, -0.420149
52, 3, 4, -0.419611
52, 3, 5, -0.421876
52, 3, 6, -0.431080
52, 3, 7, -0.410349
52, 3, 8, -0.402252
52, 3, 9, -0.414439
52, 3, 10, -0.339644
52, 3, 11, -0.138347
52, 3, 12, 0.199691
52, 3, 13, 0.700953
52, 3, 14, 1.350093
52, 3, 15, 2.155515
52, 3, 16, 100.000000
52, 3, 17, 100.000000
52, 3, 18, 100.000000
52, 3, 19, 100.000000
52, 3, 20, 100.000000
52, 3, 21, 100.000000
52, 3, 22, 100.000000
52, 3, 23, 100.000000
52, 3, 24, 100.000000
52, 3, 25, 100.000000
52, 3, 26, 100.000000
52, 3, 27, 100.000000
52, 3, 28, 100.000000
52, 3, 29, 100.000000
52, 3, 30, 100.000000
52, 3, 31, 100.000000
52, 3, 32, 100.000000
52, 3, 33, 100.000000
52, 3, 34, 100.000000
52, 4, 0, 0.419143
52, 4, 1, -0.133926
52, 4, 2, -0.458891
52, 4, 3, -0.429654
52, 4, 4, -0.434114
52, 4, 5, -0.465682
52, 4, 6, -0.438665
52, 4, 7, -0.418381
52, 4, 8, -0.422726
52, 4, 9, -0.436604
52, 4, 10, -0.371141
52, 4, 11, -0.182226
52, 4, 12, 0.177020
52, 4, 13, 0.724075
52, 4, 14, 1.373280
52, 4, 15, 2.180333
52, 4, 16, 100.000000
52, 4, 17, 100.000000
52, 4, 18, 100.000000
52, 4, 19, 100.000000
52, 4, 20, 100.000000
52, 4, 21, 100.000000
52, 4, 22, 100.000000
52, 4, 23, 100.000000
52, 4, 24, 100.000000
52, 4, 25, 100.000000
52, 4, 26, 100.000000
52, 4, 27, 100.000000
52, 4, 28, 100.000000
52, 4, 29, 100.000000
52, 4, 30, 100.000000
52, 4, 31, 100.000000
52, 4, 32, 100.000000
52, 4, 33, 100.000000
52, 4, 34, 100.000000
52, 5, 0, 0.432096
52, 5, 1, -0.113091
52, 5, 2, -0.434147
52, 5, 3, -0.406699
52, 5, 4, -0.428146
52, 5, 5, -0.445985
52, 5, 6, -0.425994
52, 5, 7, -0.453768
52, 5, 8, -0.451458
52, 5, 9, -0.416298
52, 5, 10, -0.368017
52, 5, 11, -0.217411
52, 5, 12, 0.156921
52, 5, 13, 0.715521
52, 5, 14, 1.323780
52, 5, 15, 2.028610
52, 5, 16, 100.000000
52, 5, 17, 100.000000
52, 5, 18, 100.000000
52, 5, 19, 100.000000
52, 5, 20, 100.000000
52, 5, 21, 100.000000
52, 5, 22, 100.000000
52, 5, 23, 100.000000
52, 5, 24, 100.000000
52, 5, 25, 100.000000
52, 5, 26, 100.000000
52, 5, 27, 100.000000
52, 5, 28, 100.000000
52, 5, 29, 100.000000
52, 5, 30, 100.000000
52, 5, 31, 100.000000
52, 5, 32, 100.000000
52, 5, 33, 100.000000
52, 5, 34, 100.000000
52, 6, 0, 0.423415
52, 6, 1, -0.106553
52, 6, 2, -0.434619
52, 6, 3, -0.416574
52, 6, 4, -0.432647
52, 6, 5, -0.446087
52, 6, 6, -0.412535
52, 6, 7, -0.450455
52, 6, 8, -0.459477
52, 6, 9, -0.397265
52, 6, 10, -0.355939
52, 6, 11, -0.211146
52, 6, 12, 0.164684
52, 6, 13, 0.723377
52, 6, 14, 1.252482
52, 6, 15, 1.941172
52, 6, 16, 100.000000
52, 6, 17, 100.000000
52, 6, 18, 100.000000
52, 6, 19, 100.000000
52, 6, 20, 100.000000
52, 6, 21, 100.000000
52, 6, 22, 100.000000
52, 6, 23, 100.000000
52, 6, 24, 100.000000
52, 6, 25, 100.000000
52, 6, 26, 100.000000
52, 6, 27, 100.000000
52, 6, 28, 100.000000
52, 6, 29, 100.000000
52, 6, 30, 100.000000
52, 6, 31, 100.000000
52, 6, 32, 100.000000
52, 6, 33, 100.000000
52, 6, 34, 100.000000
52, 7, 0, 0.412507
52, 7, 1, -0.121790
52, 7, 2, -0.442719
52, 7, 3, -0.442548
52, 7, 4, -0.449126
52, 7, 5, -0.429131
52, 7, 6, -0.407892
52, 7, 7, -0.444526
52, 7, 8, -0.440107
52, 7, 9, -0.393281
52, 7, 10, -0.351806
52, 7, 11, -0.188894
52, 7, 12, 0.188216
52, 7, 13, 0.741094
52, 7, 14, 1.262255
52, 7, 15, 1.974039
52, 7, 16, 100.000000
52, 7, 17, 100.000000
52, 7, 18, 100.000000
52, 7, 19, 100.000000
52, 7, 20, 100.000000
52, 7, 21, 100.000000
52, 7, 22, 100.000000
52, 7, 23, 100.000000
52, 7, 24, 100.000000
52, 7, 25, 100.000000
52, 7, 26, 100.000000
52, 7, 27, 100.000000
52, 7, 28, 100.000000
52, 7, 29, 100.000000
52, 7, 30, 100.000000
52, 7, 31, 100.000000
52, 7, 32, 100.000000
52, 7, 33, 100.000000
52, 7, 34, 100.000000
52, 8, 0, 0.407890
52, 8, 1, -0.134296
52, 8, 2, -0.461858
52, 8, 3, -0.428499
52, 8, 4, -0.426147
52, 8, 5, -0.387790
52, 8, 6, -0.394099
52, 8, 7, -0.439930
52, 8, 8, -0.439309
52, 8, 9, -0.411735
52, 8, 10, -0.344977
52, 8, 11, -0.155254
52, 8, 12, 0.231042
52, 8, 13, 0.744976
52, 8, 14, 1.397819
52, 8, 15, 2.305605
52, 8, 16, 100.000000
52, 8, 17, 100.000000
52, 8, 18, 100.000000
52, 8, 19, 100.000000
52, 8, 20, 100.000000
52, 8, 21, 100.000000
52, 8, 22, 100.000000
52, 8, 23, 100.000000
52, 8, 24, 100.000000
52, 8, 25, 100.000000
52, 8, 26, 100.000000
52, 8, 27, 100.000000
52, 8, 28, 100.000000
52, 8, 29, 100.000000
52, 8, 30, 100.000000
52, 8, 31, 100.000000
52, 8, 32, 100.000000
52, 8, 33, 100.000000
52, 8, 34, 100.000000
52, 9, 0, 0.414252
52, 9, 1, -0.137732
52, 9, 2, -0.486383
52, 9, 3, -0.408575
52, 9, 4, -0.419888
52, 9, 5, -0.392688
52, 9, 6, -0.413237
52, 9, 7, -0.466616
52, 9, 8, -0.447267
52, 9, 9, -0.415935
52, 9, 10, -0.329497
52, 9, 11, -0.122492
52, 9, 12, 0.252594
52, 9, 13, 0.763584
52, 9, 14, 1.434941
52, 9, 15, 2.176162
52, 9, 16, 100.000000
52, 9, 17, 100.000000
52, 9, 18, 100.000000
52, 9, 19, 100.000000
52, 9, 20, 100.000000
52, 9, 21, 100.000000
52, 9, 22, 100.000000
52, 9, 23, 100.000000
52, 9, 24, 100.000000
52, 9, 25, 100.000000
52, 9, 26, 100.000000
52, 9, 27, 100.000000
52, 9, 28, 100.000000
52, 9, 29, 100.000000
52, 9, 30, 100.000000
52, 9, 31, 100.000000
52, 9, 32, 100.000000
52, 9, 33, 100.000000
52, 9, 34, 100.000000
52, 10, 0, 0.412383
52, 10, 1, -0.147695
52, 10, 2, -0.484322
52, 10, 3, -0.401135
52, 10, 4, -0.421931
52, 10, 5, -0.421158
52, 10, 6, -0.420279
52, 10, 7, -0.441900
52, 10, 8, -0.440213
52, 10, 9, -0.400896
52, 10, 10, -0.329585
52, 10, 11, -0.122502
52, 10, 12, 0.244318
52, 10, 13, 0.794250
52, 10, 14, 1.402495
52, 10, 15, 2.305660
52, 10, 16, 100.000000
52, 10, 17, 100.000000
52, 10, 18, 100.000000
52, 10, 19, 100.000000
52, 10, 20, 100.000000
52, 10, 21, 100.000000
52, 10, 22, 100.000000
52, 10, 23, 100.000000
52, 10, 24, 100.000000
52, 10, 25, 100.000000
52, 10, 26, 100.000000
52, 10, 27, 100.000000
52, 10, 28, 100.000000
52, 10, 29, 100.000000
52, 10, 30, 100.000000
52, 10, 31, 100.000000
52, 10, 32, 100.000000
52, 10, 33, 100.000000
52, 10, 34, 100.000000
52, 11, 0, 0.401493
52, 11, 1, -0.179873
52, 11, 2, -0.460912
52, 11, 3, -0.423285
52, 11, 4, -0.438708
52, 11, 5, -0.438355
52, 11, 6, -0.433019
52, 11, 7, -0.439020
52, 11, 8, -0.438122
52, 11, 9, -0.408833
52, 11, 10, -0.332083
52, 11, 11, -0.128141
52, 11, 12, 0.241605
52, 11, 13, 0.791076
52, 11, 14, 1.368119
52, 11, 15, 2.158464
52, 11, 16, 100.000000
52, 11, 17, 100.000000
52, 11, 18, 100.000000
52, 11, 19, 100.000000
52, 11, 20, 100.000000
52, 11, 21, 100.000000
52, 11, 22, 100.000000
52, 11, 23, 100.000000
52, 11, 24, 100.000000
52, 11, 25, 100.000000
52, 11, 26, 100.000000
52, 11, 27, 100.000000
52, 11, 28, 100.000000
52, 11, 29, 100.000000
52, 11, 30, 100.000000
52, 11, 31, 100.000000
52, 11, 32, 100.000000
52, 11, 33, 100.000000
52, 11, 34, 100.000000
52, 12, 0, 0.395137
52, 12, 1, -0.208505
52, 12, 2, -0.448288
52, 12, 3, -0.424742
52, 12, 4, -0.453542
52, 12, 5, -0.464636
52, 12, 6, -0.466090
52, 12, 7, -0.455014
52, 12, 8, -0.439880
52, 12, 9, -0.432664
52, 12, 10, -0.361247
52, 12, 11, -0.151716
52, 12, 12, 0.189265
52, 12, 13, 0.671914
52, 12, 14, 1.220818
52, 12, 15, 1.863651
52, 12, 16, 100.000000
52, 12, 17, 100.000000
52, 12, 18, 100.000000
52, 12, 19, 100.000000
52, 12, 20, 100.000000
52, 12, 21, 100.000000
52, 12, 22, 100.000000
52, 12, 23, 100.000000
52, 12, 24, 100.000000
52, 12, 25, 100.000000
52, 12, 26, 100.000000
52, 12, 27, 100.000000
52, 12, 28, 100.000000
52, 12, 29, 100.000000
52, 12, 30, 100.000000
52, 12, 31, 100.000000
52, 12, 32, 100.000000
52, 12, 33, 100.000000
52, 12, 34, 100.000000
52, 13, 0, 0.387533
52, 13, 1, -0.213024
52, 13, 2, -0.423883
52, 13, 3, -0.431195
52, 13, 4, -0.480585
52, 13, 5, -0.469420
52, 13, 6, -0.460092
52, 13, 7, -0.447808
52, 13, 8, -0.442859
52, 13, 9, -0.438409
52, 13, 10, -0.365672
52, 13, 11, -0.155176
52, 13, 12, 0.142214
52, 13, 13, 0.549226
52, 13, 14, 1.117448
52, 13, 15, 1.711153
52, 13, 16, 100.000000
52, 13, 17, 100.000000
52, 13, 18, 100.000000
52, 13, 19, 100.000000
52, 13, 20, 100.000000
52, 13, 21, 100.000000
52, 13, 22, 100.000000
52, 13, 23, 100.000000
52, 13, 24, 100.000000
52, 13, 25, 100.000000
52, 13, 26, 100.000000
52, 13, 27, 100.000000
52, 13, 28, 100.000000
52, 13, 29, 100.000000
52, 13, 30, 100.000000
52, 13, 31, 100.000000
52, 13, 32, 100.000000
52, 13, 33, 100.000000
52, 13, 34, 100.000000
52, 14, 0, 0.370838
52, 14, 1, -0.210348
52, 14, 2, -0.429346
52, 14, 3, -0.453790
52, 14, 4, -0.460154
52, 14, 5, -0.461387
52, 14, 6, -0.458262
52, 14, 7, -0.456655
52, 14, 8, -0.449085
52, 14, 9, -0.449125
52, 14, 10, -0.336147
52, 14, 11, -0.140072
52, 14, 12, 0.125809
52, 14, 13, 0.542215
52, 14, 14, 1.172567
52, 14, 15, 1.887797
52, 14, 16, 100.000000
52, 14, 17, 100.000000
52, 14, 18, 100.000000
52, 14, 19, 100.000000
52, 14, 20, 100.000000
52, 14, 21, 100.000000
52, 14, 22, 100.000000
52, 14, 23, 100.000000
52, 14, 24, 100.000000
52, 14, 25, 100.000000
52, 14, 26, 100.000000
52, 14, 27, 100.000000
52, 14, 28, 100.000000
52, 14, 29, 100.000000
52, 14, 30, 100.000000
52, 14, 31, 100.000000
52, 14, 32, 100.000000
52, 14, 33, 100.000000
52, 14, 34, 100.000000
52, 15, 0, 0.377746
52, 15, 1, -0.201019
52, 15, 2, -0.433402
52, 15, 3, -0.453321
52, 15, 4, -0.442015
52, 15, 5, -0.459423
52, 15, 6, -0.464685
52, 15, 7, -0.477048
52, 15, 8, -0.478795
52, 15, 9, -0.417430
52, 15, 10, -0.284658
52, 15, 11, -0.143977
52, 15, 12, 0.112882
52, 15, 13, 0.582165
52, 15, 14, 1.183249
52, 15, 15, 1.930550
52, 15, 16, 100.000000
52, 15, 17, 100.000000
52, 15, 18, 100.000000
52, 15, 19, 100.000000
52, 15, 20, 100.000000
52, 15, 21, 100.000000
52, 15, 22, 100.000000
52, 15, 23, 100.000000
52, 15, 24, 100.000000
52, 15, 25, 100.000000
52, 15, 26, 100.000000
52, 15, 27, 100.000000
52, 15, 28, 100.000000
52, 15, 29, 100.000000
52, 15, 30, 100.000000
52, 15, 31, 100.000000
52, 15, 32, 100.000000
52, 15, 33, 100.000000
52, 15, 34, 100.000000
52, 16, 0, 0.390917
52, 16, 1, -0.193419
52, 16, 2, -0.440710
52, 16, 3, -0.456042
52, 16, 4, -0.445413
52, 16, 5, -0.466171
52, 16, 6, -0.448998
52, 16, 7, -0.461655
52, 16, 8, -0.466684
52, 16, 9, -0.390426
52, 16, 10, -0.292684
52, 16, 11, -0.190469
52, 16, 12, 0.112248
52, 16, 13, 0.598867
52, 16, 14, 1.138290
52, 16, 15, 1.772123
52, 16, 16, 100.000000
52, 16, 17, 100.000000
52, 16, 18, 100.000000
52, 16, 19, 100.000000
52, 16, 20, 100.000000
52, 16, 21, 100.000000
52, 16, 22, 100.000000
52, 16, 23, 100.000000
52, 16, 24, 100.000000
52, 16, 25, 100.000000
52, 16, 26, 100.000000
52, 16, 27, 100.000000
52, 16, 28, 100.000000
52, 16, 29, 100.000000
52, 16, 30, 100.000000
52, 16, 31, 100.000000
52, 16, 32, 100.000000
52, 16, 33, 100.000000
52, 16, 34, 100.000000
52, 17, 0, 0.378420
52, 17, 1, -0.187854
52, 17, 2, -0.439030
52, 17, 3, -0.446260
52, 17, 4, -0.466316
52, 17, 5, -0.459570
52, 17, 6, -0.427229
52, 17, 7, -0.470083
52, 17, 8, -0.454309
52, 17, 9, -0.369421
52, 17, 10, -0.315259
52, 17, 11, -0.199747
52, 17, 12, 0.139483
52, 17, 13, 0.630376
52, 17, 14, 1.158826
52, 17, 15, 1.861323
52, 17, 16, 100.000000
52, 17, 17, 100.000000
52, 17, 18, 100.000000
52, 17, 19, 100.000000
52, 17, 20, 100.000000
52, 17, 21, 100.000000
52, 17, 22, 100.000000
52, 17, 23, 100.000000
52, 17, 24, 100.000000
52, 17, 25, 100.000000
52, 17, 26, 100.000000
52, 17, 27, 100.000000
52, 17, 28, 100.000000
52, 17, 29, 100.000000
52, 17, 30, 100.000000
52, 17, 31, 100.000000
52, 17, 32, 100.000000
52, 17, 33, 100.000000
52, 17, 34, 100.000000
52, 18, 0, 0.388881
52, 18, 1, -0.178288
52, 18, 2, -0.458281
52, 18, 3, -0.444764
52, 18, 4, -0.469117
52, 18, 5, -0.472725
52, 18, 6, -0.470483
52, 18, 7, -0.469597
52, 18, 8, -0.443420
52, 18, 9, -0.329960
52, 18, 10, -0.275404
52, 18, 11, -0.163234
52, 18, 12, 0.162470
52, 18, 13, 0.649119
52, 18, 14, 1.278695
52, 18, 15, 2.037665
52, 18, 16, 100.000000
52, 18, 17, 100.000000
52, 18, 18, 100.000000
52, 18, 19, 100.000000
52, 18, 20, 100.000000
52, 18, 21, 100.000000
52, 18, 22, 100.000000
52, 18, 23, 100.000000
52, 18, 24, 100.000000
52, 18, 25, 100.000000
52, 18, 26, 100.000000
52, 18, 27, 100.000000
52, 18, 28, 100.000000
52, 18, 29, 100.000000
52, 18, 30, 100.000000
52, 18, 31, 100.000000
52, 18, 32, 100.000000
52, 18, 33, 100.000000
52, 18, 34, 100.000000
52, 19, 0, 0.404618
52, 19, 1, -0.180506
52, 19, 2, -0.471514
52, 19, 3, -0.482097
52, 19, 4, -0.467512
52, 19, 5, -0.449628
52, 19, 6, -0.472525
52, 19, 7, -0.478643
52, 19, 8, -0.449818
52, 19, 9, -0.305136
52, 19, 10, -0.252281
52, 19, 11, -0.195522
52, 19, 12, 0.121299
52, 19, 13, 0.629001
52, 19, 14, 1.317107
52, 19, 15, 2.203173
52, 19, 16, 100.000000
52, 19, 17, 100.000000
52, 19, 18, 100.000000
52, 19, 19, 100.000000
52, 19, 20, 100.000000
52, 19, 21, 100.000000
52, 19, 22, 100.000000
52, 19, 23, 100.000000
52, 19, 24, 100.000000
52, 19, 25, 100.000000
52, 19, 26, 100.000000
52, 19, 27, 100.000000
52, 19, 28, 100.000000
52, 19, 29, 100.000000
52, 19, 30, 100.000000
52, 19, 31, 100.000000
52, 19, 32, 100.000000
52, 19, 33, 100.000000
52, 19, 34, 100.000000
52, 20, 0, 0.400508
52, 20, 1, -0.182297
52, 20, 2, -0.477752
52, 20, 3, -0.476798
52, 20, 4, -0.483850
52, 20, 5, -0.443763
52, 20, 6, -0.452371
52, 20, 7, -0.469258
52, 20, 8, -0.458847
52, 20, 9, -0.314668
52, 20, 10, -0.237615
52, 20, 11, -0.189214
52, 20, 12, 0.126533
52, 20, 13, 0.618463
52, 20, 14, 1.283591
52, 20, 15, 2.110779
52, 20, 16, 100.000000
52, 20, 17, 100.000000
52, 20, 18, 100.000000
52, 20, 19, 100.000000
52, 20, 20, 100.000000
52, 20, 21, 100.000000
52, 20, 22, 100.000000
52, 20, 23, 100.000000
52, 20, 24, 100.000000
52, 20, 25, 100.000000
52, 20, 26, 100.000000
52, 20, 27, 100.000000
52, 20, 28, 100.000000
52, 20, 29, 100.000000
52, 20, 30, 100.000000
52, 20, 31, 100.000000
52, 20, 32, 100.000000
52, 20, 33, 100.000000
52, 20, 34, 100.000000
52, 21, 0, 0.395658
52, 21, 1, -0.160817
52, 21, 2, -0.444070
52, 21, 3, -0.468524
52, 21, 4, -0.470131
52, 21, 5, -0.455722
52, 21, 6, -0.428417
52, 21, 7, -0.422158
52, 21, 8, -0.430110
52, 21, 9, -0.331433
52, 21, 10, -0.270282
52, 21, 11, -0.180221
52, 21, 12, 0.171864
52, 21, 13, 0.704575
52, 21, 14, 1.318922
52, 21, 15, 2.073585
52, 21, 16, 100.000000
52, 21, 17, 100.000000
52, 21, 18, 100.000000
52, 21, 19, 100.000000
52, 21, 20, 100.000000
52, 21, 21, 100.000000
52, 21, 22, 100.000000
52, 21, 23, 100.000000
52, 21, 24, 100.000000
52, 21, 25, 100.000000
52, 21, 26, 100.000000
52, 21, 27, 100.000000
52, 21, 28, 100.000000
52, 21, 29, 100.000000
52, 21, 30, 100.000000
52, 21, 31, 100.000000
52, 21, 32, 100.000000
52, 21, 33, 100.000000
52, 21, 34, 100.000000
52, 22, 0, 0.377188
52, 22, 1, -0.149395
52, 22, 2, -0.422726
52, 22, 3, -0.458113
52, 22, 4, -0.479331
52, 22, 5, -0.482663
52, 22, 6, -0.462085
52, 22, 7, -0.457393
52, 22, 8, -0.418920
52, 22, 9, -0.326525
52, 22, 10, -0.296422
52, 22, 11, -0.165410
52, 22, 12, 0.246396
52, 22, 13, 0.804931
52, 22, 14, 1.335520
52, 22, 15, 2.034021
52, 22, 16, 100.000000
52, 22, 17, 100.000000
52, 22, 18, 100.000000
52, 22, 19, 100.000000
52, 22, 20, 100.000000
52, 22, 21, 100.000000
52, 22, 22, 100.000000
52, 22, 23, 100.000000
52, 22, 24, 100.000000
52, 22, 25, 100.000000
52, 22, 26, 100.000000
52, 22, 27, 100.000000
52, 22, 28, 100.000000
52, 22, 29, 100.000000
52, 22, 30, 100.000000
52, 22, 31, 100.000000
52, 22, 32, 100.000000
52, 22, 33, 100.000000
52, 22, 34, 100.000000
52, 23, 0, 0.361549
52, 23, 1, -0.166310
52, 23, 2, -0.460782
52, 23, 3, -0.460245
52, 23, 4, -0.458373
52, 23, 5, -0.462547
52, 23, 6, -0.456346
52, 23, 7, -0.453531
52, 23, 8, -0.396618
52, 23, 9, -0.312806
52, 23, 10, -0.293258
52, 23, 11, -0.163644
52, 23, 12, 0.248719
52, 23, 13, 0.809757
52, 23, 14, 1.370773
52, 23, 15, 2.308775
52, 23, 16, 100.000000
52, 23, 17, 100.000000
52, 23, 18, 100.000000
52, 23, 19, 100.000000
52, 23, 20, 100.000000
52, 23, 21, 100.000000
52, 23, 22, 100.000000
52, 23, 23, 100.000000
52, 23, 24, 100.000000
52, 23, 25, 100.000000
52, 23, 26, 100.000000
52, 23, 27, 100.000000
52, 23, 28, 100.000000
52, 23, 29, 100.000000
52, 23, 30, 100.000000
52, 23, 31, 100.000000
52, 23, 32, 100.000000
52, 23, 33, 100.000000
52, 23, 34, 100.000000
52, 24, 0, 0.364617
52, 24, 1, -0.186932
52, 24, 2, -0.473699
52, 24, 3, -0.461650
52, 24, 4, -0.452494
52, 24, 5, -0.433163
52, 24, 6, -0.425985
52, 24, 7, -0.439499
52, 24, 8, -0.411202
52, 24, 9, -0.330710
52, 24, 10, -0.297256
52, 24, 11, -0.171637
52, 24, 12, 0.211724
52, 24, 13, 0.772291
52, 24, 14, 1.365859
52, 24, 15, 2.068714
52, 24, 16, 100.000000
52, 24, 17, 100.000000
52, 24, 18, 100.000000
52, 24, 19, 100.000000
52, 24, 20, 100.000000
52, 24, 21, 100.000000
52, 24, 22, 100.000000
52, 24, 23, 100.000000
52, 24, 24, 100.000000
52, 24, 25, 100.000000
52, 24, 26, 100.000000
52, 24, 27, 100.000000
52, 24, 28, 100.000000
52, 24, 29, 100.000000
52, 24, 30, 100.000000
52, 24, 31, 100.000000
52, 24, 32, 100.000000
52, 24, 33, 100.000000
52, 24, 34, 100.000000
52, 25, 0, 0.374029
52, 25, 1, -0.187222
52, 25, 2, -0.474643
52, 25, 3, -0.458514
52, 25, 4, -0.474873
52, 25, 5, -0.468824
52, 25, 6, -0.436858
52, 25, 7, -0.439297
52, 25, 8, -0.451381
52, 25, 9, -0.366169
52, 25, 10, -0.299495
52, 25, 11, -0.161595
52, 25, 12, 0.183074
52, 25, 13, 0.697955
52, 25, 14, 1.291734
52, 25, 15, 1.990129
52, 25, 16, 100.000000
52, 25, 17, 100.000000
52, 25, 18, 100.000000
52, 25, 19, 100.000000
52, 25, 20, 100.000000
52, 25, 21, 100.000000
52, 25, 22, 100.000000
52, 25, 23, 100.000000
52, 25, 24, 100.000000
52, 25, 25, 100.000000
52, 25, 26, 100.000000
52, 25, 27, 100.000000
52, 25, 28, 100.000000
52, 25, 29, 100.000000
52, 25, 30, 100.000000
52, 25, 31, 100.000000
52, 25, 32, 100.000000
52, 25, 33, 100.000000
52, 25, 34, 100.000000
52, 26, 0, 0.397534
52, 26, 1, -0.181443
52, 26, 2, -0.464247
52, 26, 3, -0.447560
52, 26, 4, -0.445794
52, 26, 5, -0.450700
52, 26, 6, -0.479886
52, 26, 7, -0.438267
52, 26, 8, -0.456495
52, 26, 9, -0.399814
52, 26, 10, -0.286249
52, 26, 11, -0.127588
52, 26, 12, 0.163015
52, 26, 13, 0.627619
52, 26, 14, 1.290438
52, 26, 15, 2.151913
52, 26, 16, 100.000000
52, 26, 17, 100.000000
52, 26, 18, 100.000000
52, 26, 19, 100.000000
52, 26, 20, 100.000000
52, 26, 21, 100.000000
52, 26, 22, 100.000000
52, 26, 23, 100.000000
52, 26, 24, 100.000000
52, 26, 25, 100.000000
52, 26, 26, 100.000000
52, 26, 27, 100.000000
52, 26, 28, 100.000000
52, 26, 29, 100.000000
52, 26, 30, 100.000000
52, 26, 31, 100.000000
52, 26, 32, 100.000000
52, 26, 33, 100.000000
52, 26, 34, 100.000000
52, 27, 0, 0.415265
52, 27, 1, -0.168758
52, 27, 2, -0.442790
52, 27, 3, -0.443247
52, 27, 4, -0.468790
52, 27, 5, -0.427936
52, 27, 6, -0.433250
52, 27, 7, -0.408605
52, 27, 8, -0.390241
52, 27, 9, -0.402116
52, 27, 10, -0.273412
52, 27, 11, -0.111693
52, 27, 12, 0.118170
52, 27, 13, 0.579961
52, 27, 14, 1.257368
52, 27, 15, 2.082243
52, 27, 16, 100.000000
52, 27, 17, 100.000000
52, 27, 18, 100.000000
52, 27, 19, 100.000000
52, 27, 20, 100.000000
52, 27, 21, 100.000000
52, 27, 22, 100.000000
52, 27, 23, 100.000000
52, 27, 24, 100.000000
52, 27, 25, 100.000000
52, 27, 26, 100.000000
52, 27, 27, 100.000000
52, 27, 28, 100.000000
52, 27, 29, 100.000000
52, 27, 30, 100.000000
52, 27, 31, 100.000000
52, 27, 32, 100.000000
52, 27, 33, 100.000000
52, 27, 34, 100.000000
52, 28, 0, 0.424484
52, 28, 1, -0.147465
52, 28, 2, -0.427610
52, 28, 3, -0.412877
52, 28, 4, -0.404581
52, 28, 5, -0.368010
52, 28, 6, -0.348417
52, 28, 7, -0.364716
52, 28, 8, -0.350850
52, 28, 9, -0.352457
52, 28, 10, -0.291894
52, 28, 11, -0.166363
52, 28, 12, 0.075128
52, 28, 13, 0.558451
52, 28, 14, 1.213091
52, 28, 15, 2.019911
52, 28, 16, 100.000000
52, 28, 17, 100.000000
52, 28, 18, 100.000000
52, 28, 19, 100.000000
52, 28, 20, 100.000000
52, 28, 21, 100.000000
52, 28, 22, 100.000000
52, 28, 23, 100.000000
52, 28, 24, 100.000000
52, 28, 25, 100.000000
52, 28, 26, 100.000000
52, 28, 27, 100.000000
52, 28, 28, 100.000000
52, 28, 29, 100.000000
52, 28, 30, 100.000000
52, 28, 31, 100.000000
52, 28, 32, 100.000000
52, 28, 33, 100.000000
52, 28, 34, 100.000000
52, 29, 0, 0.471522
52, 29, 1, 0.031168
52, 29, 2, -0.080744
52, 29, 3, -0.076055
52, 29, 4, -0.094520
52, 29, 5, -0.103868
52, 29, 6, -0.093835
52, 29, 7, -0.105922
52, 29, 8, -0.103432
52, 29, 9, -0.086945
52, 29, 10, -0.067535
52, 29, 11, -0.037544
52, 29, 12, 0.146271
52, 29, 13, 0.592107
52, 29, 14, 1.200592
52, 29, 15, 1.871537
52, 29, 16, 100.000000
52, 29, 17, 100.000000
52, 29, 18, 100.000000
52, 29, 19, 100.000000
52, 29, 20, 100.000000
52, 29, 21, 100.000000
52, 29, 22, 100.000000
52, 29, 23, 100.000000
52, 29, 24, 100.000000
52, 29, 25, 100.000000
52, 29, 26, 100.000000
52, 29, 27, 100.000000
52, 29, 28, 100.000000
52, 29, 29, 100.000000
52, 29, 30, 100.000000
52, 29, 31, 100.000000
52, 29, 32, 100.000000
52, 29, 33, 100.000000
52, 29, 34, 100.000000
53, 0, 0, 0.725558
53, 0, 1, 0.492484
53, 0, 2, 0.479189
53, 0, 3, 0.477317
53, 0, 4, 0.464461
53, 0, 5, 0.436111
53, 0, 6, 0.399523
53, 0, 7, 0.419062
53, 0, 8, 0.454529
53, 0, 9, 0.465075
53, 0, 10, 0.440832
53, 0, 11, 0.447380
53, 0, 12, 0.634787
53, 0, 13, 0.993434
53, 0, 14, 1.494007
53, 0, 15, 2.243430
53, 0, 16, 100.000000
53, 0, 17, 100.000000
53, 0, 18, 100.000000
53, 0, 19, 100.000000
53, 0, 20, 100.000000
53, 0, 21, 100.000000
53, 0, 22, 100.000000
53, 0, 23, 100.000000
53, 0, 24, 100.000000
53, 0, 25, 100.000000
53, 0, 26, 100.000000
53, 0, 27, 100.000000
53, 0, 28, 100.000000
53, 0, 29, 100.000000
53, 0, 30, 100.000000
53, 0, 31, 100.000000
53, 0, 32, 100.000000
53, 0, 33, 100.000000
53, 0, 34, 100.000000
53, 1, 0, 0.453100
53, 1, 1, 0.005319
53, 1, 2, -0.089674
53, 1, 3, -0.078396
53, 1, 4, -0.091515
53, 1, 5, -0.122809
53, 1, 6, -0.144888
53, 1, 7, -0.104935
53, 1, 8, -0.077336
53, 1, 9, -0.075811
53, 1, 10, -0.064682
53, 1, 11, 0.007989
53, 1, 12, 0.267537
53, 1, 13, 0.707868
53, 1, 14, 1.285093
53, 1, 15, 1.873992
53, 1, 16, 100.000000
53, 1, 17, 100.000000
53, 1, 18, 100.000000
53, 1, 19, 100.000000
53, 1, 20, 100.000000
53, 1, 21, 100.000000
53, 1, 22, 100.000000
53, 1, 23, 100.000000
53, 1, 24, 100.000000
53, 1, 25, 100.000000
53, 1, 26, 100.000000
53, 1, 27, 100.000000
53, 1, 28, 100.000000
53, 1, 29, 100.000000
53, 1, 30, 100.000000
53, 1, 31, 100.000000
53, 1, 32, 100.000000
53, 1, 33, 100.000000
53, 1, 34, 100.000000
53, 2, 0, 0.400544
53, 2, 1, -0.152881
53, 2, 2, -0.456013
53, 2, 3, -0.421895
53, 2, 4, -0.439448
53, 2, 5, -0.468162
53, 2, 6, -0.454736
53, 2, 7, -0.411263
53, 2, 8, -0.383564
53, 2, 9, -0.413522
53, 2, 10, -0.370530
53, 2, 11, -0.196451
53, 2, 12, 0.127627
53, 2, 13, 0.612319
53, 2, 14, 1.200023
53, 2, 15, 1.846357
53, 2, 16, 100.000000
53, 2, 17, 100.000000
53, 2, 18, 100.000000
53, 2, 19, 100.000000
53, 2, 20, 100.000000
53, 2, 21, 100.000000
53, 2, 22, 100.000000
53, 2, 23, 100.000000
53, 2, 24, 100.000000
53, 2, 25, 100.000000
53, 2, 26, 100.000000
53, 2, 27, 100.000000
53, 2, 28, 100.000000
53, 2, 29, 100.000000
53, 2, 30, 100.000000
53, 2, 31, 100.000000
53, 2, 32, 100.000000
53, 2, 33, 100.000000
53, 2, 34, 100.000000
53, 3, 0, 0.399955
53, 3, 1, -0.143963
53, 3, 2, -0.434662
53, 3, 3, -0.439826
53, 3, 4, -0.421413
53, 3, 5, -0.409278
53, 3, 6, -0.411291
53, 3, 7, -0.401894
53, 3, 8, -0.389433
53, 3, 9, -0.427030
53, 3, 10, -0.403185
53, 3, 11, -0.225227
53, 3, 12, 0.109550
53, 3, 13, 0.615586
53, 3, 14, 1.203116
53, 3, 15, 1.954042
53, 3, 16, 100.000000
53, 3, 17, 100.000000
53, 3, 18, 100.000000
53, 3, 19, 100.000000
53, 3, 20, 100.000000
53, 3, 21, 100.000000
53, 3, 22, 100.000000
53, 3, 23, 100.000000
53, 3, 24, 100.000000
53, 3, 25, 100.000000
53, 3, 26, 100.000000
53, 3, 27, 100.000000
53, 3, 28, 100.000000
53, 3, 29, 100.000000
53, 3, 30, 100.000000
53, 3, 31, 100.000000
53, 3, 32, 100.000000
53, 3, 33, 100.000000
53, 3, 34, 100.000000
53, 4, 0, 0.417100
53, 4, 1, -0.136350
53, 4, 2, -0.447167
53, 4, 3, -0.434721
53, 4, 4, -0.425204
53, 4, 5, -0.448362
53, 4, 6, -0.434412
53, 4, 7, -0.415207
53, 4, 8, -0.422610
53, 4, 9, -0.437030
53, 4, 10, -0.402371
53, 4, 11, -0.232875
53, 4, 12, 0.097496
53, 4, 13, 0.602430
53, 4, 14, 1.217724
53, 4, 15, 1.903692
53, 4, 16, 100.000000
53, 4, 17, 100.000000
53, 4, 18, 100.000000
53, 4, 19, 100.000000
53, 4, 20, 100.000000
53, 4, 21, 100.000000
53, 4, 22, 100.000000
53, 4, 23, 100.000000
53, 4, 24, 100.000000
53, 4, 25, 100.000000
53, 4, 26, 100.000000
53, 4, 27, 100.000000
53, 4, 28, 100.000000
53, 4, 29, 100.000000
53, 4, 30, 100.000000
53, 4, 31, 100.000000
53, 4, 32, 100.000000
53, 4, 33, 100.000000
53, 4, 34, 100.000000
53, 5, 0, 0.436480
53, 5, 1, -0.099458
53, 5, 2, -0.415855
53, 5, 3, -0.399721
53, 5, 4, -0.399037
53, 5, 5, -0.427934
53, 5, 6, -0.418169
53, 5, 7, -0.449084
53, 5, 8, -0.440328
53, 5, 9, -0.428998
53, 5, 10, -0.387566
53, 5, 11, -0.246287
53, 5, 12, 0.075101
53, 5, 13, 0.582823
53, 5, 14, 1.217507
53, 5, 15, 1.847702
53, 5, 16, 100.000000
53, 5, 17, 100.000000
53, 5, 18, 100.000000
53, 5, 19, 100.000000
53, 5, 20, 100.000000
53, 5, 21, 100.000000
53, 5, 22, 100.000000
53, 5, 23, 100.000000
53, 5, 24, 100.000000
53, 5, 25, 100.000000
53, 5, 26, 100.000000
53, 5, 27, 100.000000
53, 5, 28, 100.000000
53, 5, 29, 100.000000
53, 5, 30, 100.000000
53, 5, 31, 100.000000
53, 5, 32, 100.000000
53, 5, 33, 100.000000
53, 5, 34, 100.000000
53, 6, 0, 0.440817
53, 6, 1, -0.091204
53, 6, 2, -0.423929
53, 6, 3, -0.409660
53, 6, 4, -0.424816
53, 6, 5, -0.448034
53, 6, 6, -0.415888
53, 6, 7, -0.440856
53, 6, 8, -0.439320
53, 6, 9, -0.403011
53, 6, 10, -0.364309
53, 6, 11, -0.253801
53, 6, 12, 0.072101
53, 6, 13, 0.594904
53, 6, 14, 1.182643
53, 6, 15, 1.928231
53, 6, 16, 100.000000
53, 6, 17, 100.000000
53, 6, 18, 100.000000
53, 6, 19, 100.000000
53, 6, 20, 100.000000
53, 6, 21, 100.000000
53, 6, 22, 100.000000
53, 6, 23, 100.000000
53, 6, 24, 100.000000
53, 6, 25, 100.000000
53, 6, 26, 100.000000
53, 6, 27, 100.000000
53, 6, 28, 100.000000
53, 6, 29, 100.000000
53, 6, 30, 100.000000
53, 6, 31, 100.000000
53, 6, 32, 100.000000
53, 6, 33, 100.000000
53, 6, 34, 100.000000
53, 7, 0, 0.432823
53, 7, 1, -0.113154
53, 7, 2, -0.444067
53, 7, 3, -0.423628
53, 7, 4, -0.446342
53, 7, 5, -0.437095
53, 7, 6, -0.398901
53, 7, 7, -0.421102
53, 7, 8, -0.425219
53, 7, 9, -0.401003
53, 7, 10, -0.376506
53, 7, 11, -0.243580
53, 7, 12, 0.100131
53, 7, 13, 0.625593
53, 7, 14, 1.172079
53, 7, 15, 1.989081
53, 7, 16, 100.000000
53, 7, 17, 100.000000
53, 7, 18, 100.000000
53, 7, 19, 100.000000
53, 7, 20, 100.000000
53, 7, 21, 100.000000
53, 7, 22, 100.000000
53, 7, 23, 100.000000
53, 7, 24, 100.000000
53, 7, 25, 100.000000
53, 7, 26, 100.000000
53, 7, 27, 100.000000
53, 7, 28, 100.000000
53, 7, 29, 100.000000
53, 7, 30, 100.000000
53, 7, 31, 100.000000
53, 7, 32, 100.000000
53, 7, 33, 100.000000
53, 7, 34, 100.000000
53, 8, 0, 0.417834
53, 8, 1, -0.134915
53, 8, 2, -0.457375
53, 8, 3, -0.430181
53, 8, 4, -0.439695
53, 8, 5, -0.408212
53, 8, 6, -0.394388
53, 8, 7, -0.447358
53, 8, 8, -0.462103
53, 8, 9, -0.415670
53, 8, 10, -0.360506
53, 8, 11, -0.219595
53, 8, 12, 0.119028
53, 8, 13, 0.629925
53, 8, 14, 1.220144
53, 8, 15, 2.012001
53, 8, 16, 100.000000
53, 8, 17, 100.000000
53, 8, 18, 100.000000
53, 8, 19, 100.000000
53, 8, 20, 100.000000
53, 8, 21, 100.000000
53, 8, 22, 100.000000
53, 8, 23, 100.000000
53, 8, 24, 100.000000
53, 8, 25, 100.000000
53, 8, 26, 100.000000
53, 8, 27, 100.000000
53, 8, 28, 100.000000
53, 8, 29, 100.000000
53, 8, 30, 100.000000
53, 8, 31, 100.000000
53, 8, 32, 100.000000
53, 8, 33, 100.000000
53, 8, 34, 100.000000
53, 9, 0, 0.413412
53, 9, 1, -0.140634
53, 9, 2, -0.473597
53, 9, 3, -0.414960
53, 9, 4, -0.422697
53, 9, 5, -0.407929
53, 9, 6, -0.426726
53, 9, 7, -0.464788
53, 9, 8, -0.440967
53, 9, 9, -0.385814
53, 9, 10, -0.323067
53, 9, 11, -0.189781
53, 9, 12, 0.117635
53, 9, 13, 0.616439
53, 9, 14, 1.276468
53, 9, 15, 1.981159
53, 9, 16, 100.000000
53, 9, 17, 100.000000
53, 9, 18, 100.000000
53, 9, 19, 100.000000
53, 9, 20, 100.000000
53, 9, 21, 100.000000
53, 9, 22, 100.000000
53, 9, 23, 100.000000
53, 9, 24, 100.000000
53, 9, 25, 100.000000
53, 9, 26, 100.000000
53, 9, 27, 100.000000
53, 9, 28, 100.000000
53, 9, 29, 100.000000
53, 9, 30, 100.000000
53, 9, 31, 100.000000
53, 9, 32, 100.000000
53, 9, 33, 100.000000
53, 9, 34, 100.000000
53, 10, 0, 0.407346
53, 10, 1, -0.148295
53, 10, 2, -0.484328
53, 10, 3, -0.395566
53, 10, 4, -0.422040
53, 10, 5, -0.443752
53, 10, 6, -0.453610
53, 10, 7, -0.443946
53, 10, 8, -0.416515
53, 10, 9, -0.362309
53, 10, 10, -0.312402
53, 10, 11, -0.185424
53, 10, 12, 0.111271
53, 10, 13, 0.646536
53, 10, 14, 1.298038
53, 10, 15, 2.152178
53, 10, 16, 100.000000
53, 10, 17, 100.000000
53, 10, 18, 100.000000
53, 10, 19, 100.000000
53, 10, 20, 100.000000
53, 10, 21, 100.000000
53, 10, 22, 100.000000
53, 10, 23, 100.000000
53, 10, 24, 100.000000
53, 10, 25, 100.000000
53, 10, 26, 100.000000
53, 10, 27, 100.000000
53, 10, 28, 100.000000
53, 10, 29, 100.000000
53, 10, 30, 100.000000
53, 10, 31, 100.000000
53, 10, 32, 100.000000
53, 10, 33, 100.000000
53, 10, 34, 100.000000
53, 11, 0, 0.398525
53, 11, 1, -0.163182
53, 11, 2, -0.464511
53, 11, 3, -0.411061
53, 11, 4, -0.436612
53, 11, 5, -0.455987
53, 11, 6, -0.461110
53, 11, 7, -0.451400
53, 11, 8, -0.425194
53, 11, 9, -0.385251
53, 11, 10, -0.310845
53, 11, 11, -0.171646
53, 11, 12, 0.139680
53, 11, 13, 0.670922
53, 11, 14, 1.328753
53, 11, 15, 2.155195
53, 11, 16, 100.000000
53, 11, 17, 100.000000
53, 11, 18, 100.000000
53, 11, 19, 100.000000
53, 11, 20, 100.000000
53, 11, 21, 100.000000
53, 11, 22, 100.000000
53, 11, 23, 100.000000
53, 11, 24, 100.000000
53, 11, 25, 100.000000
53, 11, 26, 100.000000
53, 11, 27, 100.000000
53, 11, 28, 100.000000
53, 11, 29, 100.000000
53, 11, 30, 100.000000
53, 11, 31, 100.000000
53, 11, 32, 100.000000
53, 11, 33, 100.000000
53, 11, 34, 100.000000
53, 12, 0, 0.389011
53, 12, 1, -0.176283
53, 12, 2, -0.451281
53, 12, 3, -0.419712
53, 12, 4, -0.447539
53, 12, 5, -0.475887
53, 12, 6, -0.474059
53, 12, 7, -0.456641
53, 12, 8, -0.442693
53, 12, 9, -0.419356
53, 12, 10, -0.328963
53, 12, 11, -0.170790
53, 12, 12, 0.123430
53, 12, 13, 0.632153
53, 12, 14, 1.264381
53, 12, 15, 1.878339
53, 12, 16, 100.000000
53, 12, 17, 100.000000
53, 12, 18, 100.000000
53, 12, 19, 100.000000
53, 12, 20, 100.000000
53, 12, 21, 100.000000
53, 12, 22, 100.000000
53, 12, 23, 100.000000
53, 12, 24, 100.000000
53, 12, 25, 100.000000
53, 12, 26, 100.000000
53, 12, 27, 100.000000
53, 12, 28, 100.000000
53, 12, 29, 100.000000
53, 12, 30, 100.000000
53, 12, 31, 100.000000
53, 12, 32, 100.000000
53, 12, 33, 100.000000
53, 12, 34, 100.000000
53, 13, 0, 0.375785
53, 13, 1, -0.180910
53, 13, 2, -0.446986
53, 13, 3, -0.426129
53, 13, 4, -0.478581
53, 13, 5, -0.480512
53, 13, 6, -0.469947
53, 13, 7, -0.438539
53, 13, 8, -0.426643
53, 13, 9, -0.430538
53, 13, 10, -0.339070
53, 13, 11, -0.176063
53, 13, 12, 0.103736
53, 13, 13, 0.583584
53, 13, 14, 1.253242
53, 13, 15, 1.746582
53, 13, 16, 100.000000
53, 13, 17, 100.000000
53, 13, 18, 100.000000
53, 13, 19, 100.000000
53, 13, 20, 100.000000
53, 13, 21, 100.000000
53, 13, 22, 100.000000
53, 13, 23, 100.000000
53, 13, 24, 100.000000
53, 13, 25, 100.000000
53, 13, 26, 100.000000
53, 13, 27, 100.000000
53, 13, 28, 100.000000
53, 13, 29, 100.000000
53, 13, 30, 100.000000
53, 13, 31, 100.000000
53, 13, 32, 100.000000
53, 13, 33, 100.000000
53, 13, 34, 100.000000
53, 14, 0, 0.371322
53, 14, 1, -0.199614
53, 14, 2, -0.452569
53, 14, 3, -0.457287
53, 14, 4, -0.473493
53, 14, 5, -0.457773
53, 14, 6, -0.462880
53, 14, 7, -0.477877
53, 14, 8, -0.453914
53, 14, 9, -0.445764
53, 14, 10, -0.348516
53, 14, 11, -0.180695
53, 14, 12, 0.105618
53, 14, 13, 0.590197
53, 14, 14, 1.298998
53, 14, 15, 1.949556
53, 14, 16, 100.000000
53, 14, 17, 100.000000
53, 14, 18, 100.000000
53, 14, 19, 100.000000
53, 14, 20, 100.000000
53, 14, 21, 100.000000
53, 14, 22, 100.000000
53, 14, 23, 100.000000
53, 14, 24, 100.000000
53, 14, 25, 100.000000
53, 14, 26, 100.000000
53, 14, 27, 100.000000
53, 14, 28, 100.000000
53, 14, 29, 100.000000
53, 14, 30, 100.000000
53, 14, 31, 100.000000
53, 14, 32, 100.000000
53, 14, 33, 100.000000
53, 14, 34, 100.000000
53, 15, 0, 0.372909
53, 15, 1, -0.200238
53, 15, 2, -0.457025
53, 15, 3, -0.465165
53, 15, 4, -0.457284
53, 15, 5, -0.453475
53, 15, 6, -0.459398
53, 15, 7, -0.487436
53, 15, 8, -0.470524
53, 15, 9, -0.429670
53, 15, 10, -0.326534
53, 15, 11, -0.168874
53, 15, 12, 0.112736
53, 15, 13, 0.606666
53, 15, 14, 1.263426
53, 15, 15, 2.114769
53, 15, 16, 100.000000
53, 15, 17, 100.000000
53, 15, 18, 100.000000
53, 15, 19, 100.000000
53, 15, 20, 100.000000
53, 15, 21, 100.000000
53, 15, 22, 100.000000
53, 15, 23, 100.000000
53, 15, 24, 100.000000
53, 15, 25, 100.000000
53, 15, 26, 100.000000
53, 15, 27, 100.000000
53, 15, 28, 100.000000
53, 15, 29, 100.000000
53, 15, 30, 100.000000
53, 15, 31, 100.000000
53, 15, 32, 100.000000
53, 15, 33, 100.000000
53, 15, 34, 100.000000
53, 16, 0, 0.369834
53, 16, 1, -0.200191
53, 16, 2, -0.466589
53, 16, 3, -0.489493
53, 16, 4, -0.464714
53, 16, 5, -0.457910
53, 16, 6, -0.466618
53, 16, 7, -0.483490
53, 16, 8, -0.468455
53, 16, 9, -0.410380
53, 16, 10, -0.319803
53, 16, 11, -0.192937
53, 16, 12, 0.098532
53, 16, 13, 0.591057
53, 16, 14, 1.207169
53, 16, 15, 1.891496
53, 16, 16, 100.000000
53, 16, 17, 100.000000
53, 16, 18, 100.000000
53, 16, 19, 100.000000
53, 16, 20, 100.000000
53, 16, 21, 100.000000
53, 16, 22, 100.000000
53, 16, 23, 100.000000
53, 16, 24, 100.000000
53, 16, 25, 100.000000
53, 16, 26, 100.000000
53, 16, 27, 100.000000
53, 16, 28, 100.000000
53, 16, 29, 100.000000
53, 16, 30, 100.000000
53, 16, 31, 100.000000
53, 16, 32, 100.000000
53, 16, 33, 100.000000
53, 16, 34, 100.000000
53, 17, 0, 0.355036
53, 17, 1, -0.201599
53, 17, 2, -0.464947
53, 17, 3, -0.476632
53, 17, 4, -0.462172
53, 17, 5, -0.486337
53, 17, 6, -0.464879
53, 17, 7, -0.455382
53, 17, 8, -0.451139
53, 17, 9, -0.378308
53, 17, 10, -0.322714
53, 17, 11, -0.218706
53, 17, 12, 0.088269
53, 17, 13, 0.573015
53, 17, 14, 1.187746
53, 17, 15, 2.010449
53, 17, 16, 100.000000
53, 17, 17, 100.000000
53, 17, 18, 100.000000
53, 17, 19, 100.000000
53, 17, 20, 100.000000
53, 17, 21, 100.000000
53, 17, 22, 100.000000
53, 17, 23, 100.000000
53, 17, 24, 100.000000
53, 17, 25, 100.000000
53, 17, 26, 100.000000
53, 17, 27, 100.000000
53, 17, 28, 100.000000
53, 17, 29, 100.000000
53, 17, 30, 100.000000
53, 17, 31, 100.000000
53, 17, 32, 100.000000
53, 17, 33, 100.000000
53, 17, 34, 100.000000
53, 18, 0, 0.370454
53, 18, 1, -0.192079
53, 18, 2, -0.446172
53, 18, 3, -0.454174
53, 18, 4, -0.461091
53, 18, 5, -0.453497
53, 18, 6, -0.461532
53, 18, 7, -0.452901
53, 18, 8, -0.444187
53, 18, 9, -0.330390
53, 18, 10, -0.290381
53, 18, 11, -0.219086
53, 18, 12, 0.069318
53, 18, 13, 0.577559
53, 18, 14, 1.219578
53, 18, 15, 2.105954
53, 18, 16, 100.000000
53, 18, 17, 100.000000
53, 18, 18, 100.000000
53, 18, 19, 100.000000
53, 18, 20, 100.000000
53, 18, 21, 100.000000
53, 18, 22, 100.000000
53, 18, 23, 100.000000
53, 18, 24, 100.000000
53, 18, 25, 100.000000
53, 18, 26, 100.000000
53, 18, 27, 100.000000
53, 18, 28, 100.000000
53, 18, 29, 100.000000
53, 18, 30, 100.000000
53, 18, 31, 100.000000
53, 18, 32, 100.000000
53, 18, 33, 100.000000
53, 18, 34, 100.000000
53, 19, 0, 0.388449
53, 19, 1, -0.185566
53, 19, 2, -0.480714
53, 19, 3, -0.478009
53, 19, 4, -0.479800
53, 19, 5, -0.437315
53, 19, 6, -0.465559
53, 19, 7, -0.465062
53, 19, 8, -0.436356
53, 19, 9, -0.325077
53, 19, 10, -0.296114
53, 19, 11, -0.245824
53, 19, 12, 0.049958
53, 19, 13, 0.556009
53, 19, 14, 1.206856
53, 19, 15, 1.985575
53, 19, 16, 100.000000
53, 19, 17, 100.000000
53, 19, 18, 100.000000
53, 19, 19, 100.000000
53, 19, 20, 100.000000
53, 19, 21, 100.000000
53, 19, 22, 100.000000
53, 19, 23, 100.000000
53, 19, 24, 100.000000
53, 19, 25, 100.000000
53, 19, 26, 100.000000
53, 19, 27, 100.000000
53, 19, 28, 100.000000
53, 19, 29, 100.000000
53, 19, 30, 100.000000
53, 19, 31, 100.000000
53, 19, 32, 100.000000
53, 19, 33, 100.000000
53, 19, 34, 100.000000
53, 20, 0, 0.390528
53, 20, 1, -0.172847
53, 20, 2, -0.458826
53, 20, 3, -0.480673
53, 20, 4, -0.472176
53, 20, 5, -0.444416
53, 20, 6, -0.468333
53, 20, 7, -0.467197
53, 20, 8, -0.448816
53, 20, 9, -0.345495
53, 20, 10, -0.276870
53, 20, 11, -0.216991
53, 20, 12, 0.079247
53, 20, 13, 0.553020
53, 20, 14, 1.152292
53, 20, 15, 1.891051
53, 20, 16, 100.000000
53, 20, 17, 100.000000
53, 20, 18, 100.000000
53, 20, 19, 100.000000
53, 20, 20, 100.000000
53, 20, 21, 100.000000
53, 20, 22, 100.000000
53, 20, 23, 100.000000
53, 20, 24, 100.000000
53, 20, 25, 100.000000
53, 20, 26, 100.000000
53, 20, 27, 100.000000
53, 20, 28, 100.000000
53, 20, 29, 100.000000
53, 20, 30, 100.000000
53, 20, 31, 100.000000
53, 20, 32, 100.000000
53, 20, 33, 100.000000
53, 20, 34, 100.000000
53, 21, 0, 0.383846
53, 21, 1, -0.163832
53, 21, 2, -0.450917
53, 21, 3, -0.463918
53, 21, 4, -0.468300
53, 21, 5, -0.466161
53, 21, 6, -0.450239
53, 21, 7, -0.455982
53, 21, 8, -0.448112
53, 21, 9, -0.379025
53, 21, 10, -0.307130
53, 21, 11, -0.180046
53, 21, 12, 0.163100
53, 21, 13, 0.640099
53, 21, 14, 1.135843
53, 21, 15, 1.760505
53, 21, 16, 100.000000
53, 21, 17, 100.000000
53, 21, 18, 100.000000
53, 21, 19, 100.000000
53, 21, 20, 100.000000
53, 21, 21, 100.000000
53, 21, 22, 100.000000
53, 21, 23, 100.000000
53, 21, 24, 100.000000
53, 21, 25, 100.000000
53, 21, 26, 100.000000
53, 21, 27, 100.000000
53, 21, 28, 100.000000
53, 21, 29, 100.000000
53, 21, 30, 100.000000
53, 21, 31, 100.000000
53, 21, 32, 100.000000
53, 21, 33, 100.000000
53, 21, 34, 100.000000
53, 22, 0, 0.378824
53, 22, 1, -0.166278
53, 22, 2, -0.445586
53, 22, 3, -0.452442
53, 22, 4, -0.462756
53, 22, 5, -0.476485
53, 22, 6, -0.473039
53, 22, 7, -0.453034
53, 22, 8, -0.407957
53, 22, 9, -0.366505
53, 22, 10, -0.323507
53, 22, 11, -0.139610
53, 22, 12, 0.226398
53, 22, 13, 0.686543
53, 22, 14, 1.185203
53, 22, 15, 1.718032
53, 22, 16, 100.000000
53, 22, 17, 100.000000
53, 22, 18, 100.000000
53, 22, 19, 100.000000
53, 22, 20, 100.000000
53, 22, 21, 100.000000
53, 22, 22, 100.000000
53, 22, 23, 100.000000
53, 22, 24, 100.000000
53, 22, 25, 100.000000
53, 22, 26, 100.000000
53, 22, 27, 100.000000
53, 22, 28, 100.000000
53, 22, 29, 100.000000
53, 22, 30, 100.000000
53, 22, 31, 100.000000
53, 22, 32, 100.000000
53, 22, 33, 100.000000
53, 22, 34, 100.000000
53, 23, 0, 0.367884
53, 23, 1, -0.188994
53, 23, 2, -0.460436
53, 23, 3, -0.439156
53, 23, 4, -0.435079
53, 23, 5, -0.459090
53, 23, 6, -0.449655
53, 23, 7, -0.430660
53, 23, 8, -0.401801
53, 23, 9, -0.371035
53, 23, 10, -0.319018
53, 23, 11, -0.146960
53, 23, 12, 0.182207
53, 23, 13, 0.659943
53, 23, 14, 1.304605
53, 23, 15, 1.961603
53, 23, 16, 100.000000
53, 23, 17, 100.000000
53, 23, 18, 100.000000
53, 23, 19, 100.000000
53, 23, 20, 100.000000
53, 23, 21, 100.000000
53, 23, 22, 100.000000
53, 23, 23, 100.000000
53, 23, 24, 100.000000
53, 23, 25, 100.000000
53, 23, 26, 100.000000
53, 23, 27, 100.000000
53, 23, 28, 100.000000
53, 23, 29, 100.000000
53, 23, 30, 100.000000
53, 23, 31, 100.000000
53, 23, 32, 100.000000
53, 23, 33, 100.000000
53, 23, 34, 100.000000
53, 24, 0, 0.363225
53, 24, 1, -0.212755
53, 24, 2, -0.443327
53, 24, 3, -0.420721
53, 24, 4, -0.415973
53, 24, 5, -0.430174
53, 24, 6, -0.442911
53, 24, 7, -0.439881
53, 24, 8, -0.431536
53, 24, 9, -0.381151
53, 24, 10, -0.321451
53, 24, 11, -0.167600
53, 24, 12, 0.131188
53, 24, 13, 0.631584
53, 24, 14, 1.268194
53, 24, 15, 1.932328
53, 24, 16, 100.000000
53, 24, 17, 100.000000
53, 24, 18, 100.000000
53, 24, 19, 100.000000
53, 24, 20, 100.000000
53, 24, 21, 100.000000
53, 24, 22, 100.000000
53, 24, 23, 100.000000
53, 24, 24, 100.000000
53, 24, 25, 100.000000
53, 24, 26, 100.000000
53, 24, 27, 100.000000
53, 24, 28, 100.000000
53, 24, 29, 100.000000
53, 24, 30, 100.000000
53, 24, 31, 100.000000
53, 24, 32, 100.000000
53, 24, 33, 100.000000
53, 24, 34, 100.000000
53, 25, 0, 0.388174
53, 25, 1, -0.204884
53, 25, 2, -0.438280
53, 25, 3, -0.418692
53, 25, 4, -0.446295
53, 25, 5, -0.471789
53, 25, 6, -0.462812
53, 25, 7, -0.457249
53, 25, 8, -0.445635
53, 25, 9, -0.401763
53, 25, 10, -0.347216
53, 25, 11, -0.207085
53, 25, 12, 0.093134
53, 25, 13, 0.579993
53, 25, 14, 1.200848
53, 25, 15, 1.795576
53, 25, 16, 100.000000
53, 25, 17, 100.000000
53, 25, 18, 100.000000
53, 25, 19, 100.000000
53, 25, 20, 100.000000
53, 25, 21, 100.000000
53, 25, 22, 100.000000
53, 25, 23, 100.000000
53, 25, 24, 100.000000
53, 25, 25, 100.000000
53, 25, 26, 100.000000
53, 25, 27, 100.000000
53, 25, 28, 100.000000
53, 25, 29, 100.000000
53, 25, 30, 100.000000
53, 25, 31, 100.000000
53, 25, 32, 100.000000
53, 25, 33, 100.000000
53, 25, 34, 100.000000
53, 26, 0, 0.418912
53, 26, 1, -0.184799
53, 26, 2, -0.433591
53, 26, 3, -0.415725
53, 26, 4, -0.432589
53, 26, 5, -0.465700
53, 26, 6, -0.489590
53, 26, 7, -0.450727
53, 26, 8, -0.431373
53, 26, 9, -0.390400
53, 26, 10, -0.330876
53, 26, 11, -0.202612
53, 26, 12, 0.078734
53, 26, 13, 0.550286
53, 26, 14, 1.185233
53, 26, 15, 1.921498
53, 26, 16, 100.000000
53, 26, 17, 100.000000
53, 26, 18, 100.000000
53, 26, 19, 100.000000
53, 26, 20, 100.000000
53, 26, 21, 100.000000
53, 26, 22, 100.000000
53, 26, 23, 100.000000
53, 26, 24, 100.000000
53, 26, 25, 100.000000
53, 26, 26, 100.000000
53, 26, 27, 100.000000
53, 26, 28, 100.000000
53, 26, 29, 100.000000
53, 26, 30, 100.000000
53, 26, 31, 100.000000
53, 26, 32, 100.000000
53, 26, 33, 100.000000
53, 26, 34, 100.000000
53, 27, 0, 0.427707
53, 27, 1, -0.160455
53, 27, 2, -0.426319
53, 27, 3, -0.398848
53, 27, 4, -0.428473
53, 27, 5, -0.444261
53, 27, 6, -0.448783
53, 27, 7, -0.450431
53, 27, 8, -0.434235
53, 27, 9, -0.390546
53, 27, 10, -0.311861
53, 27, 11, -0.216376
53, 27, 12, 0.032240
53, 27, 13, 0.531428
53, 27, 14, 1.202607
53, 27, 15, 1.923831
53, 27, 16, 100.000000
53, 27, 17, 100.000000
53, 27, 18, 100.000000
53, 27, 19, 100.000000
53, 27, 20, 100.000000
53, 27, 21, 100.000000
53, 27, 22, 100.000000
53, 27, 23, 100.000000
53, 27, 24, 100.000000
53, 27, 25, 100.000000
53, 27, 26, 100.000000
53, 27, 27, 100.000000
53, 27, 28, 100.000000
53, 27, 29, 100.000000
53, 27, 30, 100.000000
53, 27, 31, 100.000000
53, 27, 32, 100.000000
53, 27, 33, 100.000000
53, 27, 34, 100.000000
53, 28, 0, 0.443714
53, 28, 1, -0.119487
53, 28, 2, -0.437115
53, 28, 3, -0.417729
53, 28, 4, -0.442042
53, 28, 5, -0.412471
53, 28, 6, -0.376358
53, 28, 7, -0.385320
53, 28, 8, -0.395376
53, 28, 9, -0.394542
53, 28, 10, -0.340919
53, 28, 11, -0.261512
53, 28, 12, -0.006993
53, 28, 13, 0.513416
53, 28, 14, 1.206446
53, 28, 15, 1.899822
53, 28, 16, 100.000000
53, 28, 17, 100.000000
53, 28, 18, 100.000000
53, 28, 19, 100.000000
53, 28, 20, 100.000000
53, 28, 21, 100.000000
53, 28, 22, 100.000000
53, 28, 23, 100.000000
53, 28, 24, 100.000000
53, 28, 25, 100.000000
53, 28, 26, 100.000000
53, 28, 27, 100.000000
53, 28, 28, 100.000000
53, 28, 29, 100.000000
53, 28, 30, 100.000000
53, 28, 31, 100.000000
53, 28, 32, 100.000000
53, 28, 33, 100.000000
53, 28, 34, 100.000000
53, 29, 0, 0.488071
53, 29, 1, 0.050548
53, 29, 2, -0.089441
53, 29, 3, -0.093319
53, 29, 4, -0.107352
53, 29, 5, -0.104659
53, 29, 6, -0.085128
53, 29, 7, -0.106971
53, 29, 8, -0.121528
53, 29, 9, -0.120585
53, 29, 10, -0.103433
53, 29, 11, -0.094803
53, 29, 12, 0.088130
53, 29, 13, 0.571593
53, 29, 14, 1.218811
53, 29, 15, 1.744858
53, 29, 16, 100.000000
53, 29, 17, 100.000000
53, 29, 18, 100.000000
53, 29, 19, 100.000000
53, 29, 20, 100.000000
53, 29, 21, 100.000000
53, 29, 22, 100.000000
53, 29, 23, 100.000000
53, 29, 24, 100.000000
53, 29, 25, 100.000000
53, 29, 26, 100.000000
53, 29, 27, 100.000000
53, 29, 28, 100.000000
53, 29, 29, 100.000000
53, 29, 30, 100.000000
53, 29, 31, 100.000000
53, 29, 32, 100.000000
53, 29, 33, 100.000000
53, 29, 34, 100.000000
54, 0, 0, 0.738973
54, 0, 1, 0.499947
54, 0, 2, 0.461374
54, 0, 3, 0.458867
54, 0, 4, 0.465796
54, 0, 5, 0.437028
54, 0, 6, 0.406093
54, 0, 7, 0.427643
54, 0, 8, 0.447971
54, 0, 9, 0.441230
54, 0, 10, 0.418426
54, 0, 11, 0.428023
54, 0, 12, 0.608493
54, 0, 13, 0.990724
54, 0, 14, 1.492501
54, 0, 15, 2.281081
54, 0, 16, 100.000000
54, 0, 17, 100.000000
54, 0, 18, 100.000000
54, 0, 19, 100.000000
54, 0, 20, 100.000000
54, 0, 21, 100.000000
54, 0, 22, 100.000000
54, 0, 23, 100.000000
54, 0, 24, 100.000000
54, 0, 25, 100.000000
54, 0, 26, 100.000000
54, 0, 27, 100.000000
54, 0, 28, 100.000000
54, 0, 29, 100.000000
54, 0, 30, 100.000000
54, 0, 31, 100.000000
54, 0, 32, 100.000000
54, 0, 33, 100.000000
54, 0, 34, 100.000000
54, 1, 0, 0.449083
54, 1, 1, 0.024967
54, 1, 2, -0.085687
54, 1, 3, -0.084598
54, 1, 4, -0.102292
54, 1, 5, -0.135649
54, 1, 6, -0.138123
54, 1, 7, -0.088220
54, 1, 8, -0.059768
54, 1, 9, -0.071066
54, 1, 10, -0.093720
54, 1, 11, -0.028676
54, 1, 12, 0.265325
54, 1, 13, 0.736525
54, 1, 14, 1.323084
54, 1, 15, 2.035172
54, 1, 16, 100.000000
54, 1, 17, 100.000000
54, 1, 18, 100.000000
54, 1, 19, 100.000000
54, 1, 20, 100.000000
54, 1, 21, 100.000000
54, 1, 22, 100.000000
54, 1, 23, 100.000000
54, 1, 24, 100.000000
54, 1, 25, 100.000000
54, 1, 26, 100.000000
54, 1, 27, 100.000000
54, 1, 28, 100.000000
54, 1, 29, 100.000000
54, 1, 30, 100.000000
54, 1, 31, 100.000000
54, 1, 32, 100.000000
54, 1, 33, 100.000000
54, 1, 34, 100.000000
54, 2, 0, 0.389695
54, 2, 1, -0.144177
54, 2, 2, -0.435014
54, 2, 3, -0.430479
54, 2, 4, -0.458110
54, 2, 5, -0.471966
54, 2, 6, -0.446464
54, 2, 7, -0.410535
54, 2, 8, -0.378068
54, 2, 9, -0.382019
54, 2, 10, -0.368671
54, 2, 11, -0.211191
54, 2, 12, 0.136361
54, 2, 13, 0.644122
54, 2, 14, 1.228985
54, 2, 15, 1.869877
54, 2, 16, 100.000000
54, 2, 17, 100.000000
54, 2, 18, 100.000000
54, 2, 19, 100.000000
54, 2, 20, 100.000000
54, 2, 21, 100.000000
54, 2, 22, 100.000000
54, 2, 23, 100.000000
54, 2, 24, 100.000000
54, 2, 25, 100.000000
54, 2, 26, 100.000000
54, 2, 27, 100.000000
54, 2, 28, 100.000000
54, 2, 29, 100.000000
54, 2, 30, 100.000000
54, 2, 31, 100.000000
54, 2, 32, 100.000000
54, 2, 33, 100.000000
54, 2, 34, 100.000000
54, 3, 0, 0.400278
54, 3, 1, -0.139294
54, 3, 2, -0.443324
54, 3, 3, -0.441796
54, 3, 4, -0.427237
54, 3, 5, -0.402209
54, 3, 6, -0.404004
54, 3, 7, -0.408585
54, 3, 8, -0.381200
54, 3, 9, -0.395808
54, 3, 10, -0.389314
54, 3, 11, -0.219109
54, 3, 12, 0.103841
54, 3, 13, 0.609775
54, 3, 14, 1.181212
54, 3, 15, 1.888765
54, 3, 16, 100.000000
54, 3, 17, 100.000000
54, 3, 18, 100.000000
54, 3, 19, 100.000000
54, 3, 20, 100.000000
54, 3, 21, 100.000000
54, 3, 22, 100.000000
54, 3, 23, 100.000000
54, 3, 24, 100.000000
54, 3, 25, 100.000000
54, 3, 26, 100.000000
54, 3, 27, 100.000000
54, 3, 28, 100.000000
54, 3, 29, 100.000000
54, 3, 30, 100.000000
54, 3, 31, 100.000000
54, 3, 32, 100.000000
54, 3, 33, 100.000000
54, 3, 34, 100.000000
54, 4, 0, 0.419944
54, 4, 1, -0.131331
54, 4, 2, -0.446859
54, 4, 3, -0.439025
54, 4, 4, -0.445208
54, 4, 5, -0.435970
54, 4, 6, -0.434839
54, 4, 7, -0.407942
54, 4, 8, -0.399008
54, 4, 9, -0.419497
54, 4, 10, -0.403225
54, 4, 11, -0.245331
54, 4, 12, 0.057705
54, 4, 13, 0.546786
54, 4, 14, 1.147785
54, 4, 15, 1.807332
54, 4, 16, 100.000000
54, 4, 17, 100.000000
54, 4, 18, 100.000000
54, 4, 19, 100.000000
54, 4, 20, 100.000000
54, 4, 21, 100.000000
54, 4, 22, 100.000000
54, 4, 23, 100.000000
54, 4, 24, 100.000000
54, 4, 25, 100.000000
54, 4, 26, 100.000000
54, 4, 27, 100.000000
54, 4, 28, 100.000000
54, 4, 29, 100.000000
54, 4, 30, 100.000000
54, 4, 31, 100.000000
54, 4, 32, 100.000000
54, 4, 33, 100.000000
54, 4, 34, 100.000000
54, 5, 0, 0.431641
54, 5, 1, -0.104451
54, 5, 2, -0.419234
54, 5, 3, -0.418779
54, 5, 4, -0.414796
54, 5, 5, -0.412254
54, 5, 6, -0.414792
54, 5, 7, -0.447786
54, 5, 8, -0.434211
54, 5, 9, -0.446056
54, 5, 10, -0.408947
54, 5, 11, -0.284151
54, 5, 12, 0.021086
54, 5, 13, 0.504517
54, 5, 14, 1.099385
54, 5, 15, 1.679321
54, 5, 16, 100.000000
54, 5, 17, 100.000000
54, 5, 18, 100.000000
54, 5, 19, 100.000000
54, 5, 20, 100.000000
54, 5, 21, 100.000000
54, 5, 22, 100.000000
54, 5, 23, 100.000000
54, 5, 24, 100.000000
54, 5, 25, 100.000000
54, 5, 26, 100.000000
54, 5, 27, 100.000000
54, 5, 28, 100.000000
54, 5, 29, 100.000000
54, 5, 30, 100.000000
54, 5, 31, 100.000000
54, 5, 32, 100.000000
54, 5, 33, 100.000000
54, 5, 34, 100.000000
54, 6, 0, 0.423905
54, 6, 1, -0.102928
54, 6, 2, -0.434284
54, 6, 3, -0.433692
54, 6, 4, -0.422470
54, 6, 5, -0.437070
54, 6, 6, -0.412629
54, 6, 7, -0.437936
54, 6, 8, -0.434851
54, 6, 9, -0.445035
54, 6, 10, -0.397385
54, 6, 11, -0.282279
54, 6, 12, 0.015976
54, 6, 13, 0.519663
54, 6, 14, 1.083944
54, 6, 15, 1.720820
54, 6, 16, 100.000000
54, 6, 17, 100.000000
54, 6, 18, 100.000000
54, 6, 19, 100.000000
54, 6, 20, 100.000000
54, 6, 21, 100.000000
54, 6, 22, 100.000000
54, 6, 23, 100.000000
54, 6, 24, 100.000000
54, 6, 25, 100.000000
54, 6, 26, 100.000000
54, 6, 27, 100.000000
54, 6, 28, 100.000000
54, 6, 29, 100.000000
54, 6, 30, 100.000000
54, 6, 31, 100.000000
54, 6, 32, 100.000000
54, 6, 33, 100.000000
54, 6, 34, 100.000000
54, 7, 0, 0.410872
54, 7, 1, -0.121608
54, 7, 2, -0.436953
54, 7, 3, -0.423571
54, 7, 4, -0.428577
54, 7, 5, -0.434324
54, 7, 6, -0.401447
54, 7, 7, -0.420832
54, 7, 8, -0.442749
54, 7, 9, -0.453255
54, 7, 10, -0.398917
54, 7, 11, -0.274600
54, 7, 12, 0.027867
54, 7, 13, 0.547310
54, 7, 14, 1.096600
54, 7, 15, 1.818305
54, 7, 16, 100.000000
54, 7, 17, 100.000000
54, 7, 18, 100.000000
54, 7, 19, 100.000000
54, 7, 20, 100.000000
54, 7, 21, 100.000000
54, 7, 22, 100.000000
54, 7, 23, 100.000000
54, 7, 24, 100.000000
54, 7, 25, 100.000000
54, 7, 26, 100.000000
54, 7, 27, 100.000000
54, 7, 28, 100.000000
54, 7, 29, 100.000000
54, 7, 30, 100.000000
54, 7, 31, 100.000000
54, 7, 32, 100.000000
54, 7, 33, 100.000000
54, 7, 34, 100.000000
54, 8, 0, 0.404629
54, 8, 1, -0.133046
54, 8, 2, -0.452084
54, 8, 3, -0.436680
54, 8, 4, -0.437448
54, 8, 5, -0.431191
54, 8, 6, -0.387751
54, 8, 7, -0.431196
54, 8, 8, -0.461633
54, 8, 9, -0.438368
54, 8, 10, -0.364514
54, 8, 11, -0.266826
54, 8, 12, 0.002610
54, 8, 13, 0.512402
54, 8, 14, 1.120044
54, 8, 15, 1.842594
54, 8, 16, 100.000000
54, 8, 17, 100.000000
54, 8, 18, 100.000000
54, 8, 19, 100.000000
54, 8, 20, 100.000000
54, 8, 21, 100.000000
54, 8, 22, 100.000000
54, 8, 23, 100.000000
54, 8, 24, 100.000000
54, 8, 25, 100.000000
54, 8, 26, 100.000000
54, 8, 27, 100.000000
54, 8, 28, 100.000000
54, 8, 29, 100.000000
54, 8, 30, 100.000000
54, 8, 31, 100.000000
54, 8, 32, 100.000000
54, 8, 33, 100.000000
54, 8, 34, 100.000000
54, 9, 0, 0.409555
54, 9, 1, -0.137413
54, 9, 2, -0.465136
54, 9, 3, -0.426944
54, 9, 4, -0.422482
54, 9, 5, -0.413698
54, 9, 6, -0.403048
54, 9, 7, -0.425861
54, 9, 8, -0.430205
54, 9, 9, -0.380710
54, 9, 10, -0.304834
54, 9, 11, -0.260567
54, 9, 12, -0.023841
54, 9, 13, 0.467228
54, 9, 14, 1.102862
54, 9, 15, 1.812578
54, 9, 16, 100.000000
54, 9, 17, 100.000000
54, 9, 18, 100.000000
54, 9, 19, 100.000000
54, 9, 20, 100.000000
54, 9, 21, 100.000000
54, 9, 22, 100.000000
54, 9, 23, 100.000000
54, 9, 24, 100.000000
54, 9, 25, 100.000000
54, 9, 26, 100.000000
54, 9, 27, 100.000000
54, 9, 28, 100.000000
54, 9, 29, 100.000000
54, 9, 30, 100.000000
54, 9, 31, 100.000000
54, 9, 32, 100.000000
54, 9, 33, 100.000000
54, 9, 34, 100.000000
54, 10, 0, 0.408992
54, 10, 1, -0.140064
54, 10, 2, -0.471818
54, 10, 3, -0.407658
54, 10, 4, -0.411352
54, 10, 5, -0.431611
54, 10, 6, -0.434786
54, 10, 7, -0.440625
54, 10, 8, -0.425207
54, 10, 9, -0.348058
54, 10, 10, -0.290754
54, 10, 11, -0.262125
54, 10, 12, -0.018388
54, 10, 13, 0.497275
54, 10, 14, 1.172326
54, 10, 15, 1.939946
54, 10, 16, 100.000000
54, 10, 17, 100.000000
54, 10, 18, 100.000000
54, 10, 19, 100.000000
54, 10, 20, 100.000000
54, 10, 21, 100.000000
54, 10, 22, 100.000000
54, 10, 23, 100.000000
54, 10, 24, 100.000000
54, 10, 25, 100.000000
54, 10, 26, 100.000000
54, 10, 27, 100.000000
54, 10, 28, 100.000000
54, 10, 29, 100.000000
54, 10, 30, 100.000000
54, 10, 31, 100.000000
54, 10, 32, 100.000000
54, 10, 33, 100.000000
54, 10, 34, 100.000000
54, 11, 0, 0.401582
54, 11, 1, -0.146947
54, 11, 2, -0.465413
54, 11, 3, -0.410468
54, 11, 4, -0.424815
54, 11, 5, -0.443083
54, 11, 6, -0.444718
54, 11, 7, -0.439910
54, 11, 8, -0.422717
54, 11, 9, -0.366229
54, 11, 10, -0.293591
54, 11, 11, -0.236150
54, 11, 12, 0.032200
54, 11, 13, 0.568715
54, 11, 14, 1.233874
54, 11, 15, 1.997720
54, 11, 16, 100.000000
54, 11, 17, 100.000000
54, 11, 18, 100.000000
54, 11, 19, 100.000000
54, 11, 20, 100.000000
54, 11, 21, 100.000000
54, 11, 22, 100.000000
54, 11, 23, 100.000000
54, 11, 24, 100.000000
54, 11, 25, 100.000000
54, 11, 26, 100.000000
54, 11, 27, 100.000000
54, 11, 28, 100.000000
54, 11, 29, 100.000000
54, 11, 30, 100.000000
54, 11, 31, 100.000000
54, 11, 32, 100.000000
54, 11, 33, 100.000000
54, 11, 34, 100.000000
54, 12, 0, 0.378107
54, 12, 1, -0.161599
54, 12, 2, -0.447768
54, 12, 3, -0.422329
54, 12, 4, -0.442467
54, 12, 5, -0.447078
54, 12, 6, -0.443455
54, 12, 7, -0.436488
54, 12, 8, -0.431618
54, 12, 9, -0.395137
54, 12, 10, -0.292056
54, 12, 11, -0.224319
54, 12, 12, 0.035913
54, 12, 13, 0.582198
54, 12, 14, 1.222544
54, 12, 15, 1.883692
54, 12, 16, 100.000000
54, 12, 17, 100.000000
54, 12, 18, 100.000000
54, 12, 19, 100.000000
54, 12, 20, 100.000000
54, 12, 21, 100.000000
54, 12, 22, 100.000000
54, 12, 23, 100.000000
54, 12, 24, 100.000000
54, 12, 25, 100.000000
54, 12, 26, 100.000000
54, 12, 27, 100.000000
54, 12, 28, 100.000000
54, 12, 29, 100.000000
54, 12, 30, 100.000000
54, 12, 31, 100.000000
54, 12, 32, 100.000000
54, 12, 33, 100.000000
54, 12, 34, 100.000000
54, 13, 0, 0.361313
54, 13, 1, -0.178142
54, 13, 2, -0.458885
54, 13, 3, -0.417573
54, 13, 4, -0.459300
54, 13, 5, -0.456855
54, 13, 6, -0.457667
54, 13, 7, -0.454208
54, 13, 8, -0.441675
54, 13, 9, -0.405349
54, 13, 10, -0.303061
54, 13, 11, -0.213412
54, 13, 12, 0.050468
54, 13, 13, 0.581981
54, 13, 14, 1.240130
54, 13, 15, 1.845254
54, 13, 16, 100.000000
54, 13, 17, 100.000000
54, 13, 18, 100.000000
54, 13, 19, 100.000000
54, 13, 20, 100.000000
54, 13, 21, 100.000000
54, 13, 22, 100.000000
54, 13, 23, 100.000000
54, 13, 24, 100.000000
54, 13, 25, 100.000000
54, 13, 26, 100.000000
54, 13, 27, 100.000000
54, 13, 28, 100.000000
54, 13, 29, 100.000000
54, 13, 30, 100.000000
54, 13, 31, 100.000000
54, 13, 32, 100.000000
54, 13, 33, 100.000000
54, 13, 34, 100.000000
54, 14, 0, 0.368577
54, 14, 1, -0.197999
54, 14, 2, -0.456116
54, 14, 3, -0.447159
54, 14, 4, -0.474783
54, 14, 5, -0.473852
54, 14, 6, -0.467389
54, 14, 7, -0.485790
54, 14, 8, -0.468845
54, 14, 9, -0.427982
54, 14, 10, -0.337006
54, 14, 11, -0.218245
54, 14, 12, 0.086155
54, 14, 13, 0.613983
54, 14, 14, 1.305619
54, 14, 15, 2.030940
54, 14, 16, 100.000000
54, 14, 17, 100.000000
54, 14, 18, 100.000000
54, 14, 19, 100.000000
54, 14, 20, 100.000000
54, 14, 21, 100.000000
54, 14, 22, 100.000000
54, 14, 23, 100.000000
54, 14, 24, 100.000000
54, 14, 25, 100.000000
54, 14, 26, 100.000000
54, 14, 27, 100.000000
54, 14, 28, 100.000000
54, 14, 29, 100.000000
54, 14, 30, 100.000000
54, 14, 31, 100.000000
54, 14, 32, 100.000000
54, 14, 33, 100.000000
54, 14, 34, 100.000000
54, 15, 0, 0.376687
54, 15, 1, -0.192528
54, 15, 2, -0.460645
54, 15, 3, -0.458593
54, 15, 4, -0.476491
54, 15, 5, -0.485494
54, 15, 6, -0.470832
54, 15, 7, -0.480984
54, 15, 8, -0.465363
54, 15, 9, -0.437779
54, 15, 10, -0.362043
54, 15, 11, -0.208557
54, 15, 12, 0.105207
54, 15, 13, 0.612318
54, 15, 14, 1.257078
54, 15, 15, 1.962585
54, 15, 16, 100.000000
54, 15, 17, 100.000000
54, 15, 18, 100.000000
54, 15, 19, 100.000000
54, 15, 20, 100.000000
54, 15, 21, 100.000000
54, 15, 22, 100.000000
54, 15, 23, 100.000000
54, 15, 24, 100.000000
54, 15, 25, 100.000000
54, 15, 26, 100.000000
54, 15, 27, 100.000000
54, 15, 28, 100.000000
54, 15, 29, 100.000000
54, 15, 30, 100.000000
54, 15, 31, 100.000000
54, 15, 32, 100.000000
54, 15, 33, 100.000000
54, 15, 34, 100.000000
54, 16, 0, 0.376142
54, 16, 1, -0.195203
54, 16, 2, -0.463153
54, 16, 3, -0.479683
54, 16, 4, -0.477970
54, 16, 5, -0.483419
54, 16, 6, -0.476489
54, 16, 7, -0.472091
54, 16, 8, -0.448186
54, 16, 9, -0.419132
54, 16, 10, -0.348300
54, 16, 11, -0.204173
54, 16, 12, 0.091483
54, 16, 13, 0.570535
54, 16, 14, 1.195929
54, 16, 15, 1.859160
54, 16, 16, 100.000000
54, 16, 17, 100.000000
54, 16, 18, 100.000000
54, 16, 19, 100.000000
54, 16, 20, 100.000000
54, 16, 21, 100.000000
54, 16, 22, 100.000000
54, 16, 23, 100.000000
54, 16, 24, 100.000000
54, 16, 25, 100.000000
54, 16, 26, 100.000000
54, 16, 27, 100.000000
54, 16, 28, 100.000000
54, 16, 29, 100.000000
54, 16, 30, 100.000000
54, 16, 31, 100.000000
54, 16, 32, 100.000000
54, 16, 33, 100.000000
54, 16, 34, 100.000000
54, 17, 0, 0.370646
54, 17, 1, -0.207937
54, 17, 2, -0.469982
54, 17, 3, -0.485174
54, 17, 4, -0.454497
54, 17, 5, -0.459498
54, 17, 6, -0.486184
54, 17, 7, -0.471906
54, 17, 8, -0.447631
54, 17, 9, -0.385749
54, 17, 10, -0.327959
54, 17, 11, -0.221936
54, 17, 12, 0.051152
54, 17, 13, 0.528958
54, 17, 14, 1.164310
54, 17, 15, 1.914987
54, 17, 16, 100.000000
54, 17, 17, 100.000000
54, 17, 18, 100.000000
54, 17, 19, 100.000000
54, 17, 20, 100.000000
54, 17, 21, 100.000000
54, 17, 22, 100.000000
54, 17, 23, 100.000000
54, 17, 24, 100.000000
54, 17, 25, 100.000000
54, 17, 26, 100.000000
54, 17, 27, 100.000000
54, 17, 28, 100.000000
54, 17, 29, 100.000000
54, 17, 30, 100.000000
54, 17, 31, 100.000000
54, 17, 32, 100.000000
54, 17, 33, 100.000000
54, 17, 34, 100.000000
54, 18, 0, 0.372580
54, 18, 1, -0.206450
54, 18, 2, -0.456665
54, 18, 3, -0.454800
54, 18, 4, -0.446562
54, 18, 5, -0.463640
54, 18, 6, -0.475675
54, 18, 7, -0.457565
54, 18, 8, -0.431575
54, 18, 9, -0.343198
54, 18, 10, -0.299907
54, 18, 11, -0.231250
54, 18, 12, 0.014914
54, 18, 13, 0.502887
54, 18, 14, 1.152471
54, 18, 15, 1.959229
54, 18, 16, 100.000000
54, 18, 17, 100.000000
54, 18, 18, 100.000000
54, 18, 19, 100.000000
54, 18, 20, 100.000000
54, 18, 21, 100.000000
54, 18, 22, 100.000000
54, 18, 23, 100.000000
54, 18, 24, 100.000000
54, 18, 25, 100.000000
54, 18, 26, 100.000000
54, 18, 27, 100.000000
54, 18, 28, 100.000000
54, 18, 29, 100.000000
54, 18, 30, 100.000000
54, 18, 31, 100.000000
54, 18, 32, 100.000000
54, 18, 33, 100.000000
54, 18, 34, 100.000000
54, 19, 0, 0.378008
54, 19, 1, -0.195064
54, 19, 2, -0.470937
54, 19, 3, -0.466665
54, 19, 4, -0.487102
54, 19, 5, -0.463172
54, 19, 6, -0.462695
54, 19, 7, -0.451885
54, 19, 8, -0.413184
54, 19, 9, -0.343881
54, 19, 10, -0.314450
54, 19, 11, -0.255641
54, 19, 12, -0.014074
54, 19, 13, 0.465768
54, 19, 14, 1.074809
54, 19, 15, 1.821718
54, 19, 16, 100.000000
54, 19, 17, 100.000000
54, 19, 18, 100.000000
54, 19, 19, 100.000000
54, 19, 20, 100.000000
54, 19, 21, 100.000000
54, 19, 22, 100.000000
54, 19, 23, 100.000000
54, 19, 24, 100.000000
54, 19, 25, 100.000000
54, 19, 26, 100.000000
54, 19, 27, 100.000000
54, 19, 28, 100.000000
54, 19, 29, 100.000000
54, 19, 30, 100.000000
54, 19, 31, 100.000000
54, 19, 32, 100.000000
54, 19, 33, 100.000000
54, 19, 34, 100.000000
54, 20, 0, 0.376258
54, 20, 1, -0.177419
54, 20, 2, -0.454066
54, 20, 3, -0.462173
54, 20, 4, -0.467069
54, 20, 5, -0.477887
54, 20, 6, -0.457216
54, 20, 7, -0.466051
54, 20, 8, -0.442337
54, 20, 9, -0.383398
54, 20, 10, -0.330184
54, 20, 11, -0.233732
54, 20, 12, 0.023140
54, 20, 13, 0.452946
54, 20, 14, 0.977086
54, 20, 15, 1.640717
54, 20, 16, 100.000000
54, 20, 17, 100.000000
54, 20, 18, 100.000000
54, 20, 19, 100.000000
54, 20, 20, 100.000000
54, 20, 21, 100.000000
54, 20, 22, 100.000000
54, 20, 23, 100.000000
54, 20, 24, 100.000000
54, 20, 25, 100.000000
54, 20, 26, 100.000000
54, 20, 27, 100.000000
54, 20, 28, 100.000000
54, 20, 29, 100.000000
54, 20, 30, 100.000000
54, 20, 31, 100.000000
54, 20, 32, 100.000000
54, 20, 33, 100.000000
54, 20, 34, 100.000000
54, 21, 0, 0.361332
54, 21, 1, -0.178073
54, 21, 2, -0.463748
54, 21, 3, -0.472064
54, 21, 4, -0.477395
54, 21, 5, -0.470048
54, 21, 6, -0.464418
54, 21, 7, -0.469459
54, 21, 8, -0.429196
54, 21, 9, -0.404524
54, 21, 10, -0.357842
54, 21, 11, -0.204606
54, 21, 12, 0.092095
54, 21, 13, 0.500040
54, 21, 14, 0.947750
54, 21, 15, 1.612134
54, 21, 16, 100.000000
54, 21, 17, 100.000000
54, 21, 18, 100.000000
54, 21, 19, 100.000000
54, 21, 20, 100.000000
54, 21, 21, 100.000000
54, 21, 22, 100.000000
54, 21, 23, 100.000000
54, 21, 24, 100.000000
54, 21, 25, 100.000000
54, 21, 26, 100.000000
54, 21, 27, 100.000000
54, 21, 28, 100.000000
54, 21, 29, 100.000000
54, 21, 30, 100.000000
54, 21, 31, 100.000000
54, 21, 32, 100.000000
54, 21, 33, 100.000000
54, 21, 34, 100.000000
54, 22, 0, 0.363862
54, 22, 1, -0.183938
54, 22, 2, -0.474335
54, 22, 3, -0.461776
54, 22, 4, -0.451961
54, 22, 5, -0.476065
54, 22, 6, -0.476885
54, 22, 7, -0.459799
54, 22, 8, -0.411736
54, 22, 9, -0.411442
54, 22, 10, -0.382477
54, 22, 11, -0.182384
54, 22, 12, 0.140127
54, 22, 13, 0.528105
54, 22, 14, 0.988445
54, 22, 15, 1.634299
54, 22, 16, 100.000000
54, 22, 17, 100.000000
54, 22, 18, 100.000000
54, 22, 19, 100.000000
54, 22, 20, 100.000000
54, 22, 21, 100.000000
54, 22, 22, 100.000000
54, 22, 23, 100.000000
54, 22, 24, 100.000000
54, 22, 25, 100.000000
54, 22, 26, 100.000000
54, 22, 27, 100.000000
54, 22, 28, 100.000000
54, 22, 29, 100.000000
54, 22, 30, 100.000000
54, 22, 31, 100.000000
54, 22, 32, 100.000000
54, 22, 33, 100.000000
54, 22, 34, 100.000000
54, 23, 0, 0.364391
54, 23, 1, -0.216577
54, 23, 2, -0.469357
54, 23, 3, -0.430570
54, 23, 4, -0.412360
54, 23, 5, -0.436564
54, 23, 6, -0.448696
54, 23, 7, -0.463328
54, 23, 8, -0.438607
54, 23, 9, -0.421416
54, 23, 10, -0.357835
54, 23, 11, -0.184674
54, 23, 12, 0.110417
54, 23, 13, 0.501815
54, 23, 14, 1.061812
54, 23, 15, 1.747870
54, 23, 16, 100.000000
54, 23, 17, 100.000000
54, 23, 18, 100.000000
54, 23, 19, 100.000000
54, 23, 20, 100.000000
54, 23, 21, 100.000000
54, 23, 22, 100.000000
54, 23, 23, 100.000000
54, 23, 24, 100.000000
54, 23, 25, 100.000000
54, 23, 26, 100.000000
54, 23, 27, 100.000000
54, 23, 28, 100.000000
54, 23, 29, 100.000000
54, 23, 30, 100.000000
54, 23, 31, 100.000000
54, 23, 32, 100.000000
54, 23, 33, 100.000000
54, 23, 34, 100.000000
54, 24, 0, 0.372097
54, 24, 1, -0.218648
54, 24, 2, -0.449003
54, 24, 3, -0.442968
54, 24, 4, -0.418370
54, 24, 5, -0.430616
54, 24, 6, -0.463467
54, 24, 7, -0.474068
54, 24, 8, -0.468394
54, 24, 9, -0.441988
54, 24, 10, -0.364330
54, 24, 11, -0.205085
54, 24, 12, 0.061152
54, 24, 13, 0.487410
54, 24, 14, 1.091918
54, 24, 15, 1.704247
54, 24, 16, 100.000000
54, 24, 17, 100.000000
54, 24, 18, 100.000000
54, 24, 19, 100.000000
54, 24, 20, 100.000000
54, 24, 21, 100.000000
54, 24, 22, 100.000000
54, 24, 23, 100.000000
54, 24, 24, 100.000000
54, 24, 25, 100.000000
54, 24, 26, 100.000000
54, 24, 27, 100.000000
54, 24, 28, 100.000000
54, 24, 29, 100.000000
54, 24, 30, 100.000000
54, 24, 31, 100.000000
54, 24, 32, 100.000000
54, 24, 33, 100.000000
54, 24, 34, 100.000000
54, 25, 0, 0.397145
54, 25, 1, -0.189208
54, 25, 2, -0.446803
54, 25, 3, -0.419669
54, 25, 4, -0.470085
54, 25, 5, -0.448516
54, 25, 6, -0.475045
54, 25, 7, -0.455472
54, 25, 8, -0.431929
54, 25, 9, -0.430581
54, 25, 10, -0.392030
54, 25, 11, -0.232561
54, 25, 12, 0.047551
54, 25, 13, 0.497145
54, 25, 14, 1.094748
54, 25, 15, 1.708207
54, 25, 16, 100.000000
54, 25, 17, 100.000000
54, 25, 18, 100.000000
54, 25, 19, 100.000000
54, 25, 20, 100.000000
54, 25, 21, 100.000000
54, 25, 22, 100.000000
54, 25, 23, 100.000000
54, 25, 24, 100.000000
54, 25, 25, 100.000000
54, 25, 26, 100.000000
54, 25, 27, 100.000000
54, 25, 28, 100.000000
54, 25, 29, 100.000000
54, 25, 30, 100.000000
54, 25, 31, 100.000000
54, 25, 32, 100.000000
54, 25, 33, 100.000000
54, 25, 34, 100.000000
54, 26, 0, 0.428305
54, 26, 1, -0.155736
54, 26, 2, -0.445620
54, 26, 3, -0.398783
54, 26, 4, -0.445472
54, 26, 5, -0.456962
54, 26, 6, -0.467925
54, 26, 7, -0.438771
54, 26, 8, -0.410780
54, 26, 9, -0.412826
54, 26, 10, -0.366399
54, 26, 11, -0.236256
54, 26, 12, 0.025046
54, 26, 13, 0.465807
54, 26, 14, 1.081566
54, 26, 15, 1.797318
54, 26, 16, 100.000000
54, 26, 17, 100.000000
54, 26, 18, 100.000000
54, 26, 19, 100.000000
54, 26, 20, 100.000000
54, 26, 21, 100.000000
54, 26, 22, 100.000000
54, 26, 23, 100.000000
54, 26, 24, 100.000000
54, 26, 25, 100.000000
54, 26, 26, 100.000000
54, 26, 27, 100.000000
54, 26, 28, 100.000000
54, 26, 29, 100.000000
54, 26, 30, 100.000000
54, 26, 31, 100.000000
54, 26, 32, 100.000000
54, 26, 33, 100.000000
54, 26, 34, 100.000000
54, 27, 0, 0.443457
54, 27, 1, -0.124475
54, 27, 2, -0.426570
54, 27, 3, -0.378538
54, 27, 4, -0.420283
54, 27, 5, -0.446704
54, 27, 6, -0.450119
54, 27, 7, -0.459783
54, 27, 8, -0.450160
54, 27, 9, -0.421095
54, 27, 10, -0.359822
54, 27, 11, -0.283201
54, 27, 12, -0.034358
54, 27, 13, 0.455476
54, 27, 14, 1.114561
54, 27, 15, 1.867634
54, 27, 16, 100.000000
54, 27, 17, 100.000000
54, 27, 18, 100.000000
54, 27, 19, 100.000000
54, 27, 20, 100.000000
54, 27, 21, 100.000000
54, 27, 22, 100.000000
54, 27, 23, 100.000000
54, 27, 24, 100.000000
54, 27, 25, 100.000000
54, 27, 26, 100.000000
54, 27, 27, 100.000000
54, 27, 28, 100.000000
54, 27, 29, 100.000000
54, 27, 30, 100.000000
54, 27, 31, 100.000000
54, 27, 32, 100.000000
54, 27, 33, 100.000000
54, 27, 34, 100.000000
54, 28, 0, 0.453404
54, 28, 1, -0.089889
54, 28, 2, -0.440268
54, 28, 3, -0.425601
54, 28, 4, -0.467914
54, 28, 5, -0.442041
54, 28, 6, -0.418588
54, 28, 7, -0.435570
54, 28, 8, -0.441044
54, 28, 9, -0.392326
54, 28, 10, -0.339527
54, 28, 11, -0.305568
54, 28, 12, -0.065369
54, 28, 13, 0.487579
54, 28, 14, 1.160419
54, 28, 15, 1.911131
54, 28, 16, 100.000000
54, 28, 17, 100.000000
54, 28, 18, 100.000000
54, 28, 19, 100.000000
54, 28, 20, 100.000000
54, 28, 21, 100.000000
54, 28, 22, 100.000000
54, 28, 23, 100.000000
54, 28, 24, 100.000000
54, 28, 25, 100.000000
54, 28, 26, 100.000000
54, 28, 27, 100.000000
54, 28, 28, 100.000000
54, 28, 29, 100.000000
54, 28, 30, 100.000000
54, 28, 31, 100.000000
54, 28, 32, 100.000000
54, 28, 33, 100.000000
54, 28, 34, 100.000000
54, 29, 0, 0.505406
54, 29, 1, 0.056594
54, 29, 2, -0.100646
54, 29, 3, -0.117787
54, 29, 4, -0.132123
54, 29, 5, -0.118617
54, 29, 6, -0.091061
54, 29, 7, -0.105368
54, 29, 8, -0.122750
54, 29, 9, -0.112453
54, 29, 10, -0.089188
54, 29, 11, -0.080558
54, 29, 12, 0.093914
54, 29, 13, 0.596931
54, 29, 14, 1.211615
54, 29, 15, 1.838371
54, 29, 16, 100.000000
54, 29, 17, 100.000000
54, 29, 18, 100.000000
54, 29, 19, 100.000000
54, 29, 20, 100.000000
54, 29, 21, 100.000000
54, 29, 22, 100.000000
54, 29, 23, 100.000000
54, 29, 24, 100.000000
54, 29, 25, 100.000000
54, 29, 26, 100.000000
54, 29, 27, 100.000000
54, 29, 28, 100.000000
54, 29, 29, 100.000000
54, 29, 30, 100.000000
54, 29, 31, 100.000000
54, 29, 32, 100.000000
54, 29, 33, 100.000000
54, 29, 34, 100.000000
55, 0, 0, 0.707044
55, 0, 1, 0.474126
55, 0, 2, 0.431408
55, 0, 3, 0.432402
55, 0, 4, 0.437119
55, 0, 5, 0.419820
55, 0, 6, 0.409673
55, 0, 7, 0.442175
55, 0, 8, 0.441684
55, 0, 9, 0.423718
55, 0, 10, 0.396114
55, 0, 11, 0.403845
55, 0, 12, 0.548841
55, 0, 13, 0.903395
55, 0, 14, 1.454518
55, 0, 15, 2.379603
55, 0, 16, 100.000000
55, 0, 17, 100.000000
55, 0, 18, 100.000000
55, 0, 19, 100.000000
55, 0, 20, 100.000000
55, 0, 21, 100.000000
55, 0, 22, 100.000000
55, 0, 23, 100.000000
55, 0, 24, 100.000000
55, 0, 25, 100.000000
55, 0, 26, 100.000000
55, 0, 27, 100.000000
55, 0, 28, 100.000000
55, 0, 29, 100.000000
55, 0, 30, 100.000000
55, 0, 31, 100.000000
55, 0, 32, 100.000000
55, 0, 33, 100.000000
55, 0, 34, 100.000000
55, 1, 0, 0.441208
55, 1, 1, 0.035644
55, 1, 2, -0.089016
55, 1, 3, -0.097237
55, 1, 4, -0.120981
55, 1, 5, -0.141229
55, 1, 6, -0.131120
55, 1, 7, -0.084808
55, 1, 8, -0.067047
55, 1, 9, -0.076633
55, 1, 10, -0.088510
55, 1, 11, -0.035719
55, 1, 12, 0.221410
55, 1, 13, 0.693679
55, 1, 14, 1.318628
55, 1, 15, 2.118243
55, 1, 16, 100.000000
55, 1, 17, 100.000000
55, 1, 18, 100.000000
55, 1, 19, 100.000000
55, 1, 20, 100.000000
55, 1, 21, 100.000000
55, 1, 22, 100.000000
55, 1, 23, 100.000000
55, 1, 24, 100.000000
55, 1, 25, 100.000000
55, 1, 26, 100.000000
55, 1, 27, 100.000000
55, 1, 28, 100.000000
55, 1, 29, 100.000000
55, 1, 30, 100.000000
55, 1, 31, 100.000000
55, 1, 32, 100.000000
55, 1, 33, 100.000000
55, 1, 34, 100.000000
55, 2, 0, 0.390910
55, 2, 1, -0.117384
55, 2, 2, -0.412251
55, 2, 3, -0.423518
55, 2, 4, -0.462813
55, 2, 5, -0.478049
55, 2, 6, -0.455072
55, 2, 7, -0.413519
55, 2, 8, -0.380536
55, 2, 9, -0.380925
55, 2, 10, -0.344851
55, 2, 11, -0.186240
55, 2, 12, 0.135156
55, 2, 13, 0.630700
55, 2, 14, 1.229929
55, 2, 15, 1.930013
55, 2, 16, 100.000000
55, 2, 17, 100.000000
55, 2, 18, 100.000000
55, 2, 19, 100.000000
55, 2, 20, 100.000000
55, 2, 21, 100.000000
55, 2, 22, 100.000000
55, 2, 23, 100.000000
55, 2, 24, 100.000000
55, 2, 25, 100.000000
55, 2, 26, 100.000000
55, 2, 27, 100.000000
55, 2, 28, 100.000000
55, 2, 29, 100.000000
55, 2, 30, 100.000000
55, 2, 31, 100.000000
55, 2, 32, 100.000000
55, 2, 33, 100.000000
55, 2, 34, 100.000000
55, 3, 0, 0.406713
55, 3, 1, -0.115454
55, 3, 2, -0.440223
55, 3, 3, -0.428562
55, 3, 4, -0.433140
55, 3, 5, -0.418696
55, 3, 6, -0.415121
55, 3, 7, -0.414578
55, 3, 8, -0.389645
55, 3, 9, -0.399997
55, 3, 10, -0.360440
55, 3, 11, -0.195383
55, 3, 12, 0.093442
55, 3, 13, 0.575291
55, 3, 14, 1.163264
55, 3, 15, 1.855546
55, 3, 16, 100.000000
55, 3, 17, 100.000000
55, 3, 18, 100.000000
55, 3, 19, 100.000000
55, 3, 20, 100.000000
55, 3, 21, 100.000000
55, 3, 22, 100.000000
55, 3, 23, 100.000000
55, 3, 24, 100.000000
55, 3, 25, 100.000000
55, 3, 26, 100.000000
55, 3, 27, 100.000000
55, 3, 28, 100.000000
55, 3, 29, 100.000000
55, 3, 30, 100.000000
55, 3, 31, 100.000000
55, 3, 32, 100.000000
55, 3, 33, 100.000000
55, 3, 34, 100.000000
55, 4, 0, 0.424532
55, 4, 1, -0.122553
55, 4, 2, -0.465863
55, 4, 3, -0.444626
55, 4, 4, -0.465010
55, 4, 5, -0.449489
55, 4, 6, -0.429537
55, 4, 7, -0.409511
55, 4, 8, -0.401124
55, 4, 9, -0.419728
55, 4, 10, -0.377703
55, 4, 11, -0.233679
55, 4, 12, 0.038035
55, 4, 13, 0.520499
55, 4, 14, 1.155130
55, 4, 15, 1.785909
55, 4, 16, 100.000000
55, 4, 17, 100.000000
55, 4, 18, 100.000000
55, 4, 19, 100.000000
55, 4, 20, 100.000000
55, 4, 21, 100.000000
55, 4, 22, 100.000000
55, 4, 23, 100.000000
55, 4, 24, 100.000000
55, 4, 25, 100.000000
55, 4, 26, 100.000000
55, 4, 27, 100.000000
55, 4, 28, 100.000000
55, 4, 29, 100.000000
55, 4, 30, 100.000000
55, 4, 31, 100.000000
55, 4, 32, 100.000000
55, 4, 33, 100.000000
55, 4, 34, 100.000000
55, 5, 0, 0.428939
55, 5, 1, -0.116286
55, 5, 2, -0.438882
55, 5, 3, -0.421911
55, 5, 4, -0.434435
55, 5, 5, -0.435571
55, 5, 6, -0.422899
55, 5, 7, -0.434600
55, 5, 8, -0.421654
55, 5, 9, -0.453564
55, 5, 10, -0.406208
55, 5, 11, -0.284471
55, 5, 12, -0.007856
55, 5, 13, 0.483180
55, 5, 14, 1.123143
55, 5, 15, 1.719584
55, 5, 16, 100.000000
55, 5, 17, 100.000000
55, 5, 18, 100.000000
55, 5, 19, 100.000000
55, 5, 20, 100.000000
55, 5, 21, 100.000000
55, 5, 22, 100.000000
55, 5, 23, 100.000000
55, 5, 24, 100.000000
55, 5, 25, 100.000000
55, 5, 26, 100.000000
55, 5, 27, 100.000000
55, 5, 28, 100.000000
55, 5, 29, 100.000000
55, 5, 30, 100.000000
55, 5, 31, 100.000000
55, 5, 32, 100.000000
55, 5, 33, 100.000000
55, 5, 34, 100.000000
55, 6, 0, 0.399813
55, 6, 1, -0.128759
55, 6, 2, -0.425294
55, 6, 3, -0.444043
55, 6, 4, -0.427685
55, 6, 5, -0.435550
55, 6, 6, -0.418641
55, 6, 7, -0.426152
55, 6, 8, -0.435358
55, 6, 9, -0.457780
55, 6, 10, -0.418468
55, 6, 11, -0.319597
55, 6, 12, -0.034693
55, 6, 13, 0.473894
55, 6, 14, 1.083340
55, 6, 15, 1.715571
55, 6, 16, 100.000000
55, 6, 17, 100.000000
55, 6, 18, 100.000000
55, 6, 19, 100.000000
55, 6, 20, 100.000000
55, 6, 21, 100.000000
55, 6, 22, 100.000000
55, 6, 23, 100.000000
55, 6, 24, 100.000000
55, 6, 25, 100.000000
55, 6, 26, 100.000000
55, 6, 27, 100.000000
55, 6, 28, 100.000000
55, 6, 29, 100.000000
55, 6, 30, 100.000000
55, 6, 31, 100.000000
55, 6, 32, 100.000000
55, 6, 33, 100.000000
55, 6, 34, 100.000000
55, 7, 0, 0.378417
55, 7, 1, -0.151556
55, 7, 2, -0.426876
55, 7, 3, -0.459916
55, 7, 4, -0.425086
55, 7, 5, -0.437215
55, 7, 6, -0.415896
55, 7, 7, -0.407597
55, 7, 8, -0.446998
55, 7, 9, -0.462553
55, 7, 10, -0.426213
55, 7, 11, -0.317539
55, 7, 12, -0.040042
55, 7, 13, 0.483876
55, 7, 14, 1.093548
55, 7, 15, 1.774533
55, 7, 16, 100.000000
55, 7, 17, 100.000000
55, 7, 18, 100.000000
55, 7, 19, 100.000000
55, 7, 20, 100.000000
55, 7, 21, 100.000000
55, 7, 22, 100.000000
55, 7, 23, 100.000000
55, 7, 24, 100.000000
55, 7, 25, 100.000000
55, 7, 26, 100.000000
55, 7, 27, 100.000000
55, 7, 28, 100.000000
55, 7, 29, 100.000000
55, 7, 30, 100.000000
55, 7, 31, 100.000000
55, 7, 32, 100.000000
55, 7, 33, 100.000000
55, 7, 34, 100.000000
55, 8, 0, 0.387477
55, 8, 1, -0.151239
55, 8, 2, -0.446787
55, 8, 3, -0.456246
55, 8, 4, -0.438356
55, 8, 5, -0.451639
55, 8, 6, -0.407116
55, 8, 7, -0.390153
55, 8, 8, -0.428003
55, 8, 9, -0.446653
55, 8, 10, -0.378775
55, 8, 11, -0.294420
55, 8, 12, -0.069715
55, 8, 13, 0.455335
55, 8, 14, 1.107402
55, 8, 15, 1.821109
55, 8, 16, 100.000000
55, 8, 17, 100.000000
55, 8, 18, 100.000000
55, 8, 19, 100.000000
55, 8, 20, 100.000000
55, 8, 21, 100.000000
55, 8, 22, 100.000000
55, 8, 23, 100.000000
55, 8, 24, 100.000000
55, 8, 25, 100.000000
55, 8, 26, 100.000000
55, 8, 27, 100.000000
55, 8, 28, 100.000000
55, 8, 29, 100.000000
55, 8, 30, 100.000000
55, 8, 31, 100.000000
55, 8, 32, 100.000000
55, 8, 33, 100.000000
55, 8, 34, 100.000000
55, 9, 0, 0.400283
55, 9, 1, -0.136196
55, 9, 2, -0.457641
55, 9, 3, -0.447985
55, 9, 4, -0.444007
55, 9, 5, -0.451700
55, 9, 6, -0.426953
55, 9, 7, -0.412193
55, 9, 8, -0.420057
55, 9, 9, -0.395847
55, 9, 10, -0.316730
55, 9, 11, -0.274976
55, 9, 12, -0.093359
55, 9, 13, 0.419112
55, 9, 14, 1.131918
55, 9, 15, 1.900927
55, 9, 16, 100.000000
55, 9, 17, 100.000000
55, 9, 18, 100.000000
55, 9, 19, 100.000000
55, 9, 20, 100.000000
55, 9, 21, 100.000000
55, 9, 22, 100.000000
55, 9, 23, 100.000000
55, 9, 24, 100.000000
55, 9, 25, 100.000000
55, 9, 26, 100.000000
55, 9, 27, 100.000000
55, 9, 28, 100.000000
55, 9, 29, 100.000000
55, 9, 30, 100.000000
55, 9, 31, 100.000000
55, 9, 32, 100.000000
55, 9, 33, 100.000000
55, 9, 34, 100.000000
55, 10, 0, 0.402150
55, 10, 1, -0.131601
55, 10, 2, -0.451961
55, 10, 3, -0.432446
55, 10, 4, -0.425726
55, 10, 5, -0.446836
55, 10, 6, -0.453851
55, 10, 7, -0.437579
55, 10, 8, -0.409861
55, 10, 9, -0.362619
55, 10, 10, -0.308560
55, 10, 11, -0.272932
55, 10, 12, -0.073857
55, 10, 13, 0.443865
55, 10, 14, 1.125136
55, 10, 15, 1.897377
55, 10, 16, 100.000000
55, 10, 17, 100.000000
55, 10, 18, 100.000000
55, 10, 19, 100.000000
55, 10, 20, 100.000000
55, 10, 21, 100.000000
55, 10, 22, 100.000000
55, 10, 23, 100.000000
55, 10, 24, 100.000000
55, 10, 25, 100.000000
55, 10, 26, 100.000000
55, 10, 27, 100.000000
55, 10, 28, 100.000000
55, 10, 29, 100.000000
55, 10, 30, 100.000000
55, 10, 31, 100.000000
55, 10, 32, 100.000000
55, 10, 33, 100.000000
55, 10, 34, 100.000000
55, 11, 0, 0.388400
55, 11, 1, -0.131534
55, 11, 2, -0.453029
55, 11, 3, -0.423743
55, 11, 4, -0.435582
55, 11, 5, -0.458073
55, 11, 6, -0.461072
55, 11, 7, -0.444413
55, 11, 8, -0.408756
55, 11, 9, -0.368443
55, 11, 10, -0.308343
55, 11, 11, -0.256165
55, 11, 12, -0.032259
55, 11, 13, 0.484175
55, 11, 14, 1.116760
55, 11, 15, 1.833520
55, 11, 16, 100.000000
55, 11, 17, 100.000000
55, 11, 18, 100.000000
55, 11, 19, 100.000000
55, 11, 20, 100.000000
55, 11, 21, 100.000000
55, 11, 22, 100.000000
55, 11, 23, 100.000000
55, 11, 24, 100.000000
55, 11, 25, 100.000000
55, 11, 26, 100.000000
55, 11, 27, 100.000000
55, 11, 28, 100.000000
55, 11, 29, 100.000000
55, 11, 30, 100.000000
55, 11, 31, 100.000000
55, 11, 32, 100.000000
55, 11, 33, 100.000000
55, 11, 34, 100.000000
55, 12, 0, 0.370246
55, 12, 1, -0.155086
55, 12, 2, -0.441843
55, 12, 3, -0.416611
55, 12, 4, -0.457813
55, 12, 5, -0.482079
55, 12, 6, -0.467310
55, 12, 7, -0.442174
55, 12, 8, -0.434303
55, 12, 9, -0.385683
55, 12, 10, -0.302503
55, 12, 11, -0.266883
55, 12, 12, -0.029556
55, 12, 13, 0.503977
55, 12, 14, 1.144164
55, 12, 15, 1.764490
55, 12, 16, 100.000000
55, 12, 17, 100.000000
55, 12, 18, 100.000000
55, 12, 19, 100.000000
55, 12, 20, 100.000000
55, 12, 21, 100.000000
55, 12, 22, 100.000000
55, 12, 23, 100.000000
55, 12, 24, 100.000000
55, 12, 25, 100.000000
55, 12, 26, 100.000000
55, 12, 27, 100.000000
55, 12, 28, 100.000000
55, 12, 29, 100.000000
55, 12, 30, 100.000000
55, 12, 31, 100.000000
55, 12, 32, 100.000000
55, 12, 33, 100.000000
55, 12, 34, 100.000000
55, 13, 0, 0.363788
55, 13, 1, -0.187545
55, 13, 2, -0.467595
55, 13, 3, -0.426317
55, 13, 4, -0.470505
55, 13, 5, -0.471276
55, 13, 6, -0.462394
55, 13, 7, -0.461681
55, 13, 8, -0.460076
55, 13, 9, -0.399479
55, 13, 10, -0.306149
55, 13, 11, -0.258767
55, 13, 12, -0.014685
55, 13, 13, 0.518101
55, 13, 14, 1.183914
55, 13, 15, 1.918916
55, 13, 16, 100.000000
55, 13, 17, 100.000000
55, 13, 18, 100.000000
55, 13, 19, 100.000000
55, 13, 20, 100.000000
55, 13, 21, 100.000000
55, 13, 22, 100.000000
55, 13, 23, 100.000000
55, 13, 24, 100.000000
55, 13, 25, 100.000000
55, 13, 26, 100.000000
55, 13, 27, 100.000000
55, 13, 28, 100.000000
55, 13, 29, 100.000000
55, 13, 30, 100.000000
55, 13, 31, 100.000000
55, 13, 32, 100.000000
55, 13, 33, 100.000000
55, 13, 34, 100.000000
55, 14, 0, 0.368405
55, 14, 1, -0.207828
55, 14, 2, -0.446425
55, 14, 3, -0.452484
55, 14, 4, -0.468310
55, 14, 5, -0.458860
55, 14, 6, -0.455975
55, 14, 7, -0.475561
55, 14, 8, -0.470358
55, 14, 9, -0.417454
55, 14, 10, -0.341246
55, 14, 11, -0.241030
55, 14, 12, 0.028761
55, 14, 13, 0.524614
55, 14, 14, 1.186344
55, 14, 15, 1.958611
55, 14, 16, 100.000000
55, 14, 17, 100.000000
55, 14, 18, 100.000000
55, 14, 19, 100.000000
55, 14, 20, 100.000000
55, 14, 21, 100.000000
55, 14, 22, 100.000000
55, 14, 23, 100.000000
55, 14, 24, 100.000000
55, 14, 25, 100.000000
55, 14, 26, 100.000000
55, 14, 27, 100.000000
55, 14, 28, 100.000000
55, 14, 29, 100.000000
55, 14, 30, 100.000000
55, 14, 31, 100.000000
55, 14, 32, 100.000000
55, 14, 33, 100.000000
55, 14, 34, 100.000000
55, 15, 0, 0.368531
55, 15, 1, -0.203609
55, 15, 2, -0.459900
55, 15, 3, -0.466336
55, 15, 4, -0.465573
55, 15, 5, -0.455570
55, 15, 6, -0.464081
55, 15, 7, -0.467456
55, 15, 8, -0.455817
55, 15, 9, -0.433061
55, 15, 10, -0.381955
55, 15, 11, -0.261432
55, 15, 12, 0.039564
55, 15, 13, 0.524144
55, 15, 14, 1.140637
55, 15, 15, 1.848564
55, 15, 16, 100.000000
55, 15, 17, 100.000000
55, 15, 18, 100.000000
55, 15, 19, 100.000000
55, 15, 20, 100.000000
55, 15, 21, 100.000000
55, 15, 22, 100.000000
55, 15, 23, 100.000000
55, 15, 24, 100.000000
55, 15, 25, 100.000000
55, 15, 26, 100.000000
55, 15, 27, 100.000000
55, 15, 28, 100.000000
55, 15, 29, 100.000000
55, 15, 30, 100.000000
55, 15, 31, 100.000000
55, 15, 32, 100.000000
55, 15, 33, 100.000000
55, 15, 34, 100.000000
55, 16, 0, 0.365632
55, 16, 1, -0.204776
55, 16, 2, -0.469276
55, 16, 3, -0.461752
55, 16, 4, -0.466332
55, 16, 5, -0.458322
55, 16, 6, -0.463777
55, 16, 7, -0.479843
55, 16, 8, -0.451423
55, 16, 9, -0.425870
55, 16, 10, -0.380531
55, 16, 11, -0.263454
55, 16, 12, 0.030615
55, 16, 13, 0.509847
55, 16, 14, 1.101856
55, 16, 15, 1.670481
55, 16, 16, 100.000000
55, 16, 17, 100.000000
55, 16, 18, 100.000000
55, 16, 19, 100.000000
55, 16, 20, 100.000000
55, 16, 21, 100.000000
55, 16, 22, 100.000000
55, 16, 23, 100.000000
55, 16, 24, 100.000000
55, 16, 25, 100.000000
55, 16, 26, 100.000000
55, 16, 27, 100.000000
55, 16, 28, 100.000000
55, 16, 29, 100.000000
55, 16, 30, 100.000000
55, 16, 31, 100.000000
55, 16, 32, 100.000000
55, 16, 33, 100.000000
55, 16, 34, 100.000000
55, 17, 0, 0.366275
55, 17, 1, -0.219649
55, 17, 2, -0.463846
55, 17, 3, -0.469822
55, 17, 4, -0.470678
55, 17, 5, -0.476689
55, 17, 6, -0.462814
55, 17, 7, -0.469048
55, 17, 8, -0.480046
55, 17, 9, -0.425505
55, 17, 10, -0.357744
55, 17, 11, -0.249201
55, 17, 12, 0.008618
55, 17, 13, 0.464631
55, 17, 14, 1.065060
55, 17, 15, 1.683945
55, 17, 16, 100.000000
55, 17, 17, 100.000000
55, 17, 18, 100.000000
55, 17, 19, 100.000000
55, 17, 20, 100.000000
55, 17, 21, 100.000000
55, 17, 22, 100.000000
55, 17, 23, 100.000000
55, 17, 24, 100.000000
55, 17, 25, 100.000000
55, 17, 26, 100.000000
55, 17, 27, 100.000000
55, 17, 28, 100.000000
55, 17, 29, 100.000000
55, 17, 30, 100.000000
55, 17, 31, 100.000000
55, 17, 32, 100.000000
55, 17, 33, 100.000000
55, 17, 34, 100.000000
55, 18, 0, 0.357428
55, 18, 1, -0.223059
55, 18, 2, -0.461097
55, 18, 3, -0.452497
55, 18, 4, -0.449386
55, 18, 5, -0.453272
55, 18, 6, -0.463761
55, 18, 7, -0.461318
55, 18, 8, -0.467851
55, 18, 9, -0.395641
55, 18, 10, -0.322733
55, 18, 11, -0.235987
55, 18, 12, -0.007076
55, 18, 13, 0.433287
55, 18, 14, 1.040591
55, 18, 15, 1.741389
55, 18, 16, 100.000000
55, 18, 17, 100.000000
55, 18, 18, 100.000000
55, 18, 19, 100.000000
55, 18, 20, 100.000000
55, 18, 21, 100.000000
55, 18, 22, 100.000000
55, 18, 23, 100.000000
55, 18, 24, 100.000000
55, 18, 25, 100.000000
55, 18, 26, 100.000000
55, 18, 27, 100.000000
55, 18, 28, 100.000000
55, 18, 29, 100.000000
55, 18, 30, 100.000000
55, 18, 31, 100.000000
55, 18, 32, 100.000000
55, 18, 33, 100.000000
55, 18, 34, 100.000000
55, 19, 0, 0.364009
55, 19, 1, -0.204313
55, 19, 2, -0.473475
55, 19, 3, -0.464659
55, 19, 4, -0.472536
55, 19, 5, -0.469907
55, 19, 6, -0.467545
55, 19, 7, -0.473927
55, 19, 8, -0.435202
55, 19, 9, -0.373598
55, 19, 10, -0.329013
55, 19, 11, -0.249478
55, 19, 12, -0.034068
55, 19, 13, 0.378323
55, 19, 14, 0.956463
55, 19, 15, 1.653794
55, 19, 16, 2.495137
55, 19, 17, 100.000000
55, 19, 18, 100.000000
55, 19, 19, 100.000000
55, 19, 20, 100.000000
55, 19, 21, 100.000000
55, 19, 22, 100.000000
55, 19, 23, 100.000000
55, 19, 24, 100.000000
55, 19, 25, 100.000000
55, 19, 26, 100.000000
55, 19, 27, 100.000000
55, 19, 28, 100.000000
55, 19, 29, 100.000000
55, 19, 30, 100.000000
55, 19, 31, 100.000000
55, 19, 32, 100.000000
55, 19, 33, 100.000000
55, 19, 34, 100.000000
55, 20, 0, 0.376354
55, 20, 1, -0.177153
55, 20, 2, -0.465398
55, 20, 3, -0.453641
55, 20, 4, -0.461162
55, 20, 5, -0.480733
55, 20, 6, -0.480030
55, 20, 7, -0.464459
55, 20, 8, -0.425344
55, 20, 9, -0.389018
55, 20, 10, -0.336898
55, 20, 11, -0.238199
55, 20, 12, -0.039718
55, 20, 13, 0.331540
55, 20, 14, 0.853299
55, 20, 15, 1.460251
55, 20, 16, 2.173721
55, 20, 17, 100.000000
55, 20, 18, 100.000000
55, 20, 19, 100.000000
55, 20, 20, 100.000000
55, 20, 21, 100.000000
55, 20, 22, 100.000000
55, 20, 23, 100.000000
55, 20, 24, 100.000000
55, 20, 25, 100.000000
55, 20, 26, 100.000000
55, 20, 27, 100.000000
55, 20, 28, 100.000000
55, 20, 29, 100.000000
55, 20, 30, 100.000000
55, 20, 31, 100.000000
55, 20, 32, 100.000000
55, 20, 33, 100.000000
55, 20, 34, 100.000000
55, 21, 0, 0.366481
55, 21, 1, -0.181658
55, 21, 2, -0.467895
55, 21, 3, -0.454750
55, 21, 4, -0.461090
55, 21, 5, -0.456659
55, 21, 6, -0.486792
55, 21, 7, -0.454424
55, 21, 8, -0.421875
55, 21, 9, -0.412431
55, 21, 10, -0.371740
55, 21, 11, -0.240102
55, 21, 12, -0.019011
55, 21, 13, 0.352748
55, 21, 14, 0.802740
55, 21, 15, 1.440967
55, 21, 16, 2.206754
55, 21, 17, 100.000000
55, 21, 18, 100.000000
55, 21, 19, 100.000000
55, 21, 20, 100.000000
55, 21, 21, 100.000000
55, 21, 22, 100.000000
55, 21, 23, 100.000000
55, 21, 24, 100.000000
55, 21, 25, 100.000000
55, 21, 26, 100.000000
55, 21, 27, 100.000000
55, 21, 28, 100.000000
55, 21, 29, 100.000000
55, 21, 30, 100.000000
55, 21, 31, 100.000000
55, 21, 32, 100.000000
55, 21, 33, 100.000000
55, 21, 34, 100.000000
55, 22, 0, 0.361344
55, 22, 1, -0.199490
55, 22, 2, -0.464950
55, 22, 3, -0.446168
55, 22, 4, -0.435374
55, 22, 5, -0.434759
55, 22, 6, -0.477988
55, 22, 7, -0.451465
55, 22, 8, -0.418330
55, 22, 9, -0.420169
55, 22, 10, -0.383609
55, 22, 11, -0.242307
55, 22, 12, 0.027712
55, 22, 13, 0.391445
55, 22, 14, 0.825782
55, 22, 15, 1.473447
55, 22, 16, 2.370477
55, 22, 17, 100.000000
55, 22, 18, 100.000000
55, 22, 19, 100.000000
55, 22, 20, 100.000000
55, 22, 21, 100.000000
55, 22, 22, 100.000000
55, 22, 23, 100.000000
55, 22, 24, 100.000000
55, 22, 25, 100.000000
55, 22, 26, 100.000000
55, 22, 27, 100.000000
55, 22, 28, 100.000000
55, 22, 29, 100.000000
55, 22, 30, 100.000000
55, 22, 31, 100.000000
55, 22, 32, 100.000000
55, 22, 33, 100.000000
55, 22, 34, 100.000000
55, 23, 0, 0.367751
55, 23, 1, -0.210015
55, 23, 2, -0.462656
55, 23, 3, -0.442587
55, 23, 4, -0.424336
55, 23, 5, -0.420564
55, 23, 6, -0.444770
55, 23, 7, -0.465384
55, 23, 8, -0.437049
55, 23, 9, -0.422686
55, 23, 10, -0.383609
55, 23, 11, -0.266544
55, 23, 12, -0.002200
55, 23, 13, 0.381837
55, 23, 14, 0.861185
55, 23, 15, 1.467059
55, 23, 16, 2.152698
55, 23, 17, 100.000000
55, 23, 18, 100.000000
55, 23, 19, 100.000000
55, 23, 20, 100.000000
55, 23, 21, 100.000000
55, 23, 22, 100.000000
55, 23, 23, 100.000000
55, 23, 24, 100.000000
55, 23, 25, 100.000000
55, 23, 26, 100.000000
55, 23, 27, 100.000000
55, 23, 28, 100.000000
55, 23, 29, 100.000000
55, 23, 30, 100.000000
55, 23, 31, 100.000000
55, 23, 32, 100.000000
55, 23, 33, 100.000000
55, 23, 34, 100.000000
55, 24, 0, 0.386415
55, 24, 1, -0.193892
55, 24, 2, -0.442838
55, 24, 3, -0.420006
55, 24, 4, -0.455971
55, 24, 5, -0.418012
55, 24, 6, -0.432629
55, 24, 7, -0.431795
55, 24, 8, -0.439302
55, 24, 9, -0.454975
55, 24, 10, -0.418401
55, 24, 11, -0.287839
55, 24, 12, -0.033021
55, 24, 13, 0.380383
55, 24, 14, 0.943859
55, 24, 15, 1.527726
55, 24, 16, 2.297503
55, 24, 17, 100.000000
55, 24, 18, 100.000000
55, 24, 19, 100.000000
55, 24, 20, 100.000000
55, 24, 21, 100.000000
55, 24, 22, 100.000000
55, 24, 23, 100.000000
55, 24, 24, 100.000000
55, 24, 25, 100.000000
55, 24, 26, 100.000000
55, 24, 27, 100.000000
55, 24, 28, 100.000000
55, 24, 29, 100.000000
55, 24, 30, 100.000000
55, 24, 31, 100.000000
55, 24, 32, 100.000000
55, 24, 33, 100.000000
55, 24, 34, 100.000000
55, 25, 0, 0.406268
55, 25, 1, -0.164608
55, 25, 2, -0.458129
55, 25, 3, -0.380996
55, 25, 4, -0.463382
55, 25, 5, -0.427504
55, 25, 6, -0.426971
55, 25, 7, -0.426753
55, 25, 8, -0.423161
55, 25, 9, -0.434249
55, 25, 10, -0.416305
55, 25, 11, -0.270727
55, 25, 12, -0.015187
55, 25, 13, 0.413905
55, 25, 14, 0.980335
55, 25, 15, 1.633320
55, 25, 16, 100.000000
55, 25, 17, 100.000000
55, 25, 18, 100.000000
55, 25, 19, 100.000000
55, 25, 20, 100.000000
55, 25, 21, 100.000000
55, 25, 22, 100.000000
55, 25, 23, 100.000000
55, 25, 24, 100.000000
55, 25, 25, 100.000000
55, 25, 26, 100.000000
55, 25, 27, 100.000000
55, 25, 28, 100.000000
55, 25, 29, 100.000000
55, 25, 30, 100.000000
55, 25, 31, 100.000000
55, 25, 32, 100.000000
55, 25, 33, 100.000000
55, 25, 34, 100.000000
55, 26, 0, 0.426218
55, 26, 1, -0.138588
55, 26, 2, -0.493092
55, 26, 3, -0.394803
55, 26, 4, -0.441793
55, 26, 5, -0.433540
55, 26, 6, -0.422456
55, 26, 7, -0.418089
55, 26, 8, -0.450196
55, 26, 9, -0.473854
55, 26, 10, -0.395869
55, 26, 11, -0.254362
55, 26, 12, -0.031421
55, 26, 13, 0.370385
55, 26, 14, 0.970314
55, 26, 15, 1.689936
55, 26, 16, 100.000000
55, 26, 17, 100.000000
55, 26, 18, 100.000000
55, 26, 19, 100.000000
55, 26, 20, 100.000000
55, 26, 21, 100.000000
55, 26, 22, 100.000000
55, 26, 23, 100.000000
55, 26, 24, 100.000000
55, 26, 25, 100.000000
55, 26, 26, 100.000000
55, 26, 27, 100.000000
55, 26, 28, 100.000000
55, 26, 29, 100.000000
55, 26, 30, 100.000000
55, 26, 31, 100.000000
55, 26, 32, 100.000000
55, 26, 33, 100.000000
55, 26, 34, 100.000000
55, 27, 0, 0.444835
55, 27, 1, -0.107296
55, 27, 2, -0.439708
55, 27, 3, -0.398934
55, 27, 4, -0.417657
55, 27, 5, -0.415292
55, 27, 6, -0.411167
55, 27, 7, -0.436086
55, 27, 8, -0.460546
55, 27, 9, -0.442160
55, 27, 10, -0.351040
55, 27, 11, -0.276708
55, 27, 12, -0.079150
55, 27, 13, 0.362087
55, 27, 14, 0.986815
55, 27, 15, 1.748899
55, 27, 16, 100.000000
55, 27, 17, 100.000000
55, 27, 18, 100.000000
55, 27, 19, 100.000000
55, 27, 20, 100.000000
55, 27, 21, 100.000000
55, 27, 22, 100.000000
55, 27, 23, 100.000000
55, 27, 24, 100.000000
55, 27, 25, 100.000000
55, 27, 26, 100.000000
55, 27, 27, 100.000000
55, 27, 28, 100.000000
55, 27, 29, 100.000000
55, 27, 30, 100.000000
55, 27, 31, 100.000000
55, 27, 32, 100.000000
55, 27, 33, 100.000000
55, 27, 34, 100.000000
55, 28, 0, 0.454033
55, 28, 1, -0.075911
55, 28, 2, -0.420198
55, 28, 3, -0.441578
55, 28, 4, -0.459016
55, 28, 5, -0.455389
55, 28, 6, -0.429904
55, 28, 7, -0.449564
55, 28, 8, -0.443727
55, 28, 9, -0.403558
55, 28, 10, -0.309165
55, 28, 11, -0.270456
55, 28, 12, -0.086792
55, 28, 13, 0.426367
55, 28, 14, 1.086796
55, 28, 15, 1.856930
55, 28, 16, 100.000000
55, 28, 17, 100.000000
55, 28, 18, 100.000000
55, 28, 19, 100.000000
55, 28, 20, 100.000000
55, 28, 21, 100.000000
55, 28, 22, 100.000000
55, 28, 23, 100.000000
55, 28, 24, 100.000000
55, 28, 25, 100.000000
55, 28, 26, 100.000000
55, 28, 27, 100.000000
55, 28, 28, 100.000000
55, 28, 29, 100.000000
55, 28, 30, 100.000000
55, 28, 31, 100.000000
55, 28, 32, 100.000000
55, 28, 33, 100.000000
55, 28, 34, 100.000000
55, 29, 0, 0.503672
55, 29, 1, 0.047287
55, 29, 2, -0.129382
55, 29, 3, -0.154566
55, 29, 4, -0.175980
55, 29, 5, -0.157115
55, 29, 6, -0.127994
55, 29, 7, -0.118176
55, 29, 8, -0.103875
55, 29, 9, -0.085050
55, 29, 10, -0.055324
55, 29, 11, -0.057479
55, 29, 12, 0.078282
55, 29, 13, 0.541252
55, 29, 14, 1.194417
55, 29, 15, 1.869763
55, 29, 16, 100.000000
55, 29, 17, 100.000000
55, 29, 18, 100.000000
55, 29, 19, 100.000000
55, 29, 20, 100.000000
55, 29, 21, 100.000000
55, 29, 22, 100.000000
55, 29, 23, 100.000000
55, 29, 24, 100.000000
55, 29, 25, 100.000000
55, 29, 26, 100.000000
55, 29, 27, 100.000000
55, 29, 28, 100.000000
55, 29, 29, 100.000000
55, 29, 30, 100.000000
55, 29, 31, 100.000000
55, 29, 32, 100.000000
55, 29, 33, 100.000000
55, 29, 34, 100.000000
56, 0, 0, 0.692229
56, 0, 1, 0.460545
56, 0, 2, 0.430377
56, 0, 3, 0.432039
56, 0, 4, 0.421931
56, 0, 5, 0.407418
56, 0, 6, 0.416261
56, 0, 7, 0.459484
56, 0, 8, 0.455733
56, 0, 9, 0.428950
56, 0, 10, 0.413215
56, 0, 11, 0.408704
56, 0, 12, 0.476485
56, 0, 13, 0.778092
56, 0, 14, 1.352886
56, 0, 15, 2.101942
56, 0, 16, 100.000000
56, 0, 17, 100.000000
56, 0, 18, 100.000000
56, 0, 19, 100.000000
56, 0, 20, 100.000000
56, 0, 21, 100.000000
56, 0, 22, 100.000000
56, 0, 23, 100.000000
56, 0, 24, 100.000000
56, 0, 25, 100.000000
56, 0, 26, 100.000000
56, 0, 27, 100.000000
56, 0, 28, 100.000000
56, 0, 29, 100.000000
56, 0, 30, 100.000000
56, 0, 31, 100.000000
56, 0, 32, 100.000000
56, 0, 33, 100.000000
56, 0, 34, 100.000000
56, 1, 0, 0.439829
56, 1, 1, 0.038988
56, 1, 2, -0.091869
56, 1, 3, -0.101423
56, 1, 4, -0.132403
56, 1, 5, -0.146292
56, 1, 6, -0.124769
56, 1, 7, -0.075840
56, 1, 8, -0.068529
56, 1, 9, -0.081444
56, 1, 10, -0.077811
56, 1, 11, -0.037451
56, 1, 12, 0.155613
56, 1, 13, 0.566137
56, 1, 14, 1.235531
56, 1, 15, 2.000157
56, 1, 16, 100.000000
56, 1, 17, 100.000000
56, 1, 18, 100.000000
56, 1, 19, 100.000000
56, 1, 20, 100.000000
56, 1, 21, 100.000000
56, 1, 22, 100.000000
56, 1, 23, 100.000000
56, 1, 24, 100.000000
56, 1, 25, 100.000000
56, 1, 26, 100.000000
56, 1, 27, 100.000000
56, 1, 28, 100.000000
56, 1, 29, 100.000000
56, 1, 30, 100.000000
56, 1, 31, 100.000000
56, 1, 32, 100.000000
56, 1, 33, 100.000000
56, 1, 34, 100.000000
56, 2, 0, 0.390744
56, 2, 1, -0.110300
56, 2, 2, -0.402347
56, 2, 3, -0.422905
56, 2, 4, -0.445501
56, 2, 5, -0.470615
56, 2, 6, -0.454832
56, 2, 7, -0.395442
56, 2, 8, -0.378494
56, 2, 9, -0.388678
56, 2, 10, -0.336928
56, 2, 11, -0.190558
56, 2, 12, 0.087273
56, 2, 13, 0.525515
56, 2, 14, 1.157344
56, 2, 15, 1.953291
56, 2, 16, 100.000000
56, 2, 17, 100.000000
56, 2, 18, 100.000000
56, 2, 19, 100.000000
56, 2, 20, 100.000000
56, 2, 21, 100.000000
56, 2, 22, 100.000000
56, 2, 23, 100.000000
56, 2, 24, 100.000000
56, 2, 25, 100.000000
56, 2, 26, 100.000000
56, 2, 27, 100.000000
56, 2, 28, 100.000000
56, 2, 29, 100.000000
56, 2, 30, 100.000000
56, 2, 31, 100.000000
56, 2, 32, 100.000000
56, 2, 33, 100.000000
56, 2, 34, 100.000000
56, 3, 0, 0.404953
56, 3, 1, -0.112317
56, 3, 2, -0.437517
56, 3, 3, -0.425779
56, 3, 4, -0.443169
56, 3, 5, -0.459066
56, 3, 6, -0.448594
56, 3, 7, -0.411373
56, 3, 8, -0.398149
56, 3, 9, -0.415985
56, 3, 10, -0.359864
56, 3, 11, -0.211370
56, 3, 12, 0.054681
56, 3, 13, 0.511008
56, 3, 14, 1.116686
56, 3, 15, 1.848880
56, 3, 16, 100.000000
56, 3, 17, 100.000000
56, 3, 18, 100.000000
56, 3, 19, 100.000000
56, 3, 20, 100.000000
56, 3, 21, 100.000000
56, 3, 22, 100.000000
56, 3, 23, 100.000000
56, 3, 24, 100.000000
56, 3, 25, 100.000000
56, 3, 26, 100.000000
56, 3, 27, 100.000000
56, 3, 28, 100.000000
56, 3, 29, 100.000000
56, 3, 30, 100.000000
56, 3, 31, 100.000000
56, 3, 32, 100.000000
56, 3, 33, 100.000000
56, 3, 34, 100.000000
56, 4, 0, 0.421380
56, 4, 1, -0.119321
56, 4, 2, -0.455284
56, 4, 3, -0.440146
56, 4, 4, -0.461716
56, 4, 5, -0.465470
56, 4, 6, -0.444408
56, 4, 7, -0.412877
56, 4, 8, -0.418449
56, 4, 9, -0.423233
56, 4, 10, -0.371785
56, 4, 11, -0.245953
56, 4, 12, 0.003828
56, 4, 13, 0.486099
56, 4, 14, 1.151705
56, 4, 15, 1.815603
56, 4, 16, 100.000000
56, 4, 17, 100.000000
56, 4, 18, 100.000000
56, 4, 19, 100.000000
56, 4, 20, 100.000000
56, 4, 21, 100.000000
56, 4, 22, 100.000000
56, 4, 23, 100.000000
56, 4, 24, 100.000000
56, 4, 25, 100.000000
56, 4, 26, 100.000000
56, 4, 27, 100.000000
56, 4, 28, 100.000000
56, 4, 29, 100.000000
56, 4, 30, 100.000000
56, 4, 31, 100.000000
56, 4, 32, 100.000000
56, 4, 33, 100.000000
56, 4, 34, 100.000000
56, 5, 0, 0.424361
56, 5, 1, -0.124436
56, 5, 2, -0.445383
56, 5, 3, -0.446146
56, 5, 4, -0.459489
56, 5, 5, -0.465002
56, 5, 6, -0.441588
56, 5, 7, -0.420498
56, 5, 8, -0.410538
56, 5, 9, -0.407210
56, 5, 10, -0.370915
56, 5, 11, -0.297468
56, 5, 12, -0.049358
56, 5, 13, 0.463938
56, 5, 14, 1.163563
56, 5, 15, 1.803866
56, 5, 16, 100.000000
56, 5, 17, 100.000000
56, 5, 18, 100.000000
56, 5, 19, 100.000000
56, 5, 20, 100.000000
56, 5, 21, 100.000000
56, 5, 22, 100.000000
56, 5, 23, 100.000000
56, 5, 24, 100.000000
56, 5, 25, 100.000000
56, 5, 26, 100.000000
56, 5, 27, 100.000000
56, 5, 28, 100.000000
56, 5, 29, 100.000000
56, 5, 30, 100.000000
56, 5, 31, 100.000000
56, 5, 32, 100.000000
56, 5, 33, 100.000000
56, 5, 34, 100.000000
56, 6, 0, 0.383870
56, 6, 1, -0.145892
56, 6, 2, -0.426091
56, 6, 3, -0.447682
56, 6, 4, -0.433928
56, 6, 5, -0.441370
56, 6, 6, -0.457117
56, 6, 7, -0.425787
56, 6, 8, -0.410853
56, 6, 9, -0.408173
56, 6, 10, -0.376033
56, 6, 11, -0.327917
56, 6, 12, -0.078266
56, 6, 13, 0.451749
56, 6, 14, 1.129382
56, 6, 15, 1.843035
56, 6, 16, 100.000000
56, 6, 17, 100.000000
56, 6, 18, 100.000000
56, 6, 19, 100.000000
56, 6, 20, 100.000000
56, 6, 21, 100.000000
56, 6, 22, 100.000000
56, 6, 23, 100.000000
56, 6, 24, 100.000000
56, 6, 25, 100.000000
56, 6, 26, 100.000000
56, 6, 27, 100.000000
56, 6, 28, 100.000000
56, 6, 29, 100.000000
56, 6, 30, 100.000000
56, 6, 31, 100.000000
56, 6, 32, 100.000000
56, 6, 33, 100.000000
56, 6, 34, 100.000000
56, 7, 0, 0.359898
56, 7, 1, -0.170134
56, 7, 2, -0.427650
56, 7, 3, -0.477159
56, 7, 4, -0.418997
56, 7, 5, -0.438469
56, 7, 6, -0.457772
56, 7, 7, -0.426115
56, 7, 8, -0.424179
56, 7, 9, -0.434219
56, 7, 10, -0.394532
56, 7, 11, -0.337142
56, 7, 12, -0.075046
56, 7, 13, 0.450838
56, 7, 14, 1.110917
56, 7, 15, 1.830842
56, 7, 16, 100.000000
56, 7, 17, 100.000000
56, 7, 18, 100.000000
56, 7, 19, 100.000000
56, 7, 20, 100.000000
56, 7, 21, 100.000000
56, 7, 22, 100.000000
56, 7, 23, 100.000000
56, 7, 24, 100.000000
56, 7, 25, 100.000000
56, 7, 26, 100.000000
56, 7, 27, 100.000000
56, 7, 28, 100.000000
56, 7, 29, 100.000000
56, 7, 30, 100.000000
56, 7, 31, 100.000000
56, 7, 32, 100.000000
56, 7, 33, 100.000000
56, 7, 34, 100.000000
56, 8, 0, 0.367649
56, 8, 1, -0.172269
56, 8, 2, -0.436890
56, 8, 3, -0.474041
56, 8, 4, -0.435985
56, 8, 5, -0.453158
56, 8, 6, -0.442077
56, 8, 7, -0.419636
56, 8, 8, -0.432307
56, 8, 9, -0.435009
56, 8, 10, -0.384838
56, 8, 11, -0.308242
56, 8, 12, -0.075912
56, 8, 13, 0.437394
56, 8, 14, 1.141299
56, 8, 15, 1.878520
56, 8, 16, 100.000000
56, 8, 17, 100.000000
56, 8, 18, 100.000000
56, 8, 19, 100.000000
56, 8, 20, 100.000000
56, 8, 21, 100.000000
56, 8, 22, 100.000000
56, 8, 23, 100.000000
56, 8, 24, 100.000000
56, 8, 25, 100.000000
56, 8, 26, 100.000000
56, 8, 27, 100.000000
56, 8, 28, 100.000000
56, 8, 29, 100.000000
56, 8, 30, 100.000000
56, 8, 31, 100.000000
56, 8, 32, 100.000000
56, 8, 33, 100.000000
56, 8, 34, 100.000000
56, 9, 0, 0.378976
56, 9, 1, -0.153334
56, 9, 2, -0.438361
56, 9, 3, -0.470065
56, 9, 4, -0.450833
56, 9, 5, -0.467354
56, 9, 6, -0.458009
56, 9, 7, -0.434908
56, 9, 8, -0.423900
56, 9, 9, -0.401349
56, 9, 10, -0.347706
56, 9, 11, -0.277854
56, 9, 12, -0.071513
56, 9, 13, 0.422178
56, 9, 14, 1.178484
56, 9, 15, 1.972044
56, 9, 16, 100.000000
56, 9, 17, 100.000000
56, 9, 18, 100.000000
56, 9, 19, 100.000000
56, 9, 20, 100.000000
56, 9, 21, 100.000000
56, 9, 22, 100.000000
56, 9, 23, 100.000000
56, 9, 24, 100.000000
56, 9, 25, 100.000000
56, 9, 26, 100.000000
56, 9, 27, 100.000000
56, 9, 28, 100.000000
56, 9, 29, 100.000000
56, 9, 30, 100.000000
56, 9, 31, 100.000000
56, 9, 32, 100.000000
56, 9, 33, 100.000000
56, 9, 34, 100.000000
56, 10, 0, 0.384351
56, 10, 1, -0.139934
56, 10, 2, -0.438980
56, 10, 3, -0.452678
56, 10, 4, -0.442755
56, 10, 5, -0.454832
56, 10, 6, -0.481486
56, 10, 7, -0.454176
56, 10, 8, -0.405620
56, 10, 9, -0.367779
56, 10, 10, -0.336855
56, 10, 11, -0.276571
56, 10, 12, -0.069930
56, 10, 13, 0.430218
56, 10, 14, 1.086768
56, 10, 15, 1.912888
56, 10, 16, 100.000000
56, 10, 17, 100.000000
56, 10, 18, 100.000000
56, 10, 19, 100.000000
56, 10, 20, 100.000000
56, 10, 21, 100.000000
56, 10, 22, 100.000000
56, 10, 23, 100.000000
56, 10, 24, 100.000000
56, 10, 25, 100.000000
56, 10, 26, 100.000000
56, 10, 27, 100.000000
56, 10, 28, 100.000000
56, 10, 29, 100.000000
56, 10, 30, 100.000000
56, 10, 31, 100.000000
56, 10, 32, 100.000000
56, 10, 33, 100.000000
56, 10, 34, 100.000000
56, 11, 0, 0.371226
56, 11, 1, -0.138762
56, 11, 2, -0.452499
56, 11, 3, -0.432455
56, 11, 4, -0.435469
56, 11, 5, -0.465120
56, 11, 6, -0.474632
56, 11, 7, -0.482917
56, 11, 8, -0.420380
56, 11, 9, -0.367881
56, 11, 10, -0.330099
56, 11, 11, -0.287473
56, 11, 12, -0.081062
56, 11, 13, 0.426891
56, 11, 14, 1.056307
56, 11, 15, 1.802288
56, 11, 16, 100.000000
56, 11, 17, 100.000000
56, 11, 18, 100.000000
56, 11, 19, 100.000000
56, 11, 20, 100.000000
56, 11, 21, 100.000000
56, 11, 22, 100.000000
56, 11, 23, 100.000000
56, 11, 24, 100.000000
56, 11, 25, 100.000000
56, 11, 26, 100.000000
56, 11, 27, 100.000000
56, 11, 28, 100.000000
56, 11, 29, 100.000000
56, 11, 30, 100.000000
56, 11, 31, 100.000000
56, 11, 32, 100.000000
56, 11, 33, 100.000000
56, 11, 34, 100.000000
56, 12, 0, 0.365743
56, 12, 1, -0.163779
56, 12, 2, -0.460622
56, 12, 3, -0.408761
56, 12, 4, -0.449061
56, 12, 5, -0.482090
56, 12, 6, -0.473242
56, 12, 7, -0.465912
56, 12, 8, -0.458980
56, 12, 9, -0.393978
56, 12, 10, -0.330427
56, 12, 11, -0.316356
56, 12, 12, -0.112305
56, 12, 13, 0.392169
56, 12, 14, 1.059053
56, 12, 15, 1.804512
56, 12, 16, 100.000000
56, 12, 17, 100.000000
56, 12, 18, 100.000000
56, 12, 19, 100.000000
56, 12, 20, 100.000000
56, 12, 21, 100.000000
56, 12, 22, 100.000000
56, 12, 23, 100.000000
56, 12, 24, 100.000000
56, 12, 25, 100.000000
56, 12, 26, 100.000000
56, 12, 27, 100.000000
56, 12, 28, 100.000000
56, 12, 29, 100.000000
56, 12, 30, 100.000000
56, 12, 31, 100.000000
56, 12, 32, 100.000000
56, 12, 33, 100.000000
56, 12, 34, 100.000000
56, 13, 0, 0.366924
56, 13, 1, -0.197886
56, 13, 2, -0.455655
56, 13, 3, -0.421029
56, 13, 4, -0.469438
56, 13, 5, -0.478266
56, 13, 6, -0.487686
56, 13, 7, -0.465530
56, 13, 8, -0.472898
56, 13, 9, -0.421997
56, 13, 10, -0.332252
56, 13, 11, -0.289390
56, 13, 12, -0.082982
56, 13, 13, 0.414854
56, 13, 14, 1.056861
56, 13, 15, 1.799291
56, 13, 16, 100.000000
56, 13, 17, 100.000000
56, 13, 18, 100.000000
56, 13, 19, 100.000000
56, 13, 20, 100.000000
56, 13, 21, 100.000000
56, 13, 22, 100.000000
56, 13, 23, 100.000000
56, 13, 24, 100.000000
56, 13, 25, 100.000000
56, 13, 26, 100.000000
56, 13, 27, 100.000000
56, 13, 28, 100.000000
56, 13, 29, 100.000000
56, 13, 30, 100.000000
56, 13, 31, 100.000000
56, 13, 32, 100.000000
56, 13, 33, 100.000000
56, 13, 34, 100.000000
56, 14, 0, 0.362859
56, 14, 1, -0.222006
56, 14, 2, -0.434768
56, 14, 3, -0.448023
56, 14, 4, -0.460418
56, 14, 5, -0.465598
56, 14, 6, -0.486455
56, 14, 7, -0.466629
56, 14, 8, -0.469429
56, 14, 9, -0.428971
56, 14, 10, -0.353704
56, 14, 11, -0.267182
56, 14, 12, -0.040423
56, 14, 13, 0.398370
56, 14, 14, 1.025272
56, 14, 15, 1.830006
56, 14, 16, 100.000000
56, 14, 17, 100.000000
56, 14, 18, 100.000000
56, 14, 19, 100.000000
56, 14, 20, 100.000000
56, 14, 21, 100.000000
56, 14, 22, 100.000000
56, 14, 23, 100.000000
56, 14, 24, 100.000000
56, 14, 25, 100.000000
56, 14, 26, 100.000000
56, 14, 27, 100.000000
56, 14, 28, 100.000000
56, 14, 29, 100.000000
56, 14, 30, 100.000000
56, 14, 31, 100.000000
56, 14, 32, 100.000000
56, 14, 33, 100.000000
56, 14, 34, 100.000000
56, 15, 0, 0.351278
56, 15, 1, -0.219110
56, 15, 2, -0.444461
56, 15, 3, -0.468298
56, 15, 4, -0.462301
56, 15, 5, -0.473787
56, 15, 6, -0.489794
56, 15, 7, -0.477838
56, 15, 8, -0.472301
56, 15, 9, -0.438285
56, 15, 10, -0.391531
56, 15, 11, -0.304224
56, 15, 12, -0.049985
56, 15, 13, 0.391392
56, 15, 14, 0.996153
56, 15, 15, 1.692211
56, 15, 16, 100.000000
56, 15, 17, 100.000000
56, 15, 18, 100.000000
56, 15, 19, 100.000000
56, 15, 20, 100.000000
56, 15, 21, 100.000000
56, 15, 22, 100.000000
56, 15, 23, 100.000000
56, 15, 24, 100.000000
56, 15, 25, 100.000000
56, 15, 26, 100.000000
56, 15, 27, 100.000000
56, 15, 28, 100.000000
56, 15, 29, 100.000000
56, 15, 30, 100.000000
56, 15, 31, 100.000000
56, 15, 32, 100.000000
56, 15, 33, 100.000000
56, 15, 34, 100.000000
56, 16, 0, 0.340643
56, 16, 1, -0.218469
56, 16, 2, -0.462430
56, 16, 3, -0.478764
56, 16, 4, -0.473335
56, 16, 5, -0.454462
56, 16, 6, -0.455023
56, 16, 7, -0.479665
56, 16, 8, -0.482429
56, 16, 9, -0.453333
56, 16, 10, -0.411442
56, 16, 11, -0.335737
56, 16, 12, -0.088646
56, 16, 13, 0.376993
56, 16, 14, 0.980310
56, 16, 15, 1.542466
56, 16, 16, 2.373871
56, 16, 17, 100.000000
56, 16, 18, 100.000000
56, 16, 19, 100.000000
56, 16, 20, 100.000000
56, 16, 21, 100.000000
56, 16, 22, 100.000000
56, 16, 23, 100.000000
56, 16, 24, 100.000000
56, 16, 25, 100.000000
56, 16, 26, 100.000000
56, 16, 27, 100.000000
56, 16, 28, 100.000000
56, 16, 29, 100.000000
56, 16, 30, 100.000000
56, 16, 31, 100.000000
56, 16, 32, 100.000000
56, 16, 33, 100.000000
56, 16, 34, 100.000000
56, 17, 0, 0.336443
56, 17, 1, -0.230702
56, 17, 2, -0.462826
56, 17, 3, -0.479660
56, 17, 4, -0.481324
56, 17, 5, -0.484955
56, 17, 6, -0.472217
56, 17, 7, -0.465821
56, 17, 8, -0.476147
56, 17, 9, -0.476528
56, 17, 10, -0.425903
56, 17, 11, -0.322420
56, 17, 12, -0.075841
56, 17, 13, 0.381190
56, 17, 14, 0.952133
56, 17, 15, 1.517952
56, 17, 16, 2.440143
56, 17, 17, 100.000000
56, 17, 18, 100.000000
56, 17, 19, 100.000000
56, 17, 20, 100.000000
56, 17, 21, 100.000000
56, 17, 22, 100.000000
56, 17, 23, 100.000000
56, 17, 24, 100.000000
56, 17, 25, 100.000000
56, 17, 26, 100.000000
56, 17, 27, 100.000000
56, 17, 28, 100.000000
56, 17, 29, 100.000000
56, 17, 30, 100.000000
56, 17, 31, 100.000000
56, 17, 32, 100.000000
56, 17, 33, 100.000000
56, 17, 34, 100.000000
56, 18, 0, 0.327308
56, 18, 1, -0.236739
56, 18, 2, -0.470900
56, 18, 3, -0.474006
56, 18, 4, -0.477855
56, 18, 5, -0.475911
56, 18, 6, -0.473961
56, 18, 7, -0.455621
56, 18, 8, -0.458440
56, 18, 9, -0.457757
56, 18, 10, -0.391056
56, 18, 11, -0.282356
56, 18, 12, -0.052232
56, 18, 13, 0.377314
56, 18, 14, 0.928084
56, 18, 15, 1.591054
56, 18, 16, 2.356984
56, 18, 17, 100.000000
56, 18, 18, 100.000000
56, 18, 19, 100.000000
56, 18, 20, 100.000000
56, 18, 21, 100.000000
56, 18, 22, 100.000000
56, 18, 23, 100.000000
56, 18, 24, 100.000000
56, 18, 25, 100.000000
56, 18, 26, 100.000000
56, 18, 27, 100.000000
56, 18, 28, 100.000000
56, 18, 29, 100.000000
56, 18, 30, 100.000000
56, 18, 31, 100.000000
56, 18, 32, 100.000000
56, 18, 33, 100.000000
56, 18, 34, 100.000000
56, 19, 0, 0.339799
56, 19, 1, -0.213110
56, 19, 2, -0.463138
56, 19, 3, -0.464752
56, 19, 4, -0.476026
56, 19, 5, -0.479328
56, 19, 6, -0.458101
56, 19, 7, -0.450802
56, 19, 8, -0.438143
56, 19, 9, -0.423098
56, 19, 10, -0.366949
56, 19, 11, -0.261522
56, 19, 12, -0.063945
56, 19, 13, 0.327160
56, 19, 14, 0.882273
56, 19, 15, 1.512726
56, 19, 16, 2.397802
56, 19, 17, 100.000000
56, 19, 18, 100.000000
56, 19, 19, 100.000000
56, 19, 20, 100.000000
56, 19, 21, 100.000000
56, 19, 22, 100.000000
56, 19, 23, 100.000000
56, 19, 24, 100.000000
56, 19, 25, 100.000000
56, 19, 26, 100.000000
56, 19, 27, 100.000000
56, 19, 28, 100.000000
56, 19, 29, 100.000000
56, 19, 30, 100.000000
56, 19, 31, 100.000000
56, 19, 32, 100.000000
56, 19, 33, 100.000000
56, 19, 34, 100.000000
56, 20, 0, 0.364529
56, 20, 1, -0.174537
56, 20, 2, -0.471207
56, 20, 3, -0.457754
56, 20, 4, -0.473928
56, 20, 5, -0.477288
56, 20, 6, -0.457488
56, 20, 7, -0.486406
56, 20, 8, -0.444326
56, 20, 9, -0.397735
56, 20, 10, -0.328131
56, 20, 11, -0.256807
56, 20, 12, -0.116002
56, 20, 13, 0.249833
56, 20, 14, 0.806296
56, 20, 15, 1.406961
56, 20, 16, 2.064214
56, 20, 17, 100.000000
56, 20, 18, 100.000000
56, 20, 19, 100.000000
56, 20, 20, 100.000000
56, 20, 21, 100.000000
56, 20, 22, 100.000000
56, 20, 23, 100.000000
56, 20, 24, 100.000000
56, 20, 25, 100.000000
56, 20, 26, 100.000000
56, 20, 27, 100.000000
56, 20, 28, 100.000000
56, 20, 29, 100.000000
56, 20, 30, 100.000000
56, 20, 31, 100.000000
56, 20, 32, 100.000000
56, 20, 33, 100.000000
56, 20, 34, 100.000000
56, 21, 0, 0.376605
56, 21, 1, -0.171666
56, 21, 2, -0.484291
56, 21, 3, -0.440490
56, 21, 4, -0.465406
56, 21, 5, -0.455623
56, 21, 6, -0.476819
56, 21, 7, -0.461905
56, 21, 8, -0.430748
56, 21, 9, -0.411829
56, 21, 10, -0.354665
56, 21, 11, -0.271552
56, 21, 12, -0.125577
56, 21, 13, 0.242188
56, 21, 14, 0.750432
56, 21, 15, 1.340761
56, 21, 16, 2.094588
56, 21, 17, 100.000000
56, 21, 18, 100.000000
56, 21, 19, 100.000000
56, 21, 20, 100.000000
56, 21, 21, 100.000000
56, 21, 22, 100.000000
56, 21, 23, 100.000000
56, 21, 24, 100.000000
56, 21, 25, 100.000000
56, 21, 26, 100.000000
56, 21, 27, 100.000000
56, 21, 28, 100.000000
56, 21, 29, 100.000000
56, 21, 30, 100.000000
56, 21, 31, 100.000000
56, 21, 32, 100.000000
56, 21, 33, 100.000000
56, 21, 34, 100.000000
56, 22, 0, 0.367390
56, 22, 1, -0.198903
56, 22, 2, -0.455156
56, 22, 3, -0.427869
56, 22, 4, -0.452687
56, 22, 5, -0.440772
56, 22, 6, -0.467814
56, 22, 7, -0.470412
56, 22, 8, -0.448661
56, 22, 9, -0.419241
56, 22, 10, -0.372377
56, 22, 11, -0.273831
56, 22, 12, -0.094079
56, 22, 13, 0.266832
56, 22, 14, 0.751516
56, 22, 15, 1.352056
56, 22, 16, 2.129910
56, 22, 17, 100.000000
56, 22, 18, 100.000000
56, 22, 19, 100.000000
56, 22, 20, 100.000000
56, 22, 21, 100.000000
56, 22, 22, 100.000000
56, 22, 23, 100.000000
56, 22, 24, 100.000000
56, 22, 25, 100.000000
56, 22, 26, 100.000000
56, 22, 27, 100.000000
56, 22, 28, 100.000000
56, 22, 29, 100.000000
56, 22, 30, 100.000000
56, 22, 31, 100.000000
56, 22, 32, 100.000000
56, 22, 33, 100.000000
56, 22, 34, 100.000000
56, 23, 0, 0.367622
56, 23, 1, -0.214013
56, 23, 2, -0.459303
56, 23, 3, -0.437136
56, 23, 4, -0.444761
56, 23, 5, -0.434371
56, 23, 6, -0.452163
56, 23, 7, -0.467407
56, 23, 8, -0.469247
56, 23, 9, -0.455463
56, 23, 10, -0.396525
56, 23, 11, -0.309447
56, 23, 12, -0.121973
56, 23, 13, 0.264804
56, 23, 14, 0.772995
56, 23, 15, 1.359850
56, 23, 16, 2.107872
56, 23, 17, 100.000000
56, 23, 18, 100.000000
56, 23, 19, 100.000000
56, 23, 20, 100.000000
56, 23, 21, 100.000000
56, 23, 22, 100.000000
56, 23, 23, 100.000000
56, 23, 24, 100.000000
56, 23, 25, 100.000000
56, 23, 26, 100.000000
56, 23, 27, 100.000000
56, 23, 28, 100.000000
56, 23, 29, 100.000000
56, 23, 30, 100.000000
56, 23, 31, 100.000000
56, 23, 32, 100.000000
56, 23, 33, 100.000000
56, 23, 34, 100.000000
56, 24, 0, 0.373283
56, 24, 1, -0.201469
56, 24, 2, -0.447619
56, 24, 3, -0.411819
56, 24, 4, -0.453975
56, 24, 5, -0.395444
56, 24, 6, -0.396248
56, 24, 7, -0.406983
56, 24, 8, -0.413109
56, 24, 9, -0.422484
56, 24, 10, -0.402558
56, 24, 11, -0.334568
56, 24, 12, -0.140662
56, 24, 13, 0.272373
56, 24, 14, 0.850646
56, 24, 15, 1.419631
56, 24, 16, 2.245148
56, 24, 17, 100.000000
56, 24, 18, 100.000000
56, 24, 19, 100.000000
56, 24, 20, 100.000000
56, 24, 21, 100.000000
56, 24, 22, 100.000000
56, 24, 23, 100.000000
56, 24, 24, 100.000000
56, 24, 25, 100.000000
56, 24, 26, 100.000000
56, 24, 27, 100.000000
56, 24, 28, 100.000000
56, 24, 29, 100.000000
56, 24, 30, 100.000000
56, 24, 31, 100.000000
56, 24, 32, 100.000000
56, 24, 33, 100.000000
56, 24, 34, 100.000000
56, 25, 0, 0.381812
56, 25, 1, -0.182302
56, 25, 2, -0.436417
56, 25, 3, -0.378420
56, 25, 4, -0.442356
56, 25, 5, -0.463673
56, 25, 6, -0.433554
56, 25, 7, -0.426736
56, 25, 8, -0.437533
56, 25, 9, -0.454630
56, 25, 10, -0.422179
56, 25, 11, -0.323702
56, 25, 12, -0.115621
56, 25, 13, 0.308737
56, 25, 14, 0.896448
56, 25, 15, 1.552441
56, 25, 16, 100.000000
56, 25, 17, 100.000000
56, 25, 18, 100.000000
56, 25, 19, 100.000000
56, 25, 20, 100.000000
56, 25, 21, 100.000000
56, 25, 22, 100.000000
56, 25, 23, 100.000000
56, 25, 24, 100.000000
56, 25, 25, 100.000000
56, 25, 26, 100.000000
56, 25, 27, 100.000000
56, 25, 28, 100.000000
56, 25, 29, 100.000000
56, 25, 30, 100.000000
56, 25, 31, 100.000000
56, 25, 32, 100.000000
56, 25, 33, 100.000000
56, 25, 34, 100.000000
56, 26, 0, 0.402762
56, 26, 1, -0.152764
56, 26, 2, -0.445243
56, 26, 3, -0.394501
56, 26, 4, -0.428568
56, 26, 5, -0.454963
56, 26, 6, -0.470793
56, 26, 7, -0.468343
56, 26, 8, -0.468454
56, 26, 9, -0.471536
56, 26, 10, -0.389999
56, 26, 11, -0.282968
56, 26, 12, -0.117455
56, 26, 13, 0.270752
56, 26, 14, 0.874074
56, 26, 15, 1.596258
56, 26, 16, 2.426937
56, 26, 17, 100.000000
56, 26, 18, 100.000000
56, 26, 19, 100.000000
56, 26, 20, 100.000000
56, 26, 21, 100.000000
56, 26, 22, 100.000000
56, 26, 23, 100.000000
56, 26, 24, 100.000000
56, 26, 25, 100.000000
56, 26, 26, 100.000000
56, 26, 27, 100.000000
56, 26, 28, 100.000000
56, 26, 29, 100.000000
56, 26, 30, 100.000000
56, 26, 31, 100.000000
56, 26, 32, 100.000000
56, 26, 33, 100.000000
56, 26, 34, 100.000000
56, 27, 0, 0.425018
56, 27, 1, -0.120872
56, 27, 2, -0.445039
56, 27, 3, -0.406331
56, 27, 4, -0.417807
56, 27, 5, -0.419501
56, 27, 6, -0.427159
56, 27, 7, -0.457944
56, 27, 8, -0.446103
56, 27, 9, -0.472738
56, 27, 10, -0.332259
56, 27, 11, -0.268669
56, 27, 12, -0.147198
56, 27, 13, 0.261626
56, 27, 14, 0.893944
56, 27, 15, 1.645173
56, 27, 16, 100.000000
56, 27, 17, 100.000000
56, 27, 18, 100.000000
56, 27, 19, 100.000000
56, 27, 20, 100.000000
56, 27, 21, 100.000000
56, 27, 22, 100.000000
56, 27, 23, 100.000000
56, 27, 24, 100.000000
56, 27, 25, 100.000000
56, 27, 26, 100.000000
56, 27, 27, 100.000000
56, 27, 28, 100.000000
56, 27, 29, 100.000000
56, 27, 30, 100.000000
56, 27, 31, 100.000000
56, 27, 32, 100.000000
56, 27, 33, 100.000000
56, 27, 34, 100.000000
56, 28, 0, 0.441838
56, 28, 1, -0.090934
56, 28, 2, -0.441711
56, 28, 3, -0.436704
56, 28, 4, -0.423853
56, 28, 5, -0.421778
56, 28, 6, -0.423251
56, 28, 7, -0.463115
56, 28, 8, -0.425074
56, 28, 9, -0.371603
56, 28, 10, -0.281090
56, 28, 11, -0.247427
56, 28, 12, -0.130259
56, 28, 13, 0.324055
56, 28, 14, 0.998808
56, 28, 15, 1.750819
56, 28, 16, 100.000000
56, 28, 17, 100.000000
56, 28, 18, 100.000000
56, 28, 19, 100.000000
56, 28, 20, 100.000000
56, 28, 21, 100.000000
56, 28, 22, 100.000000
56, 28, 23, 100.000000
56, 28, 24, 100.000000
56, 28, 25, 100.000000
56, 28, 26, 100.000000
56, 28, 27, 100.000000
56, 28, 28, 100.000000
56, 28, 29, 100.000000
56, 28, 30, 100.000000
56, 28, 31, 100.000000
56, 28, 32, 100.000000
56, 28, 33, 100.000000
56, 28, 34, 100.000000
56, 29, 0, 0.494600
56, 29, 1, 0.019370
56, 29, 2, -0.165627
56, 29, 3, -0.201905
56, 29, 4, -0.227021
56, 29, 5, -0.198163
56, 29, 6, -0.159406
56, 29, 7, -0.124419
56, 29, 8, -0.085393
56, 29, 9, -0.064391
56, 29, 10, -0.054348
56, 29, 11, -0.079403
56, 29, 12, 0.014312
56, 29, 13, 0.425101
56, 29, 14, 1.120811
56, 29, 15, 1.756323
56, 29, 16, 100.000000
56, 29, 17, 100.000000
56, 29, 18, 100.000000
56, 29, 19, 100.000000
56, 29, 20, 100.000000
56, 29, 21, 100.000000
56, 29, 22, 100.000000
56, 29, 23, 100.000000
56, 29, 24, 100.000000
56, 29, 25, 100.000000
56, 29, 26, 100.000000
56, 29, 27, 100.000000
56, 29, 28, 100.000000
56, 29, 29, 100.000000
56, 29, 30, 100.000000
56, 29, 31, 100.000000
56, 29, 32, 100.000000
56, 29, 33, 100.000000
56, 29, 34, 100.000000
57, 0, 0, 0.678996
57, 0, 1, 0.447158
57, 0, 2, 0.429592
57, 0, 3, 0.434384
57, 0, 4, 0.411517
57, 0, 5, 0.401086
57, 0, 6, 0.431581
57, 0, 7, 0.465082
57, 0, 8, 0.450606
57, 0, 9, 0.422255
57, 0, 10, 0.424904
57, 0, 11, 0.425524
57, 0, 12, 0.456062
57, 0, 13, 0.707152
57, 0, 14, 1.230345
57, 0, 15, 1.861190
57, 0, 16, 100.000000
57, 0, 17, 100.000000
57, 0, 18, 100.000000
57, 0, 19, 100.000000
57, 0, 20, 100.000000
57, 0, 21, 100.000000
57, 0, 22, 100.000000
57, 0, 23, 100.000000
57, 0, 24, 100.000000
57, 0, 25, 100.000000
57, 0, 26, 100.000000
57, 0, 27, 100.000000
57, 0, 28, 100.000000
57, 0, 29, 100.000000
57, 0, 30, 100.000000
57, 0, 31, 100.000000
57, 0, 32, 100.000000
57, 0, 33, 100.000000
57, 0, 34, 100.000000
57, 1, 0, 0.424875
57, 1, 1, 0.011844
57, 1, 2, -0.100527
57, 1, 3, -0.113148
57, 1, 4, -0.137863
57, 1, 5, -0.138029
57, 1, 6, -0.105017
57, 1, 7, -0.071436
57, 1, 8, -0.077918
57, 1, 9, -0.098976
57, 1, 10, -0.086091
57, 1, 11, -0.058737
57, 1, 12, 0.084442
57, 1, 13, 0.452167
57, 1, 14, 1.057078
57, 1, 15, 1.703267
57, 1, 16, 100.000000
57, 1, 17, 100.000000
57, 1, 18, 100.000000
57, 1, 19, 100.000000
57, 1, 20, 100.000000
57, 1, 21, 100.000000
57, 1, 22, 100.000000
57, 1, 23, 100.000000
57, 1, 24, 100.000000
57, 1, 25, 100.000000
57, 1, 26, 100.000000
57, 1, 27, 100.000000
57, 1, 28, 100.000000
57, 1, 29, 100.000000
57, 1, 30, 100.000000
57, 1, 31, 100.000000
57, 1, 32, 100.000000
57, 1, 33, 100.000000
57, 1, 34, 100.000000
57, 2, 0, 0.374086
57, 2, 1, -0.123637
57, 2, 2, -0.390643
57, 2, 3, -0.427992
57, 2, 4, -0.441725
57, 2, 5, -0.454859
57, 2, 6, -0.422329
57, 2, 7, -0.366434
57, 2, 8, -0.380745
57, 2, 9, -0.389754
57, 2, 10, -0.342395
57, 2, 11, -0.233411
57, 2, 12, -0.000243
57, 2, 13, 0.407922
57, 2, 14, 0.980834
57, 2, 15, 1.676037
57, 2, 16, 100.000000
57, 2, 17, 100.000000
57, 2, 18, 100.000000
57, 2, 19, 100.000000
57, 2, 20, 100.000000
57, 2, 21, 100.000000
57, 2, 22, 100.000000
57, 2, 23, 100.000000
57, 2, 24, 100.000000
57, 2, 25, 100.000000
57, 2, 26, 100.000000
57, 2, 27, 100.000000
57, 2, 28, 100.000000
57, 2, 29, 100.000000
57, 2, 30, 100.000000
57, 2, 31, 100.000000
57, 2, 32, 100.000000
57, 2, 33, 100.000000
57, 2, 34, 100.000000
57, 3, 0, 0.380536
57, 3, 1, -0.127713
57, 3, 2, -0.411932
57, 3, 3, -0.446676
57, 3, 4, -0.460397
57, 3, 5, -0.479641
57, 3, 6, -0.452785
57, 3, 7, -0.397063
57, 3, 8, -0.414686
57, 3, 9, -0.436904
57, 3, 10, -0.374656
57, 3, 11, -0.247112
57, 3, 12, -0.019113
57, 3, 13, 0.400744
57, 3, 14, 0.949838
57, 3, 15, 1.637168
57, 3, 16, 2.494420
57, 3, 17, 100.000000
57, 3, 18, 100.000000
57, 3, 19, 100.000000
57, 3, 20, 100.000000
57, 3, 21, 100.000000
57, 3, 22, 100.000000
57, 3, 23, 100.000000
57, 3, 24, 100.000000
57, 3, 25, 100.000000
57, 3, 26, 100.000000
57, 3, 27, 100.000000
57, 3, 28, 100.000000
57, 3, 29, 100.000000
57, 3, 30, 100.000000
57, 3, 31, 100.000000
57, 3, 32, 100.000000
57, 3, 33, 100.000000
57, 3, 34, 100.000000
57, 4, 0, 0.399116
57, 4, 1, -0.133038
57, 4, 2, -0.434462
57, 4, 3, -0.461439
57, 4, 4, -0.466406
57, 4, 5, -0.473395
57, 4, 6, -0.451992
57, 4, 7, -0.423723
57, 4, 8, -0.423339
57, 4, 9, -0.422054
57, 4, 10, -0.367738
57, 4, 11, -0.261482
57, 4, 12, -0.036087
57, 4, 13, 0.413752
57, 4, 14, 1.011758
57, 4, 15, 1.664357
57, 4, 16, 100.000000
57, 4, 17, 100.000000
57, 4, 18, 100.000000
57, 4, 19, 100.000000
57, 4, 20, 100.000000
57, 4, 21, 100.000000
57, 4, 22, 100.000000
57, 4, 23, 100.000000
57, 4, 24, 100.000000
57, 4, 25, 100.000000
57, 4, 26, 100.000000
57, 4, 27, 100.000000
57, 4, 28, 100.000000
57, 4, 29, 100.000000
57, 4, 30, 100.000000
57, 4, 31, 100.000000
57, 4, 32, 100.000000
57, 4, 33, 100.000000
57, 4, 34, 100.000000
57, 5, 0, 0.407998
57, 5, 1, -0.139871
57, 5, 2, -0.444369
57, 5, 3, -0.459821
57, 5, 4, -0.457221
57, 5, 5, -0.453318
57, 5, 6, -0.465328
57, 5, 7, -0.442714
57, 5, 8, -0.415106
57, 5, 9, -0.375444
57, 5, 10, -0.331020
57, 5, 11, -0.300826
57, 5, 12, -0.071604
57, 5, 13, 0.408018
57, 5, 14, 1.049902
57, 5, 15, 1.765357
57, 5, 16, 100.000000
57, 5, 17, 100.000000
57, 5, 18, 100.000000
57, 5, 19, 100.000000
57, 5, 20, 100.000000
57, 5, 21, 100.000000
57, 5, 22, 100.000000
57, 5, 23, 100.000000
57, 5, 24, 100.000000
57, 5, 25, 100.000000
57, 5, 26, 100.000000
57, 5, 27, 100.000000
57, 5, 28, 100.000000
57, 5, 29, 100.000000
57, 5, 30, 100.000000
57, 5, 31, 100.000000
57, 5, 32, 100.000000
57, 5, 33, 100.000000
57, 5, 34, 100.000000
57, 6, 0, 0.379226
57, 6, 1, -0.154887
57, 6, 2, -0.432946
57, 6, 3, -0.438745
57, 6, 4, -0.422693
57, 6, 5, -0.447096
57, 6, 6, -0.466204
57, 6, 7, -0.450232
57, 6, 8, -0.408077
57, 6, 9, -0.366139
57, 6, 10, -0.359285
57, 6, 11, -0.332420
57, 6, 12, -0.096643
57, 6, 13, 0.396952
57, 6, 14, 1.031815
57, 6, 15, 1.716587
57, 6, 16, 100.000000
57, 6, 17, 100.000000
57, 6, 18, 100.000000
57, 6, 19, 100.000000
57, 6, 20, 100.000000
57, 6, 21, 100.000000
57, 6, 22, 100.000000
57, 6, 23, 100.000000
57, 6, 24, 100.000000
57, 6, 25, 100.000000
57, 6, 26, 100.000000
57, 6, 27, 100.000000
57, 6, 28, 100.000000
57, 6, 29, 100.000000
57, 6, 30, 100.000000
57, 6, 31, 100.000000
57, 6, 32, 100.000000
57, 6, 33, 100.000000
57, 6, 34, 100.000000
57, 7, 0, 0.375029
57, 7, 1, -0.160654
57, 7, 2, -0.415914
57, 7, 3, -0.454164
57, 7, 4, -0.413320
57, 7, 5, -0.433996
57, 7, 6, -0.468596
57, 7, 7, -0.447625
57, 7, 8, -0.413113
57, 7, 9, -0.408188
57, 7, 10, -0.387933
57, 7, 11, -0.327458
57, 7, 12, -0.097717
57, 7, 13, 0.385288
57, 7, 14, 1.008000
57, 7, 15, 1.677432
57, 7, 16, 100.000000
57, 7, 17, 100.000000
57, 7, 18, 100.000000
57, 7, 19, 100.000000
57, 7, 20, 100.000000
57, 7, 21, 100.000000
57, 7, 22, 100.000000
57, 7, 23, 100.000000
57, 7, 24, 100.000000
57, 7, 25, 100.000000
57, 7, 26, 100.000000
57, 7, 27, 100.000000
57, 7, 28, 100.000000
57, 7, 29, 100.000000
57, 7, 30, 100.000000
57, 7, 31, 100.000000
57, 7, 32, 100.000000
57, 7, 33, 100.000000
57, 7, 34, 100.000000
57, 8, 0, 0.381905
57, 8, 1, -0.159853
57, 8, 2, -0.415212
57, 8, 3, -0.466101
57, 8, 4, -0.447724
57, 8, 5, -0.437357
57, 8, 6, -0.456314
57, 8, 7, -0.427047
57, 8, 8, -0.402082
57, 8, 9, -0.418968
57, 8, 10, -0.398117
57, 8, 11, -0.316631
57, 8, 12, -0.071106
57, 8, 13, 0.376428
57, 8, 14, 1.041388
57, 8, 15, 1.728182
57, 8, 16, 100.000000
57, 8, 17, 100.000000
57, 8, 18, 100.000000
57, 8, 19, 100.000000
57, 8, 20, 100.000000
57, 8, 21, 100.000000
57, 8, 22, 100.000000
57, 8, 23, 100.000000
57, 8, 24, 100.000000
57, 8, 25, 100.000000
57, 8, 26, 100.000000
57, 8, 27, 100.000000
57, 8, 28, 100.000000
57, 8, 29, 100.000000
57, 8, 30, 100.000000
57, 8, 31, 100.000000
57, 8, 32, 100.000000
57, 8, 33, 100.000000
57, 8, 34, 100.000000
57, 9, 0, 0.374077
57, 9, 1, -0.166178
57, 9, 2, -0.426196
57, 9, 3, -0.469116
57, 9, 4, -0.467755
57, 9, 5, -0.440742
57, 9, 6, -0.453254
57, 9, 7, -0.447097
57, 9, 8, -0.405229
57, 9, 9, -0.399646
57, 9, 10, -0.372481
57, 9, 11, -0.293775
57, 9, 12, -0.059907
57, 9, 13, 0.366100
57, 9, 14, 1.012548
57, 9, 15, 1.590195
57, 9, 16, 2.356708
57, 9, 17, 100.000000
57, 9, 18, 100.000000
57, 9, 19, 100.000000
57, 9, 20, 100.000000
57, 9, 21, 100.000000
57, 9, 22, 100.000000
57, 9, 23, 100.000000
57, 9, 24, 100.000000
57, 9, 25, 100.000000
57, 9, 26, 100.000000
57, 9, 27, 100.000000
57, 9, 28, 100.000000
57, 9, 29, 100.000000
57, 9, 30, 100.000000
57, 9, 31, 100.000000
57, 9, 32, 100.000000
57, 9, 33, 100.000000
57, 9, 34, 100.000000
57, 10, 0, 0.360094
57, 10, 1, -0.161965
57, 10, 2, -0.422306
57, 10, 3, -0.462318
57, 10, 4, -0.459325
57, 10, 5, -0.426509
57, 10, 6, -0.460696
57, 10, 7, -0.468508
57, 10, 8, -0.410231
57, 10, 9, -0.362011
57, 10, 10, -0.348154
57, 10, 11, -0.295093
57, 10, 12, -0.073575
57, 10, 13, 0.365158
57, 10, 14, 0.964622
57, 10, 15, 1.502359
57, 10, 16, 2.298329
57, 10, 17, 100.000000
57, 10, 18, 100.000000
57, 10, 19, 100.000000
57, 10, 20, 100.000000
57, 10, 21, 100.000000
57, 10, 22, 100.000000
57, 10, 23, 100.000000
57, 10, 24, 100.000000
57, 10, 25, 100.000000
57, 10, 26, 100.000000
57, 10, 27, 100.000000
57, 10, 28, 100.000000
57, 10, 29, 100.000000
57, 10, 30, 100.000000
57, 10, 31, 100.000000
57, 10, 32, 100.000000
57, 10, 33, 100.000000
57, 10, 34, 100.000000
57, 11, 0, 0.350992
57, 11, 1, -0.157583
57, 11, 2, -0.459140
57, 11, 3, -0.455743
57, 11, 4, -0.421561
57, 11, 5, -0.429213
57, 11, 6, -0.446632
57, 11, 7, -0.444395
57, 11, 8, -0.443677
57, 11, 9, -0.365203
57, 11, 10, -0.340372
57, 11, 11, -0.329483
57, 11, 12, -0.135374
57, 11, 13, 0.329517
57, 11, 14, 0.966377
57, 11, 15, 1.622819
57, 11, 16, 2.446956
57, 11, 17, 100.000000
57, 11, 18, 100.000000
57, 11, 19, 100.000000
57, 11, 20, 100.000000
57, 11, 21, 100.000000
57, 11, 22, 100.000000
57, 11, 23, 100.000000
57, 11, 24, 100.000000
57, 11, 25, 100.000000
57, 11, 26, 100.000000
57, 11, 27, 100.000000
57, 11, 28, 100.000000
57, 11, 29, 100.000000
57, 11, 30, 100.000000
57, 11, 31, 100.000000
57, 11, 32, 100.000000
57, 11, 33, 100.000000
57, 11, 34, 100.000000
57, 12, 0, 0.359030
57, 12, 1, -0.172412
57, 12, 2, -0.473354
57, 12, 3, -0.415478
57, 12, 4, -0.441358
57, 12, 5, -0.462059
57, 12, 6, -0.426549
57, 12, 7, -0.435862
57, 12, 8, -0.446916
57, 12, 9, -0.397743
57, 12, 10, -0.344613
57, 12, 11, -0.337960
57, 12, 12, -0.169184
57, 12, 13, 0.298459
57, 12, 14, 0.952857
57, 12, 15, 1.563994
57, 12, 16, 2.344385
57, 12, 17, 100.000000
57, 12, 18, 100.000000
57, 12, 19, 100.000000
57, 12, 20, 100.000000
57, 12, 21, 100.000000
57, 12, 22, 100.000000
57, 12, 23, 100.000000
57, 12, 24, 100.000000
57, 12, 25, 100.000000
57, 12, 26, 100.000000
57, 12, 27, 100.000000
57, 12, 28, 100.000000
57, 12, 29, 100.000000
57, 12, 30, 100.000000
57, 12, 31, 100.000000
57, 12, 32, 100.000000
57, 12, 33, 100.000000
57, 12, 34, 100.000000
57, 13, 0, 0.363683
57, 13, 1, -0.201180
57, 13, 2, -0.452340
57, 13, 3, -0.406568
57, 13, 4, -0.461868
57, 13, 5, -0.476964
57, 13, 6, -0.443282
57, 13, 7, -0.444426
57, 13, 8, -0.460638
57, 13, 9, -0.438926
57, 13, 10, -0.368173
57, 13, 11, -0.315070
57, 13, 12, -0.127605
57, 13, 13, 0.331066
57, 13, 14, 0.903969
57, 13, 15, 1.461829
57, 13, 16, 2.081245
57, 13, 17, 100.000000
57, 13, 18, 100.000000
57, 13, 19, 100.000000
57, 13, 20, 100.000000
57, 13, 21, 100.000000
57, 13, 22, 100.000000
57, 13, 23, 100.000000
57, 13, 24, 100.000000
57, 13, 25, 100.000000
57, 13, 26, 100.000000
57, 13, 27, 100.000000
57, 13, 28, 100.000000
57, 13, 29, 100.000000
57, 13, 30, 100.000000
57, 13, 31, 100.000000
57, 13, 32, 100.000000
57, 13, 33, 100.000000
57, 13, 34, 100.000000
57, 14, 0, 0.368879
57, 14, 1, -0.214895
57, 14, 2, -0.431967
57, 14, 3, -0.422744
57, 14, 4, -0.471236
57, 14, 5, -0.464753
57, 14, 6, -0.476789
57, 14, 7, -0.463481
57, 14, 8, -0.466415
57, 14, 9, -0.454779
57, 14, 10, -0.388496
57, 14, 11, -0.301679
57, 14, 12, -0.098231
57, 14, 13, 0.305176
57, 14, 14, 0.869605
57, 14, 15, 1.460341
57, 14, 16, 2.189819
57, 14, 17, 100.000000
57, 14, 18, 100.000000
57, 14, 19, 100.000000
57, 14, 20, 100.000000
57, 14, 21, 100.000000
57, 14, 22, 100.000000
57, 14, 23, 100.000000
57, 14, 24, 100.000000
57, 14, 25, 100.000000
57, 14, 26, 100.000000
57, 14, 27, 100.000000
57, 14, 28, 100.000000
57, 14, 29, 100.000000
57, 14, 30, 100.000000
57, 14, 31, 100.000000
57, 14, 32, 100.000000
57, 14, 33, 100.000000
57, 14, 34, 100.000000
57, 15, 0, 0.358947
57, 15, 1, -0.217669
57, 15, 2, -0.432904
57, 15, 3, -0.448307
57, 15, 4, -0.467817
57, 15, 5, -0.467024
57, 15, 6, -0.486416
57, 15, 7, -0.471697
57, 15, 8, -0.467472
57, 15, 9, -0.458338
57, 15, 10, -0.408066
57, 15, 11, -0.332100
57, 15, 12, -0.121225
57, 15, 13, 0.289049
57, 15, 14, 0.888276
57, 15, 15, 1.486783
57, 15, 16, 2.322647
57, 15, 17, 100.000000
57, 15, 18, 100.000000
57, 15, 19, 100.000000
57, 15, 20, 100.000000
57, 15, 21, 100.000000
57, 15, 22, 100.000000
57, 15, 23, 100.000000
57, 15, 24, 100.000000
57, 15, 25, 100.000000
57, 15, 26, 100.000000
57, 15, 27, 100.000000
57, 15, 28, 100.000000
57, 15, 29, 100.000000
57, 15, 30, 100.000000
57, 15, 31, 100.000000
57, 15, 32, 100.000000
57, 15, 33, 100.000000
57, 15, 34, 100.000000
57, 16, 0, 0.346853
57, 16, 1, -0.217525
57, 16, 2, -0.457088
57, 16, 3, -0.469597
57, 16, 4, -0.473848
57, 16, 5, -0.466243
57, 16, 6, -0.473392
57, 16, 7, -0.476887
57, 16, 8, -0.467189
57, 16, 9, -0.458163
57, 16, 10, -0.432334
57, 16, 11, -0.364895
57, 16, 12, -0.149887
57, 16, 13, 0.301512
57, 16, 14, 0.912267
57, 16, 15, 1.445116
57, 16, 16, 2.202378
57, 16, 17, 100.000000
57, 16, 18, 100.000000
57, 16, 19, 100.000000
57, 16, 20, 100.000000
57, 16, 21, 100.000000
57, 16, 22, 100.000000
57, 16, 23, 100.000000
57, 16, 24, 100.000000
57, 16, 25, 100.000000
57, 16, 26, 100.000000
57, 16, 27, 100.000000
57, 16, 28, 100.000000
57, 16, 29, 100.000000
57, 16, 30, 100.000000
57, 16, 31, 100.000000
57, 16, 32, 100.000000
57, 16, 33, 100.000000
57, 16, 34, 100.000000
57, 17, 0, 0.332026
57, 17, 1, -0.222817
57, 17, 2, -0.474270
57, 17, 3, -0.479531
57, 17, 4, -0.491341
57, 17, 5, -0.479240
57, 17, 6, -0.463103
57, 17, 7, -0.481423
57, 17, 8, -0.474906
57, 17, 9, -0.474863
57, 17, 10, -0.449846
57, 17, 11, -0.354158
57, 17, 12, -0.115521
57, 17, 13, 0.308219
57, 17, 14, 0.859881
57, 17, 15, 1.394695
57, 17, 16, 2.303353
57, 17, 17, 100.000000
57, 17, 18, 100.000000
57, 17, 19, 100.000000
57, 17, 20, 100.000000
57, 17, 21, 100.000000
57, 17, 22, 100.000000
57, 17, 23, 100.000000
57, 17, 24, 100.000000
57, 17, 25, 100.000000
57, 17, 26, 100.000000
57, 17, 27, 100.000000
57, 17, 28, 100.000000
57, 17, 29, 100.000000
57, 17, 30, 100.000000
57, 17, 31, 100.000000
57, 17, 32, 100.000000
57, 17, 33, 100.000000
57, 17, 34, 100.000000
57, 18, 0, 0.314832
57, 18, 1, -0.232157
57, 18, 2, -0.478113
57, 18, 3, -0.486678
57, 18, 4, -0.475872
57, 18, 5, -0.467436
57, 18, 6, -0.473225
57, 18, 7, -0.495585
57, 18, 8, -0.462356
57, 18, 9, -0.454161
57, 18, 10, -0.428599
57, 18, 11, -0.308577
57, 18, 12, -0.090001
57, 18, 13, 0.291140
57, 18, 14, 0.812163
57, 18, 15, 1.439207
57, 18, 16, 2.157458
57, 18, 17, 100.000000
57, 18, 18, 100.000000
57, 18, 19, 100.000000
57, 18, 20, 100.000000
57, 18, 21, 100.000000
57, 18, 22, 100.000000
57, 18, 23, 100.000000
57, 18, 24, 100.000000
57, 18, 25, 100.000000
57, 18, 26, 100.000000
57, 18, 27, 100.000000
57, 18, 28, 100.000000
57, 18, 29, 100.000000
57, 18, 30, 100.000000
57, 18, 31, 100.000000
57, 18, 32, 100.000000
57, 18, 33, 100.000000
57, 18, 34, 100.000000
57, 19, 0, 0.318577
57, 19, 1, -0.221953
57, 19, 2, -0.486011
57, 19, 3, -0.481102
57, 19, 4, -0.491549
57, 19, 5, -0.474817
57, 19, 6, -0.462064
57, 19, 7, -0.462669
57, 19, 8, -0.432400
57, 19, 9, -0.430260
57, 19, 10, -0.395978
57, 19, 11, -0.290269
57, 19, 12, -0.120669
57, 19, 13, 0.258579
57, 19, 14, 0.804888
57, 19, 15, 1.417519
57, 19, 16, 2.294842
57, 19, 17, 100.000000
57, 19, 18, 100.000000
57, 19, 19, 100.000000
57, 19, 20, 100.000000
57, 19, 21, 100.000000
57, 19, 22, 100.000000
57, 19, 23, 100.000000
57, 19, 24, 100.000000
57, 19, 25, 100.000000
57, 19, 26, 100.000000
57, 19, 27, 100.000000
57, 19, 28, 100.000000
57, 19, 29, 100.000000
57, 19, 30, 100.000000
57, 19, 31, 100.000000
57, 19, 32, 100.000000
57, 19, 33, 100.000000
57, 19, 34, 100.000000
57, 20, 0, 0.342989
57, 20, 1, -0.191912
57, 20, 2, -0.489539
57, 20, 3, -0.478022
57, 20, 4, -0.479795
57, 20, 5, -0.461798
57, 20, 6, -0.461156
57, 20, 7, -0.462329
57, 20, 8, -0.417967
57, 20, 9, -0.397417
57, 20, 10, -0.363245
57, 20, 11, -0.308665
57, 20, 12, -0.170023
57, 20, 13, 0.208871
57, 20, 14, 0.755777
57, 20, 15, 1.408844
57, 20, 16, 2.029954
57, 20, 17, 100.000000
57, 20, 18, 100.000000
57, 20, 19, 100.000000
57, 20, 20, 100.000000
57, 20, 21, 100.000000
57, 20, 22, 100.000000
57, 20, 23, 100.000000
57, 20, 24, 100.000000
57, 20, 25, 100.000000
57, 20, 26, 100.000000
57, 20, 27, 100.000000
57, 20, 28, 100.000000
57, 20, 29, 100.000000
57, 20, 30, 100.000000
57, 20, 31, 100.000000
57, 20, 32, 100.000000
57, 20, 33, 100.000000
57, 20, 34, 100.000000
57, 21, 0, 0.358288
57, 21, 1, -0.187096
57, 21, 2, -0.490948
57, 21, 3, -0.448288
57, 21, 4, -0.453930
57, 21, 5, -0.443078
57, 21, 6, -0.472773
57, 21, 7, -0.472203
57, 21, 8, -0.436226
57, 21, 9, -0.407145
57, 21, 10, -0.350465
57, 21, 11, -0.315808
57, 21, 12, -0.196469
57, 21, 13, 0.167699
57, 21, 14, 0.707930
57, 21, 15, 1.313186
57, 21, 16, 2.133118
57, 21, 17, 100.000000
57, 21, 18, 100.000000
57, 21, 19, 100.000000
57, 21, 20, 100.000000
57, 21, 21, 100.000000
57, 21, 22, 100.000000
57, 21, 23, 100.000000
57, 21, 24, 100.000000
57, 21, 25, 100.000000
57, 21, 26, 100.000000
57, 21, 27, 100.000000
57, 21, 28, 100.000000
57, 21, 29, 100.000000
57, 21, 30, 100.000000
57, 21, 31, 100.000000
57, 21, 32, 100.000000
57, 21, 33, 100.000000
57, 21, 34, 100.000000
57, 22, 0, 0.353487
57, 22, 1, -0.203426
57, 22, 2, -0.457356
57, 22, 3, -0.420443
57, 22, 4, -0.453359
57, 22, 5, -0.443216
57, 22, 6, -0.473120
57, 22, 7, -0.471914
57, 22, 8, -0.457608
57, 22, 9, -0.426873
57, 22, 10, -0.355541
57, 22, 11, -0.286693
57, 22, 12, -0.165742
57, 22, 13, 0.167382
57, 22, 14, 0.678075
57, 22, 15, 1.272864
57, 22, 16, 1.995039
57, 22, 17, 100.000000
57, 22, 18, 100.000000
57, 22, 19, 100.000000
57, 22, 20, 100.000000
57, 22, 21, 100.000000
57, 22, 22, 100.000000
57, 22, 23, 100.000000
57, 22, 24, 100.000000
57, 22, 25, 100.000000
57, 22, 26, 100.000000
57, 22, 27, 100.000000
57, 22, 28, 100.000000
57, 22, 29, 100.000000
57, 22, 30, 100.000000
57, 22, 31, 100.000000
57, 22, 32, 100.000000
57, 22, 33, 100.000000
57, 22, 34, 100.000000
57, 23, 0, 0.356074
57, 23, 1, -0.222906
57, 23, 2, -0.442112
57, 23, 3, -0.435423
57, 23, 4, -0.438644
57, 23, 5, -0.433324
57, 23, 6, -0.462076
57, 23, 7, -0.460151
57, 23, 8, -0.458834
57, 23, 9, -0.461557
57, 23, 10, -0.380042
57, 23, 11, -0.294118
57, 23, 12, -0.158142
57, 23, 13, 0.187257
57, 23, 14, 0.705006
57, 23, 15, 1.292019
57, 23, 16, 2.056339
57, 23, 17, 100.000000
57, 23, 18, 100.000000
57, 23, 19, 100.000000
57, 23, 20, 100.000000
57, 23, 21, 100.000000
57, 23, 22, 100.000000
57, 23, 23, 100.000000
57, 23, 24, 100.000000
57, 23, 25, 100.000000
57, 23, 26, 100.000000
57, 23, 27, 100.000000
57, 23, 28, 100.000000
57, 23, 29, 100.000000
57, 23, 30, 100.000000
57, 23, 31, 100.000000
57, 23, 32, 100.000000
57, 23, 33, 100.000000
57, 23, 34, 100.000000
57, 24, 0, 0.356617
57, 24, 1, -0.216195
57, 24, 2, -0.449608
57, 24, 3, -0.422954
57, 24, 4, -0.437176
57, 24, 5, -0.394506
57, 24, 6, -0.399339
57, 24, 7, -0.411533
57, 24, 8, -0.418373
57, 24, 9, -0.426715
57, 24, 10, -0.387275
57, 24, 11, -0.340390
57, 24, 12, -0.182186
57, 24, 13, 0.193619
57, 24, 14, 0.774064
57, 24, 15, 1.388969
57, 24, 16, 2.185977
57, 24, 17, 100.000000
57, 24, 18, 100.000000
57, 24, 19, 100.000000
57, 24, 20, 100.000000
57, 24, 21, 100.000000
57, 24, 22, 100.000000
57, 24, 23, 100.000000
57, 24, 24, 100.000000
57, 24, 25, 100.000000
57, 24, 26, 100.000000
57, 24, 27, 100.000000
57, 24, 28, 100.000000
57, 24, 29, 100.000000
57, 24, 30, 100.000000
57, 24, 31, 100.000000
57, 24, 32, 100.000000
57, 24, 33, 100.000000
57, 24, 34, 100.000000
57, 25, 0, 0.354912
57, 25, 1, -0.204566
57, 25, 2, -0.446329
57, 25, 3, -0.402506
57, 25, 4, -0.464791
57, 25, 5, -0.460698
57, 25, 6, -0.444571
57, 25, 7, -0.436036
57, 25, 8, -0.442391
57, 25, 9, -0.449086
57, 25, 10, -0.411172
57, 25, 11, -0.359033
57, 25, 12, -0.198859
57, 25, 13, 0.199444
57, 25, 14, 0.778735
57, 25, 15, 1.492332
57, 25, 16, 2.395440
57, 25, 17, 100.000000
57, 25, 18, 100.000000
57, 25, 19, 100.000000
57, 25, 20, 100.000000
57, 25, 21, 100.000000
57, 25, 22, 100.000000
57, 25, 23, 100.000000
57, 25, 24, 100.000000
57, 25, 25, 100.000000
57, 25, 26, 100.000000
57, 25, 27, 100.000000
57, 25, 28, 100.000000
57, 25, 29, 100.000000
57, 25, 30, 100.000000
57, 25, 31, 100.000000
57, 25, 32, 100.000000
57, 25, 33, 100.000000
57, 25, 34, 100.000000
57, 26, 0, 0.372839
57, 26, 1, -0.180385
57, 26, 2, -0.470792
57, 26, 3, -0.415259
57, 26, 4, -0.439409
57, 26, 5, -0.464338
57, 26, 6, -0.474966
57, 26, 7, -0.483855
57, 26, 8, -0.470481
57, 26, 9, -0.466619
57, 26, 10, -0.385951
57, 26, 11, -0.330444
57, 26, 12, -0.212073
57, 26, 13, 0.158841
57, 26, 14, 0.740911
57, 26, 15, 1.456753
57, 26, 16, 2.279642
57, 26, 17, 100.000000
57, 26, 18, 100.000000
57, 26, 19, 100.000000
57, 26, 20, 100.000000
57, 26, 21, 100.000000
57, 26, 22, 100.000000
57, 26, 23, 100.000000
57, 26, 24, 100.000000
57, 26, 25, 100.000000
57, 26, 26, 100.000000
57, 26, 27, 100.000000
57, 26, 28, 100.000000
57, 26, 29, 100.000000
57, 26, 30, 100.000000
57, 26, 31, 100.000000
57, 26, 32, 100.000000
57, 26, 33, 100.000000
57, 26, 34, 100.000000
57, 27, 0, 0.400398
57, 27, 1, -0.155620
57, 27, 2, -0.461780
57, 27, 3, -0.423173
57, 27, 4, -0.436019
57, 27, 5, -0.438037
57, 27, 6, -0.446242
57, 27, 7, -0.451646
57, 27, 8, -0.468107
57, 27, 9, -0.442660
57, 27, 10, -0.335075
57, 27, 11, -0.307618
57, 27, 12, -0.222652
57, 27, 13, 0.154369
57, 27, 14, 0.757197
57, 27, 15, 1.470369
57, 27, 16, 2.225512
57, 27, 17, 100.000000
57, 27, 18, 100.000000
57, 27, 19, 100.000000
57, 27, 20, 100.000000
57, 27, 21, 100.000000
57, 27, 22, 100.000000
57, 27, 23, 100.000000
57, 27, 24, 100.000000
57, 27, 25, 100.000000
57, 27, 26, 100.000000
57, 27, 27, 100.000000
57, 27, 28, 100.000000
57, 27, 29, 100.000000
57, 27, 30, 100.000000
57, 27, 31, 100.000000
57, 27, 32, 100.000000
57, 27, 33, 100.000000
57, 27, 34, 100.000000
57, 28, 0, 0.426228
57, 28, 1, -0.127315
57, 28, 2, -0.465193
57, 28, 3, -0.428701
57, 28, 4, -0.420439
57, 28, 5, -0.423418
57, 28, 6, -0.445953
57, 28, 7, -0.462256
57, 28, 8, -0.426482
57, 28, 9, -0.372751
57, 28, 10, -0.298806
57, 28, 11, -0.278343
57, 28, 12, -0.191026
57, 28, 13, 0.226282
57, 28, 14, 0.866110
57, 28, 15, 1.566210
57, 28, 16, 2.445143
57, 28, 17, 100.000000
57, 28, 18, 100.000000
57, 28, 19, 100.000000
57, 28, 20, 100.000000
57, 28, 21, 100.000000
57, 28, 22, 100.000000
57, 28, 23, 100.000000
57, 28, 24, 100.000000
57, 28, 25, 100.000000
57, 28, 26, 100.000000
57, 28, 27, 100.000000
57, 28, 28, 100.000000
57, 28, 29, 100.000000
57, 28, 30, 100.000000
57, 28, 31, 100.000000
57, 28, 32, 100.000000
57, 28, 33, 100.000000
57, 28, 34, 100.000000
57, 29, 0, 0.482753
57, 29, 1, -0.004040
57, 29, 2, -0.184596
57, 29, 3, -0.225510
57, 29, 4, -0.245825
57, 29, 5, -0.212152
57, 29, 6, -0.170879
57, 29, 7, -0.137100
57, 29, 8, -0.096306
57, 29, 9, -0.084697
57, 29, 10, -0.083008
57, 29, 11, -0.098209
57, 29, 12, -0.023689
57, 29, 13, 0.332956
57, 29, 14, 0.949252
57, 29, 15, 1.599831
57, 29, 16, 2.471094
57, 29, 17, 100.000000
57, 29, 18, 100.000000
57, 29, 19, 100.000000
57, 29, 20, 100.000000
57, 29, 21, 100.000000
57, 29, 22, 100.000000
57, 29, 23, 100.000000
57, 29, 24, 100.000000
57, 29, 25, 100.000000
57, 29, 26, 100.000000
57, 29, 27, 100.000000
57, 29, 28, 100.000000
57, 29, 29, 100.000000
57, 29, 30, 100.000000
57, 29, 31, 100.000000
57, 29, 32, 100.000000
57, 29, 33, 100.000000
57, 29, 34, 100.000000
58, 0, 0, 0.687642
58, 0, 1, 0.425022
58, 0, 2, 0.414738
58, 0, 3, 0.431676
58, 0, 4, 0.413911
58, 0, 5, 0.405755
58, 0, 6, 0.415945
58, 0, 7, 0.427283
58, 0, 8, 0.417745
58, 0, 9, 0.393630
58, 0, 10, 0.403057
58, 0, 11, 0.420203
58, 0, 12, 0.477385
58, 0, 13, 0.690680
58, 0, 14, 1.157768
58, 0, 15, 1.809627
58, 0, 16, 100.000000
58, 0, 17, 100.000000
58, 0, 18, 100.000000
58, 0, 19, 100.000000
58, 0, 20, 100.000000
58, 0, 21, 100.000000
58, 0, 22, 100.000000
58, 0, 23, 100.000000
58, 0, 24, 100.000000
58, 0, 25, 100.000000
58, 0, 26, 100.000000
58, 0, 27, 100.000000
58, 0, 28, 100.000000
58, 0, 29, 100.000000
58, 0, 30, 100.000000
58, 0, 31, 100.000000
58, 0, 32, 100.000000
58, 0, 33, 100.000000
58, 0, 34, 100.000000
58, 1, 0, 0.420047
58, 1, 1, -0.014540
58, 1, 2, -0.110056
58, 1, 3, -0.116936
58, 1, 4, -0.129505
58, 1, 5, -0.120470
58, 1, 6, -0.099392
58, 1, 7, -0.096203
58, 1, 8, -0.110469
58, 1, 9, -0.128261
58, 1, 10, -0.106886
58, 1, 11, -0.067904
58, 1, 12, 0.040109
58, 1, 13, 0.377800
58, 1, 14, 0.920587
58, 1, 15, 1.551193
58, 1, 16, 100.000000
58, 1, 17, 100.000000
58, 1, 18, 100.000000
58, 1, 19, 100.000000
58, 1, 20, 100.000000
58, 1, 21, 100.000000
58, 1, 22, 100.000000
58, 1, 23, 100.000000
58, 1, 24, 100.000000
58, 1, 25, 100.000000
58, 1, 26, 100.000000
58, 1, 27, 100.000000
58, 1, 28, 100.000000
58, 1, 29, 100.000000
58, 1, 30, 100.000000
58, 1, 31, 100.000000
58, 1, 32, 100.000000
58, 1, 33, 100.000000
58, 1, 34, 100.000000
58, 2, 0, 0.363405
58, 2, 1, -0.141368
58, 2, 2, -0.386584
58, 2, 3, -0.439467
58, 2, 4, -0.426318
58, 2, 5, -0.419165
58, 2, 6, -0.381831
58, 2, 7, -0.369163
58, 2, 8, -0.415905
58, 2, 9, -0.407649
58, 2, 10, -0.358225
58, 2, 11, -0.271100
58, 2, 12, -0.078299
58, 2, 13, 0.292597
58, 2, 14, 0.811138
58, 2, 15, 1.435136
58, 2, 16, 2.402063
58, 2, 17, 100.000000
58, 2, 18, 100.000000
58, 2, 19, 100.000000
58, 2, 20, 100.000000
58, 2, 21, 100.000000
58, 2, 22, 100.000000
58, 2, 23, 100.000000
58, 2, 24, 100.000000
58, 2, 25, 100.000000
58, 2, 26, 100.000000
58, 2, 27, 100.000000
58, 2, 28, 100.000000
58, 2, 29, 100.000000
58, 2, 30, 100.000000
58, 2, 31, 100.000000
58, 2, 32, 100.000000
58, 2, 33, 100.000000
58, 2, 34, 100.000000
58, 3, 0, 0.353092
58, 3, 1, -0.148477
58, 3, 2, -0.414289
58, 3, 3, -0.479156
58, 3, 4, -0.464224
58, 3, 5, -0.473213
58, 3, 6, -0.417209
58, 3, 7, -0.393798
58, 3, 8, -0.447220
58, 3, 9, -0.443437
58, 3, 10, -0.390234
58, 3, 11, -0.288286
58, 3, 12, -0.084104
58, 3, 13, 0.291300
58, 3, 14, 0.781285
58, 3, 15, 1.421575
58, 3, 16, 2.289349
58, 3, 17, 100.000000
58, 3, 18, 100.000000
58, 3, 19, 100.000000
58, 3, 20, 100.000000
58, 3, 21, 100.000000
58, 3, 22, 100.000000
58, 3, 23, 100.000000
58, 3, 24, 100.000000
58, 3, 25, 100.000000
58, 3, 26, 100.000000
58, 3, 27, 100.000000
58, 3, 28, 100.000000
58, 3, 29, 100.000000
58, 3, 30, 100.000000
58, 3, 31, 100.000000
58, 3, 32, 100.000000
58, 3, 33, 100.000000
58, 3, 34, 100.000000
58, 4, 0, 0.374575
58, 4, 1, -0.151646
58, 4, 2, -0.441289
58, 4, 3, -0.459709
58, 4, 4, -0.438922
58, 4, 5, -0.434670
58, 4, 6, -0.421158
58, 4, 7, -0.424684
58, 4, 8, -0.444457
58, 4, 9, -0.426391
58, 4, 10, -0.368930
58, 4, 11, -0.287121
58, 4, 12, -0.073322
58, 4, 13, 0.322466
58, 4, 14, 0.803131
58, 4, 15, 1.456270
58, 4, 16, 2.273040
58, 4, 17, 100.000000
58, 4, 18, 100.000000
58, 4, 19, 100.000000
58, 4, 20, 100.000000
58, 4, 21, 100.000000
58, 4, 22, 100.000000
58, 4, 23, 100.000000
58, 4, 24, 100.000000
58, 4, 25, 100.000000
58, 4, 26, 100.000000
58, 4, 27, 100.000000
58, 4, 28, 100.000000
58, 4, 29, 100.000000
58, 4, 30, 100.000000
58, 4, 31, 100.000000
58, 4, 32, 100.000000
58, 4, 33, 100.000000
58, 4, 34, 100.000000
58, 5, 0, 0.397605
58, 5, 1, -0.154817
58, 5, 2, -0.460144
58, 5, 3, -0.430423
58, 5, 4, -0.425066
58, 5, 5, -0.435153
58, 5, 6, -0.440752
58, 5, 7, -0.437050
58, 5, 8, -0.422641
58, 5, 9, -0.377019
58, 5, 10, -0.339836
58, 5, 11, -0.304893
58, 5, 12, -0.093744
58, 5, 13, 0.305766
58, 5, 14, 0.804703
58, 5, 15, 1.486844
58, 5, 16, 2.370573
58, 5, 17, 100.000000
58, 5, 18, 100.000000
58, 5, 19, 100.000000
58, 5, 20, 100.000000
58, 5, 21, 100.000000
58, 5, 22, 100.000000
58, 5, 23, 100.000000
58, 5, 24, 100.000000
58, 5, 25, 100.000000
58, 5, 26, 100.000000
58, 5, 27, 100.000000
58, 5, 28, 100.000000
58, 5, 29, 100.000000
58, 5, 30, 100.000000
58, 5, 31, 100.000000
58, 5, 32, 100.000000
58, 5, 33, 100.000000
58, 5, 34, 100.000000
58, 6, 0, 0.402952
58, 6, 1, -0.158197
58, 6, 2, -0.477193
58, 6, 3, -0.441391
58, 6, 4, -0.436307
58, 6, 5, -0.469731
58, 6, 6, -0.463193
58, 6, 7, -0.449885
58, 6, 8, -0.413907
58, 6, 9, -0.363949
58, 6, 10, -0.367009
58, 6, 11, -0.335603
58, 6, 12, -0.132103
58, 6, 13, 0.266906
58, 6, 14, 0.790164
58, 6, 15, 1.410495
58, 6, 16, 2.231677
58, 6, 17, 100.000000
58, 6, 18, 100.000000
58, 6, 19, 100.000000
58, 6, 20, 100.000000
58, 6, 21, 100.000000
58, 6, 22, 100.000000
58, 6, 23, 100.000000
58, 6, 24, 100.000000
58, 6, 25, 100.000000
58, 6, 26, 100.000000
58, 6, 27, 100.000000
58, 6, 28, 100.000000
58, 6, 29, 100.000000
58, 6, 30, 100.000000
58, 6, 31, 100.000000
58, 6, 32, 100.000000
58, 6, 33, 100.000000
58, 6, 34, 100.000000
58, 7, 0, 0.416841
58, 7, 1, -0.148635
58, 7, 2, -0.436724
58, 7, 3, -0.436450
58, 7, 4, -0.416948
58, 7, 5, -0.435367
58, 7, 6, -0.447995
58, 7, 7, -0.435233
58, 7, 8, -0.409461
58, 7, 9, -0.389246
58, 7, 10, -0.396132
58, 7, 11, -0.334858
58, 7, 12, -0.132517
58, 7, 13, 0.257871
58, 7, 14, 0.777577
58, 7, 15, 1.386111
58, 7, 16, 2.184192
58, 7, 17, 100.000000
58, 7, 18, 100.000000
58, 7, 19, 100.000000
58, 7, 20, 100.000000
58, 7, 21, 100.000000
58, 7, 22, 100.000000
58, 7, 23, 100.000000
58, 7, 24, 100.000000
58, 7, 25, 100.000000
58, 7, 26, 100.000000
58, 7, 27, 100.000000
58, 7, 28, 100.000000
58, 7, 29, 100.000000
58, 7, 30, 100.000000
58, 7, 31, 100.000000
58, 7, 32, 100.000000
58, 7, 33, 100.000000
58, 7, 34, 100.000000
58, 8, 0, 0.407670
58, 8, 1, -0.148294
58, 8, 2, -0.416087
58, 8, 3, -0.450656
58, 8, 4, -0.452180
58, 8, 5, -0.445834
58, 8, 6, -0.465505
58, 8, 7, -0.428663
58, 8, 8, -0.380681
58, 8, 9, -0.407159
58, 8, 10, -0.411933
58, 8, 11, -0.326383
58, 8, 12, -0.127255
58, 8, 13, 0.250223
58, 8, 14, 0.824206
58, 8, 15, 1.452477
58, 8, 16, 2.217436
58, 8, 17, 100.000000
58, 8, 18, 100.000000
58, 8, 19, 100.000000
58, 8, 20, 100.000000
58, 8, 21, 100.000000
58, 8, 22, 100.000000
58, 8, 23, 100.000000
58, 8, 24, 100.000000
58, 8, 25, 100.000000
58, 8, 26, 100.000000
58, 8, 27, 100.000000
58, 8, 28, 100.000000
58, 8, 29, 100.000000
58, 8, 30, 100.000000
58, 8, 31, 100.000000
58, 8, 32, 100.000000
58, 8, 33, 100.000000
58, 8, 34, 100.000000
58, 9, 0, 0.378001
58, 9, 1, -0.169448
58, 9, 2, -0.442667
58, 9, 3, -0.447723
58, 9, 4, -0.458889
58, 9, 5, -0.453258
58, 9, 6, -0.451928
58, 9, 7, -0.453842
58, 9, 8, -0.393912
58, 9, 9, -0.380592
58, 9, 10, -0.372496
58, 9, 11, -0.304614
58, 9, 12, -0.123588
58, 9, 13, 0.257079
58, 9, 14, 0.840487
58, 9, 15, 1.362919
58, 9, 16, 2.000887
58, 9, 17, 100.000000
58, 9, 18, 100.000000
58, 9, 19, 100.000000
58, 9, 20, 100.000000
58, 9, 21, 100.000000
58, 9, 22, 100.000000
58, 9, 23, 100.000000
58, 9, 24, 100.000000
58, 9, 25, 100.000000
58, 9, 26, 100.000000
58, 9, 27, 100.000000
58, 9, 28, 100.000000
58, 9, 29, 100.000000
58, 9, 30, 100.000000
58, 9, 31, 100.000000
58, 9, 32, 100.000000
58, 9, 33, 100.000000
58, 9, 34, 100.000000
58, 10, 0, 0.359363
58, 10, 1, -0.172664
58, 10, 2, -0.428644
58, 10, 3, -0.445298
58, 10, 4, -0.466685
58, 10, 5, -0.430297
58, 10, 6, -0.441077
58, 10, 7, -0.484953
58, 10, 8, -0.437093
58, 10, 9, -0.370614
58, 10, 10, -0.355007
58, 10, 11, -0.312400
58, 10, 12, -0.139580
58, 10, 13, 0.242160
58, 10, 14, 0.772746
58, 10, 15, 1.285127
58, 10, 16, 1.947980
58, 10, 17, 100.000000
58, 10, 18, 100.000000
58, 10, 19, 100.000000
58, 10, 20, 100.000000
58, 10, 21, 100.000000
58, 10, 22, 100.000000
58, 10, 23, 100.000000
58, 10, 24, 100.000000
58, 10, 25, 100.000000
58, 10, 26, 100.000000
58, 10, 27, 100.000000
58, 10, 28, 100.000000
58, 10, 29, 100.000000
58, 10, 30, 100.000000
58, 10, 31, 100.000000
58, 10, 32, 100.000000
58, 10, 33, 100.000000
58, 10, 34, 100.000000
58, 11, 0, 0.357727
58, 11, 1, -0.165310
58, 11, 2, -0.449648
58, 11, 3, -0.458775
58, 11, 4, -0.424153
58, 11, 5, -0.408177
58, 11, 6, -0.442644
58, 11, 7, -0.459109
58, 11, 8, -0.451702
58, 11, 9, -0.384330
58, 11, 10, -0.362278
58, 11, 11, -0.355896
58, 11, 12, -0.194330
58, 11, 13, 0.199117
58, 11, 14, 0.770425
58, 11, 15, 1.362273
58, 11, 16, 2.152138
58, 11, 17, 100.000000
58, 11, 18, 100.000000
58, 11, 19, 100.000000
58, 11, 20, 100.000000
58, 11, 21, 100.000000
58, 11, 22, 100.000000
58, 11, 23, 100.000000
58, 11, 24, 100.000000
58, 11, 25, 100.000000
58, 11, 26, 100.000000
58, 11, 27, 100.000000
58, 11, 28, 100.000000
58, 11, 29, 100.000000
58, 11, 30, 100.000000
58, 11, 31, 100.000000
58, 11, 32, 100.000000
58, 11, 33, 100.000000
58, 11, 34, 100.000000
58, 12, 0, 0.352253
58, 12, 1, -0.175917
58, 12, 2, -0.474026
58, 12, 3, -0.441263
58, 12, 4, -0.424004
58, 12, 5, -0.434144
58, 12, 6, -0.470727
58, 12, 7, -0.488375
58, 12, 8, -0.483009
58, 12, 9, -0.423171
58, 12, 10, -0.366666
58, 12, 11, -0.337464
58, 12, 12, -0.195411
58, 12, 13, 0.219475
58, 12, 14, 0.792608
58, 12, 15, 1.324351
58, 12, 16, 2.059214
58, 12, 17, 100.000000
58, 12, 18, 100.000000
58, 12, 19, 100.000000
58, 12, 20, 100.000000
58, 12, 21, 100.000000
58, 12, 22, 100.000000
58, 12, 23, 100.000000
58, 12, 24, 100.000000
58, 12, 25, 100.000000
58, 12, 26, 100.000000
58, 12, 27, 100.000000
58, 12, 28, 100.000000
58, 12, 29, 100.000000
58, 12, 30, 100.000000
58, 12, 31, 100.000000
58, 12, 32, 100.000000
58, 12, 33, 100.000000
58, 12, 34, 100.000000
58, 13, 0, 0.352297
58, 13, 1, -0.193207
58, 13, 2, -0.482293
58, 13, 3, -0.439284
58, 13, 4, -0.452498
58, 13, 5, -0.449564
58, 13, 6, -0.436984
58, 13, 7, -0.445464
58, 13, 8, -0.451138
58, 13, 9, -0.435401
58, 13, 10, -0.396272
58, 13, 11, -0.334876
58, 13, 12, -0.151604
58, 13, 13, 0.265645
58, 13, 14, 0.780749
58, 13, 15, 1.176826
58, 13, 16, 1.785791
58, 13, 17, 100.000000
58, 13, 18, 100.000000
58, 13, 19, 100.000000
58, 13, 20, 100.000000
58, 13, 21, 100.000000
58, 13, 22, 100.000000
58, 13, 23, 100.000000
58, 13, 24, 100.000000
58, 13, 25, 100.000000
58, 13, 26, 100.000000
58, 13, 27, 100.000000
58, 13, 28, 100.000000
58, 13, 29, 100.000000
58, 13, 30, 100.000000
58, 13, 31, 100.000000
58, 13, 32, 100.000000
58, 13, 33, 100.000000
58, 13, 34, 100.000000
58, 14, 0, 0.375265
58, 14, 1, -0.192113
58, 14, 2, -0.465586
58, 14, 3, -0.427936
58, 14, 4, -0.469147
58, 14, 5, -0.481273
58, 14, 6, -0.463562
58, 14, 7, -0.472665
58, 14, 8, -0.483460
58, 14, 9, -0.460860
58, 14, 10, -0.403568
58, 14, 11, -0.319143
58, 14, 12, -0.131801
58, 14, 13, 0.253405
58, 14, 14, 0.764664
58, 14, 15, 1.196464
58, 14, 16, 1.876252
58, 14, 17, 100.000000
58, 14, 18, 100.000000
58, 14, 19, 100.000000
58, 14, 20, 100.000000
58, 14, 21, 100.000000
58, 14, 22, 100.000000
58, 14, 23, 100.000000
58, 14, 24, 100.000000
58, 14, 25, 100.000000
58, 14, 26, 100.000000
58, 14, 27, 100.000000
58, 14, 28, 100.000000
58, 14, 29, 100.000000
58, 14, 30, 100.000000
58, 14, 31, 100.000000
58, 14, 32, 100.000000
58, 14, 33, 100.000000
58, 14, 34, 100.000000
58, 15, 0, 0.383942
58, 15, 1, -0.192429
58, 15, 2, -0.447440
58, 15, 3, -0.435717
58, 15, 4, -0.469042
58, 15, 5, -0.478932
58, 15, 6, -0.465298
58, 15, 7, -0.451422
58, 15, 8, -0.477278
58, 15, 9, -0.483856
58, 15, 10, -0.414426
58, 15, 11, -0.326800
58, 15, 12, -0.131814
58, 15, 13, 0.265287
58, 15, 14, 0.808492
58, 15, 15, 1.327964
58, 15, 16, 2.140689
58, 15, 17, 100.000000
58, 15, 18, 100.000000
58, 15, 19, 100.000000
58, 15, 20, 100.000000
58, 15, 21, 100.000000
58, 15, 22, 100.000000
58, 15, 23, 100.000000
58, 15, 24, 100.000000
58, 15, 25, 100.000000
58, 15, 26, 100.000000
58, 15, 27, 100.000000
58, 15, 28, 100.000000
58, 15, 29, 100.000000
58, 15, 30, 100.000000
58, 15, 31, 100.000000
58, 15, 32, 100.000000
58, 15, 33, 100.000000
58, 15, 34, 100.000000
58, 16, 0, 0.380976
58, 16, 1, -0.191168
58, 16, 2, -0.453972
58, 16, 3, -0.450138
58, 16, 4, -0.463466
58, 16, 5, -0.469912
58, 16, 6, -0.468177
58, 16, 7, -0.447199
58, 16, 8, -0.464330
58, 16, 9, -0.492522
58, 16, 10, -0.446480
58, 16, 11, -0.349285
58, 16, 12, -0.129735
58, 16, 13, 0.283081
58, 16, 14, 0.817333
58, 16, 15, 1.345456
58, 16, 16, 2.225436
58, 16, 17, 100.000000
58, 16, 18, 100.000000
58, 16, 19, 100.000000
58, 16, 20, 100.000000
58, 16, 21, 100.000000
58, 16, 22, 100.000000
58, 16, 23, 100.000000
58, 16, 24, 100.000000
58, 16, 25, 100.000000
58, 16, 26, 100.000000
58, 16, 27, 100.000000
58, 16, 28, 100.000000
58, 16, 29, 100.000000
58, 16, 30, 100.000000
58, 16, 31, 100.000000
58, 16, 32, 100.000000
58, 16, 33, 100.000000
58, 16, 34, 100.000000
58, 17, 0, 0.364456
58, 17, 1, -0.197112
58, 17, 2, -0.458550
58, 17, 3, -0.450881
58, 17, 4, -0.474629
58, 17, 5, -0.453595
58, 17, 6, -0.456273
58, 17, 7, -0.472442
58, 17, 8, -0.469736
58, 17, 9, -0.489575
58, 17, 10, -0.459219
58, 17, 11, -0.334549
58, 17, 12, -0.114019
58, 17, 13, 0.235477
58, 17, 14, 0.727227
58, 17, 15, 1.327386
58, 17, 16, 2.167855
58, 17, 17, 100.000000
58, 17, 18, 100.000000
58, 17, 19, 100.000000
58, 17, 20, 100.000000
58, 17, 21, 100.000000
58, 17, 22, 100.000000
58, 17, 23, 100.000000
58, 17, 24, 100.000000
58, 17, 25, 100.000000
58, 17, 26, 100.000000
58, 17, 27, 100.000000
58, 17, 28, 100.000000
58, 17, 29, 100.000000
58, 17, 30, 100.000000
58, 17, 31, 100.000000
58, 17, 32, 100.000000
58, 17, 33, 100.000000
58, 17, 34, 100.000000
58, 18, 0, 0.338307
58, 18, 1, -0.211225
58, 18, 2, -0.460990
58, 18, 3, -0.456622
58, 18, 4, -0.467176
58, 18, 5, -0.484337
58, 18, 6, -0.448003
58, 18, 7, -0.482925
58, 18, 8, -0.449954
58, 18, 9, -0.450849
58, 18, 10, -0.437457
58, 18, 11, -0.319927
58, 18, 12, -0.120228
58, 18, 13, 0.194567
58, 18, 14, 0.672522
58, 18, 15, 1.272298
58, 18, 16, 2.010802
58, 18, 17, 100.000000
58, 18, 18, 100.000000
58, 18, 19, 100.000000
58, 18, 20, 100.000000
58, 18, 21, 100.000000
58, 18, 22, 100.000000
58, 18, 23, 100.000000
58, 18, 24, 100.000000
58, 18, 25, 100.000000
58, 18, 26, 100.000000
58, 18, 27, 100.000000
58, 18, 28, 100.000000
58, 18, 29, 100.000000
58, 18, 30, 100.000000
58, 18, 31, 100.000000
58, 18, 32, 100.000000
58, 18, 33, 100.000000
58, 18, 34, 100.000000
58, 19, 0, 0.321928
58, 19, 1, -0.219603
58, 19, 2, -0.461982
58, 19, 3, -0.469184
58, 19, 4, -0.470682
58, 19, 5, -0.444314
58, 19, 6, -0.459684
58, 19, 7, -0.475462
58, 19, 8, -0.430361
58, 19, 9, -0.436052
58, 19, 10, -0.396160
58, 19, 11, -0.324992
58, 19, 12, -0.170001
58, 19, 13, 0.181783
58, 19, 14, 0.697230
58, 19, 15, 1.264725
58, 19, 16, 1.962540
58, 19, 17, 100.000000
58, 19, 18, 100.000000
58, 19, 19, 100.000000
58, 19, 20, 100.000000
58, 19, 21, 100.000000
58, 19, 22, 100.000000
58, 19, 23, 100.000000
58, 19, 24, 100.000000
58, 19, 25, 100.000000
58, 19, 26, 100.000000
58, 19, 27, 100.000000
58, 19, 28, 100.000000
58, 19, 29, 100.000000
58, 19, 30, 100.000000
58, 19, 31, 100.000000
58, 19, 32, 100.000000
58, 19, 33, 100.000000
58, 19, 34, 100.000000
58, 20, 0, 0.327417
58, 20, 1, -0.209076
58, 20, 2, -0.475636
58, 20, 3, -0.478855
58, 20, 4, -0.472589
58, 20, 5, -0.479650
58, 20, 6, -0.471724
58, 20, 7, -0.457130
58, 20, 8, -0.412844
58, 20, 9, -0.408443
58, 20, 10, -0.409903
58, 20, 11, -0.362982
58, 20, 12, -0.205257
58, 20, 13, 0.153215
58, 20, 14, 0.681810
58, 20, 15, 1.273404
58, 20, 16, 1.993183
58, 20, 17, 100.000000
58, 20, 18, 100.000000
58, 20, 19, 100.000000
58, 20, 20, 100.000000
58, 20, 21, 100.000000
58, 20, 22, 100.000000
58, 20, 23, 100.000000
58, 20, 24, 100.000000
58, 20, 25, 100.000000
58, 20, 26, 100.000000
58, 20, 27, 100.000000
58, 20, 28, 100.000000
58, 20, 29, 100.000000
58, 20, 30, 100.000000
58, 20, 31, 100.000000
58, 20, 32, 100.000000
58, 20, 33, 100.000000
58, 20, 34, 100.000000
58, 21, 0, 0.331361
58, 21, 1, -0.204983
58, 21, 2, -0.470274
58, 21, 3, -0.459170
58, 21, 4, -0.455279
58, 21, 5, -0.469934
58, 21, 6, -0.477509
58, 21, 7, -0.452028
58, 21, 8, -0.419764
58, 21, 9, -0.405183
58, 21, 10, -0.388964
58, 21, 11, -0.348946
58, 21, 12, -0.207112
58, 21, 13, 0.106103
58, 21, 14, 0.600059
58, 21, 15, 1.223265
58, 21, 16, 1.986548
58, 21, 17, 100.000000
58, 21, 18, 100.000000
58, 21, 19, 100.000000
58, 21, 20, 100.000000
58, 21, 21, 100.000000
58, 21, 22, 100.000000
58, 21, 23, 100.000000
58, 21, 24, 100.000000
58, 21, 25, 100.000000
58, 21, 26, 100.000000
58, 21, 27, 100.000000
58, 21, 28, 100.000000
58, 21, 29, 100.000000
58, 21, 30, 100.000000
58, 21, 31, 100.000000
58, 21, 32, 100.000000
58, 21, 33, 100.000000
58, 21, 34, 100.000000
58, 22, 0, 0.339108
58, 22, 1, -0.209503
58, 22, 2, -0.448998
58, 22, 3, -0.430801
58, 22, 4, -0.440488
58, 22, 5, -0.450595
58, 22, 6, -0.486322
58, 22, 7, -0.447890
58, 22, 8, -0.441318
58, 22, 9, -0.436603
58, 22, 10, -0.376925
58, 22, 11, -0.305804
58, 22, 12, -0.188728
58, 22, 13, 0.108607
58, 22, 14, 0.581730
58, 22, 15, 1.198526
58, 22, 16, 2.028338
58, 22, 17, 100.000000
58, 22, 18, 100.000000
58, 22, 19, 100.000000
58, 22, 20, 100.000000
58, 22, 21, 100.000000
58, 22, 22, 100.000000
58, 22, 23, 100.000000
58, 22, 24, 100.000000
58, 22, 25, 100.000000
58, 22, 26, 100.000000
58, 22, 27, 100.000000
58, 22, 28, 100.000000
58, 22, 29, 100.000000
58, 22, 30, 100.000000
58, 22, 31, 100.000000
58, 22, 32, 100.000000
58, 22, 33, 100.000000
58, 22, 34, 100.000000
58, 23, 0, 0.354844
58, 23, 1, -0.214909
58, 23, 2, -0.423883
58, 23, 3, -0.412012
58, 23, 4, -0.412717
58, 23, 5, -0.420142
58, 23, 6, -0.461213
58, 23, 7, -0.460142
58, 23, 8, -0.459786
58, 23, 9, -0.466158
58, 23, 10, -0.392631
58, 23, 11, -0.287661
58, 23, 12, -0.165775
58, 23, 13, 0.152217
58, 23, 14, 0.651673
58, 23, 15, 1.229826
58, 23, 16, 2.023080
58, 23, 17, 100.000000
58, 23, 18, 100.000000
58, 23, 19, 100.000000
58, 23, 20, 100.000000
58, 23, 21, 100.000000
58, 23, 22, 100.000000
58, 23, 23, 100.000000
58, 23, 24, 100.000000
58, 23, 25, 100.000000
58, 23, 26, 100.000000
58, 23, 27, 100.000000
58, 23, 28, 100.000000
58, 23, 29, 100.000000
58, 23, 30, 100.000000
58, 23, 31, 100.000000
58, 23, 32, 100.000000
58, 23, 33, 100.000000
58, 23, 34, 100.000000
58, 24, 0, 0.363997
58, 24, 1, -0.204868
58, 24, 2, -0.424476
58, 24, 3, -0.400158
58, 24, 4, -0.427111
58, 24, 5, -0.391810
58, 24, 6, -0.422634
58, 24, 7, -0.431523
58, 24, 8, -0.437713
58, 24, 9, -0.449379
58, 24, 10, -0.408358
58, 24, 11, -0.326732
58, 24, 12, -0.169841
58, 24, 13, 0.166452
58, 24, 14, 0.719443
58, 24, 15, 1.307496
58, 24, 16, 2.074573
58, 24, 17, 100.000000
58, 24, 18, 100.000000
58, 24, 19, 100.000000
58, 24, 20, 100.000000
58, 24, 21, 100.000000
58, 24, 22, 100.000000
58, 24, 23, 100.000000
58, 24, 24, 100.000000
58, 24, 25, 100.000000
58, 24, 26, 100.000000
58, 24, 27, 100.000000
58, 24, 28, 100.000000
58, 24, 29, 100.000000
58, 24, 30, 100.000000
58, 24, 31, 100.000000
58, 24, 32, 100.000000
58, 24, 33, 100.000000
58, 24, 34, 100.000000
58, 25, 0, 0.364680
58, 25, 1, -0.204758
58, 25, 2, -0.453775
58, 25, 3, -0.403450
58, 25, 4, -0.469264
58, 25, 5, -0.433741
58, 25, 6, -0.442281
58, 25, 7, -0.434852
58, 25, 8, -0.437287
58, 25, 9, -0.421423
58, 25, 10, -0.403502
58, 25, 11, -0.351567
58, 25, 12, -0.202903
58, 25, 13, 0.140309
58, 25, 14, 0.687308
58, 25, 15, 1.349611
58, 25, 16, 2.205957
58, 25, 17, 100.000000
58, 25, 18, 100.000000
58, 25, 19, 100.000000
58, 25, 20, 100.000000
58, 25, 21, 100.000000
58, 25, 22, 100.000000
58, 25, 23, 100.000000
58, 25, 24, 100.000000
58, 25, 25, 100.000000
58, 25, 26, 100.000000
58, 25, 27, 100.000000
58, 25, 28, 100.000000
58, 25, 29, 100.000000
58, 25, 30, 100.000000
58, 25, 31, 100.000000
58, 25, 32, 100.000000
58, 25, 33, 100.000000
58, 25, 34, 100.000000
58, 26, 0, 0.371410
58, 26, 1, -0.190209
58, 26, 2, -0.470059
58, 26, 3, -0.409432
58, 26, 4, -0.428849
58, 26, 5, -0.458907
58, 26, 6, -0.489743
58, 26, 7, -0.484424
58, 26, 8, -0.480479
58, 26, 9, -0.452400
58, 26, 10, -0.414678
58, 26, 11, -0.351848
58, 26, 12, -0.248532
58, 26, 13, 0.071430
58, 26, 14, 0.616899
58, 26, 15, 1.314256
58, 26, 16, 1.939121
58, 26, 17, 100.000000
58, 26, 18, 100.000000
58, 26, 19, 100.000000
58, 26, 20, 100.000000
58, 26, 21, 100.000000
58, 26, 22, 100.000000
58, 26, 23, 100.000000
58, 26, 24, 100.000000
58, 26, 25, 100.000000
58, 26, 26, 100.000000
58, 26, 27, 100.000000
58, 26, 28, 100.000000
58, 26, 29, 100.000000
58, 26, 30, 100.000000
58, 26, 31, 100.000000
58, 26, 32, 100.000000
58, 26, 33, 100.000000
58, 26, 34, 100.000000
58, 27, 0, 0.388545
58, 27, 1, -0.173798
58, 27, 2, -0.443009
58, 27, 3, -0.407955
58, 27, 4, -0.420198
58, 27, 5, -0.431199
58, 27, 6, -0.442698
58, 27, 7, -0.442547
58, 27, 8, -0.469525
58, 27, 9, -0.441613
58, 27, 10, -0.376109
58, 27, 11, -0.333007
58, 27, 12, -0.264769
58, 27, 13, 0.046572
58, 27, 14, 0.596511
58, 27, 15, 1.280442
58, 27, 16, 1.884943
58, 27, 17, 100.000000
58, 27, 18, 100.000000
58, 27, 19, 100.000000
58, 27, 20, 100.000000
58, 27, 21, 100.000000
58, 27, 22, 100.000000
58, 27, 23, 100.000000
58, 27, 24, 100.000000
58, 27, 25, 100.000000
58, 27, 26, 100.000000
58, 27, 27, 100.000000
58, 27, 28, 100.000000
58, 27, 29, 100.000000
58, 27, 30, 100.000000
58, 27, 31, 100.000000
58, 27, 32, 100.000000
58, 27, 33, 100.000000
58, 27, 34, 100.000000
58, 28, 0, 0.398526
58, 28, 1, -0.152208
58, 28, 2, -0.466965
58, 28, 3, -0.433081
58, 28, 4, -0.433407
58, 28, 5, -0.440040
58, 28, 6, -0.450890
58, 28, 7, -0.449300
58, 28, 8, -0.438483
58, 28, 9, -0.400764
58, 28, 10, -0.334033
58, 28, 11, -0.280171
58, 28, 12, -0.225950
58, 28, 13, 0.110030
58, 28, 14, 0.658059
58, 28, 15, 1.318679
58, 28, 16, 2.051964
58, 28, 17, 100.000000
58, 28, 18, 100.000000
58, 28, 19, 100.000000
58, 28, 20, 100.000000
58, 28, 21, 100.000000
58, 28, 22, 100.000000
58, 28, 23, 100.000000
58, 28, 24, 100.000000
58, 28, 25, 100.000000
58, 28, 26, 100.000000
58, 28, 27, 100.000000
58, 28, 28, 100.000000
58, 28, 29, 100.000000
58, 28, 30, 100.000000
58, 28, 31, 100.000000
58, 28, 32, 100.000000
58, 28, 33, 100.000000
58, 28, 34, 100.000000
58, 29, 0, 0.456634
58, 29, 1, -0.001973
58, 29, 2, -0.179236
58, 29, 3, -0.219471
58, 29, 4, -0.234381
58, 29, 5, -0.211899
58, 29, 6, -0.178882
58, 29, 7, -0.159281
58, 29, 8, -0.136609
58, 29, 9, -0.117616
58, 29, 10, -0.095754
58, 29, 11, -0.077029
58, 29, 12, -0.049678
58, 29, 13, 0.236104
58, 29, 14, 0.716848
58, 29, 15, 1.345241
58, 29, 16, 2.116600
58, 29, 17, 100.000000
58, 29, 18, 100.000000
58, 29, 19, 100.000000
58, 29, 20, 100.000000
58, 29, 21, 100.000000
58, 29, 22, 100.000000
58, 29, 23, 100.000000
58, 29, 24, 100.000000
58, 29, 25, 100.000000
58, 29, 26, 100.000000
58, 29, 27, 100.000000
58, 29, 28, 100.000000
58, 29, 29, 100.000000
58, 29, 30, 100.000000
58, 29, 31, 100.000000
58, 29, 32, 100.000000
58, 29, 33, 100.000000
58, 29, 34, 100.000000
59, 0, 0, 0.712005
59, 0, 1, 0.419901
59, 0, 2, 0.391825
59, 0, 3, 0.410077
59, 0, 4, 0.414804
59, 0, 5, 0.407136
59, 0, 6, 0.402561
59, 0, 7, 0.404597
59, 0, 8, 0.401947
59, 0, 9, 0.391476
59, 0, 10, 0.405314
59, 0, 11, 0.442325
59, 0, 12, 0.503752
59, 0, 13, 0.660936
59, 0, 14, 1.036638
59, 0, 15, 1.678115
59, 0, 16, 100.000000
59, 0, 17, 100.000000
59, 0, 18, 100.000000
59, 0, 19, 100.000000
59, 0, 20, 100.000000
59, 0, 21, 100.000000
59, 0, 22, 100.000000
59, 0, 23, 100.000000
59, 0, 24, 100.000000
59, 0, 25, 100.000000
59, 0, 26, 100.000000
59, 0, 27, 100.000000
59, 0, 28, 100.000000
59, 0, 29, 100.000000
59, 0, 30, 100.000000
59, 0, 31, 100.000000
59, 0, 32, 100.000000
59, 0, 33, 100.000000
59, 0, 34, 100.000000
59, 1, 0, 0.433817
59, 1, 1, -0.025135
59, 1, 2, -0.116606
59, 1, 3, -0.105191
59, 1, 4, -0.101505
59, 1, 5, -0.105030
59, 1, 6, -0.113924
59, 1, 7, -0.123214
59, 1, 8, -0.134736
59, 1, 9, -0.151750
59, 1, 10, -0.122244
59, 1, 11, -0.069308
59, 1, 12, 0.034774
59, 1, 13, 0.325956
59, 1, 14, 0.792894
59, 1, 15, 1.434296
59, 1, 16, 2.270771
59, 1, 17, 100.000000
59, 1, 18, 100.000000
59, 1, 19, 100.000000
59, 1, 20, 100.000000
59, 1, 21, 100.000000
59, 1, 22, 100.000000
59, 1, 23, 100.000000
59, 1, 24, 100.000000
59, 1, 25, 100.000000
59, 1, 26, 100.000000
59, 1, 27, 100.000000
59, 1, 28, 100.000000
59, 1, 29, 100.000000
59, 1, 30, 100.000000
59, 1, 31, 100.000000
59, 1, 32, 100.000000
59, 1, 33, 100.000000
59, 1, 34, 100.000000
59, 2, 0, 0.368786
59, 2, 1, -0.146303
59, 2, 2, -0.378502
59, 2, 3, -0.416941
59, 2, 4, -0.394287
59, 2, 5, -0.386738
59, 2, 6, -0.392888
59, 2, 7, -0.419492
59, 2, 8, -0.436560
59, 2, 9, -0.418471
59, 2, 10, -0.370990
59, 2, 11, -0.299145
59, 2, 12, -0.124746
59, 2, 13, 0.200374
59, 2, 14, 0.665620
59, 2, 15, 1.274155
59, 2, 16, 1.996157
59, 2, 17, 100.000000
59, 2, 18, 100.000000
59, 2, 19, 100.000000
59, 2, 20, 100.000000
59, 2, 21, 100.000000
59, 2, 22, 100.000000
59, 2, 23, 100.000000
59, 2, 24, 100.000000
59, 2, 25, 100.000000
59, 2, 26, 100.000000
59, 2, 27, 100.000000
59, 2, 28, 100.000000
59, 2, 29, 100.000000
59, 2, 30, 100.000000
59, 2, 31, 100.000000
59, 2, 32, 100.000000
59, 2, 33, 100.000000
59, 2, 34, 100.000000
59, 3, 0, 0.348857
59, 3, 1, -0.151622
59, 3, 2, -0.414995
59, 3, 3, -0.485415
59, 3, 4, -0.459832
59, 3, 5, -0.443526
59, 3, 6, -0.424548
59, 3, 7, -0.433242
59, 3, 8, -0.455205
59, 3, 9, -0.434566
59, 3, 10, -0.396687
59, 3, 11, -0.344711
59, 3, 12, -0.159331
59, 3, 13, 0.169862
59, 3, 14, 0.610197
59, 3, 15, 1.222019
59, 3, 16, 1.887460
59, 3, 17, 100.000000
59, 3, 18, 100.000000
59, 3, 19, 100.000000
59, 3, 20, 100.000000
59, 3, 21, 100.000000
59, 3, 22, 100.000000
59, 3, 23, 100.000000
59, 3, 24, 100.000000
59, 3, 25, 100.000000
59, 3, 26, 100.000000
59, 3, 27, 100.000000
59, 3, 28, 100.000000
59, 3, 29, 100.000000
59, 3, 30, 100.000000
59, 3, 31, 100.000000
59, 3, 32, 100.000000
59, 3, 33, 100.000000
59, 3, 34, 100.000000
59, 4, 0, 0.366617
59, 4, 1, -0.153502
59, 4, 2, -0.445710
59, 4, 3, -0.452946
59, 4, 4, -0.417066
59, 4, 5, -0.430136
59, 4, 6, -0.438927
59, 4, 7, -0.443429
59, 4, 8, -0.451877
59, 4, 9, -0.426260
59, 4, 10, -0.398401
59, 4, 11, -0.350115
59, 4, 12, -0.160300
59, 4, 13, 0.182537
59, 4, 14, 0.628953
59, 4, 15, 1.225627
59, 4, 16, 1.946270
59, 4, 17, 100.000000
59, 4, 18, 100.000000
59, 4, 19, 100.000000
59, 4, 20, 100.000000
59, 4, 21, 100.000000
59, 4, 22, 100.000000
59, 4, 23, 100.000000
59, 4, 24, 100.000000
59, 4, 25, 100.000000
59, 4, 26, 100.000000
59, 4, 27, 100.000000
59, 4, 28, 100.000000
59, 4, 29, 100.000000
59, 4, 30, 100.000000
59, 4, 31, 100.000000
59, 4, 32, 100.000000
59, 4, 33, 100.000000
59, 4, 34, 100.000000
59, 5, 0, 0.403047
59, 5, 1, -0.152371
59, 5, 2, -0.460991
59, 5, 3, -0.411302
59, 5, 4, -0.433441
59, 5, 5, -0.460538
59, 5, 6, -0.456047
59, 5, 7, -0.451724
59, 5, 8, -0.429427
59, 5, 9, -0.391820
59, 5, 10, -0.369932
59, 5, 11, -0.343930
59, 5, 12, -0.166647
59, 5, 13, 0.171650
59, 5, 14, 0.608859
59, 5, 15, 1.214569
59, 5, 16, 1.963115
59, 5, 17, 100.000000
59, 5, 18, 100.000000
59, 5, 19, 100.000000
59, 5, 20, 100.000000
59, 5, 21, 100.000000
59, 5, 22, 100.000000
59, 5, 23, 100.000000
59, 5, 24, 100.000000
59, 5, 25, 100.000000
59, 5, 26, 100.000000
59, 5, 27, 100.000000
59, 5, 28, 100.000000
59, 5, 29, 100.000000
59, 5, 30, 100.000000
59, 5, 31, 100.000000
59, 5, 32, 100.000000
59, 5, 33, 100.000000
59, 5, 34, 100.000000
59, 6, 0, 0.429797
59, 6, 1, -0.143622
59, 6, 2, -0.469920
59, 6, 3, -0.436035
59, 6, 4, -0.469061
59, 6, 5, -0.464221
59, 6, 6, -0.449884
59, 6, 7, -0.452757
59, 6, 8, -0.412949
59, 6, 9, -0.378974
59, 6, 10, -0.399217
59, 6, 11, -0.365047
59, 6, 12, -0.209693
59, 6, 13, 0.126499
59, 6, 14, 0.584273
59, 6, 15, 1.168070
59, 6, 16, 1.879629
59, 6, 17, 100.000000
59, 6, 18, 100.000000
59, 6, 19, 100.000000
59, 6, 20, 100.000000
59, 6, 21, 100.000000
59, 6, 22, 100.000000
59, 6, 23, 100.000000
59, 6, 24, 100.000000
59, 6, 25, 100.000000
59, 6, 26, 100.000000
59, 6, 27, 100.000000
59, 6, 28, 100.000000
59, 6, 29, 100.000000
59, 6, 30, 100.000000
59, 6, 31, 100.000000
59, 6, 32, 100.000000
59, 6, 33, 100.000000
59, 6, 34, 100.000000
59, 7, 0, 0.427132
59, 7, 1, -0.139420
59, 7, 2, -0.459692
59, 7, 3, -0.449568
59, 7, 4, -0.446749
59, 7, 5, -0.461540
59, 7, 6, -0.451839
59, 7, 7, -0.425132
59, 7, 8, -0.387992
59, 7, 9, -0.382991
59, 7, 10, -0.402379
59, 7, 11, -0.360323
59, 7, 12, -0.210677
59, 7, 13, 0.131284
59, 7, 14, 0.596279
59, 7, 15, 1.134390
59, 7, 16, 1.851975
59, 7, 17, 100.000000
59, 7, 18, 100.000000
59, 7, 19, 100.000000
59, 7, 20, 100.000000
59, 7, 21, 100.000000
59, 7, 22, 100.000000
59, 7, 23, 100.000000
59, 7, 24, 100.000000
59, 7, 25, 100.000000
59, 7, 26, 100.000000
59, 7, 27, 100.000000
59, 7, 28, 100.000000
59, 7, 29, 100.000000
59, 7, 30, 100.000000
59, 7, 31, 100.000000
59, 7, 32, 100.000000
59, 7, 33, 100.000000
59, 7, 34, 100.000000
59, 8, 0, 0.397420
59, 8, 1, -0.149139
59, 8, 2, -0.444812
59, 8, 3, -0.458279
59, 8, 4, -0.452740
59, 8, 5, -0.458766
59, 8, 6, -0.468509
59, 8, 7, -0.443535
59, 8, 8, -0.380029
59, 8, 9, -0.387022
59, 8, 10, -0.409534
59, 8, 11, -0.350483
59, 8, 12, -0.216564
59, 8, 13, 0.134111
59, 8, 14, 0.646652
59, 8, 15, 1.210082
59, 8, 16, 1.898903
59, 8, 17, 100.000000
59, 8, 18, 100.000000
59, 8, 19, 100.000000
59, 8, 20, 100.000000
59, 8, 21, 100.000000
59, 8, 22, 100.000000
59, 8, 23, 100.000000
59, 8, 24, 100.000000
59, 8, 25, 100.000000
59, 8, 26, 100.000000
59, 8, 27, 100.000000
59, 8, 28, 100.000000
59, 8, 29, 100.000000
59, 8, 30, 100.000000
59, 8, 31, 100.000000
59, 8, 32, 100.000000
59, 8, 33, 100.000000
59, 8, 34, 100.000000
59, 9, 0, 0.365317
59, 9, 1, -0.174751
59, 9, 2, -0.472876
59, 9, 3, -0.474933
59, 9, 4, -0.453520
59, 9, 5, -0.472686
59, 9, 6, -0.469389
59, 9, 7, -0.451264
59, 9, 8, -0.408967
59, 9, 9, -0.391899
59, 9, 10, -0.385745
59, 9, 11, -0.326993
59, 9, 12, -0.219579
59, 9, 13, 0.109625
59, 9, 14, 0.645226
59, 9, 15, 1.223105
59, 9, 16, 1.947622
59, 9, 17, 100.000000
59, 9, 18, 100.000000
59, 9, 19, 100.000000
59, 9, 20, 100.000000
59, 9, 21, 100.000000
59, 9, 22, 100.000000
59, 9, 23, 100.000000
59, 9, 24, 100.000000
59, 9, 25, 100.000000
59, 9, 26, 100.000000
59, 9, 27, 100.000000
59, 9, 28, 100.000000
59, 9, 29, 100.000000
59, 9, 30, 100.000000
59, 9, 31, 100.000000
59, 9, 32, 100.000000
59, 9, 33, 100.000000
59, 9, 34, 100.000000
59, 10, 0, 0.373176
59, 10, 1, -0.161737
59, 10, 2, -0.451463
59, 10, 3, -0.446747
59, 10, 4, -0.450060
59, 10, 5, -0.482895
59, 10, 6, -0.448530
59, 10, 7, -0.454759
59, 10, 8, -0.438434
59, 10, 9, -0.416125
59, 10, 10, -0.388987
59, 10, 11, -0.328757
59, 10, 12, -0.224126
59, 10, 13, 0.091134
59, 10, 14, 0.605622
59, 10, 15, 1.127057
59, 10, 16, 1.835467
59, 10, 17, 100.000000
59, 10, 18, 100.000000
59, 10, 19, 100.000000
59, 10, 20, 100.000000
59, 10, 21, 100.000000
59, 10, 22, 100.000000
59, 10, 23, 100.000000
59, 10, 24, 100.000000
59, 10, 25, 100.000000
59, 10, 26, 100.000000
59, 10, 27, 100.000000
59, 10, 28, 100.000000
59, 10, 29, 100.000000
59, 10, 30, 100.000000
59, 10, 31, 100.000000
59, 10, 32, 100.000000
59, 10, 33, 100.000000
59, 10, 34, 100.000000
59, 11, 0, 0.383563
59, 11, 1, -0.159141
59, 11, 2, -0.427582
59, 11, 3, -0.415022
59, 11, 4, -0.427827
59, 11, 5, -0.434345
59, 11, 6, -0.426718
59, 11, 7, -0.461161
59, 11, 8, -0.457382
59, 11, 9, -0.420946
59, 11, 10, -0.388900
59, 11, 11, -0.341467
59, 11, 12, -0.232029
59, 11, 13, 0.079468
59, 11, 14, 0.582255
59, 11, 15, 1.158348
59, 11, 16, 1.782795
59, 11, 17, 100.000000
59, 11, 18, 100.000000
59, 11, 19, 100.000000
59, 11, 20, 100.000000
59, 11, 21, 100.000000
59, 11, 22, 100.000000
59, 11, 23, 100.000000
59, 11, 24, 100.000000
59, 11, 25, 100.000000
59, 11, 26, 100.000000
59, 11, 27, 100.000000
59, 11, 28, 100.000000
59, 11, 29, 100.000000
59, 11, 30, 100.000000
59, 11, 31, 100.000000
59, 11, 32, 100.000000
59, 11, 33, 100.000000
59, 11, 34, 100.000000
59, 12, 0, 0.356895
59, 12, 1, -0.180562
59, 12, 2, -0.434186
59, 12, 3, -0.426945
59, 12, 4, -0.428100
59, 12, 5, -0.472831
59, 12, 6, -0.454021
59, 12, 7, -0.455117
59, 12, 8, -0.455550
59, 12, 9, -0.426387
59, 12, 10, -0.405789
59, 12, 11, -0.351348
59, 12, 12, -0.212069
59, 12, 13, 0.110113
59, 12, 14, 0.606248
59, 12, 15, 1.166485
59, 12, 16, 1.802694
59, 12, 17, 100.000000
59, 12, 18, 100.000000
59, 12, 19, 100.000000
59, 12, 20, 100.000000
59, 12, 21, 100.000000
59, 12, 22, 100.000000
59, 12, 23, 100.000000
59, 12, 24, 100.000000
59, 12, 25, 100.000000
59, 12, 26, 100.000000
59, 12, 27, 100.000000
59, 12, 28, 100.000000
59, 12, 29, 100.000000
59, 12, 30, 100.000000
59, 12, 31, 100.000000
59, 12, 32, 100.000000
59, 12, 33, 100.000000
59, 12, 34, 100.000000
59, 13, 0, 0.347127
59, 13, 1, -0.183421
59, 13, 2, -0.462942
59, 13, 3, -0.442758
59, 13, 4, -0.443696
59, 13, 5, -0.466369
59, 13, 6, -0.474279
59, 13, 7, -0.464424
59, 13, 8, -0.457380
59, 13, 9, -0.429604
59, 13, 10, -0.410641
59, 13, 11, -0.348334
59, 13, 12, -0.181343
59, 13, 13, 0.158104
59, 13, 14, 0.631720
59, 13, 15, 1.090798
59, 13, 16, 1.741917
59, 13, 17, 100.000000
59, 13, 18, 100.000000
59, 13, 19, 100.000000
59, 13, 20, 100.000000
59, 13, 21, 100.000000
59, 13, 22, 100.000000
59, 13, 23, 100.000000
59, 13, 24, 100.000000
59, 13, 25, 100.000000
59, 13, 26, 100.000000
59, 13, 27, 100.000000
59, 13, 28, 100.000000
59, 13, 29, 100.000000
59, 13, 30, 100.000000
59, 13, 31, 100.000000
59, 13, 32, 100.000000
59, 13, 33, 100.000000
59, 13, 34, 100.000000
59, 14, 0, 0.372994
59, 14, 1, -0.179578
59, 14, 2, -0.456198
59, 14, 3, -0.438426
59, 14, 4, -0.478338
59, 14, 5, -0.476033
59, 14, 6, -0.478421
59, 14, 7, -0.482363
59, 14, 8, -0.484369
59, 14, 9, -0.450690
59, 14, 10, -0.388064
59, 14, 11, -0.327249
59, 14, 12, -0.162704
59, 14, 13, 0.185427
59, 14, 14, 0.655437
59, 14, 15, 1.113868
59, 14, 16, 1.781208
59, 14, 17, 100.000000
59, 14, 18, 100.000000
59, 14, 19, 100.000000
59, 14, 20, 100.000000
59, 14, 21, 100.000000
59, 14, 22, 100.000000
59, 14, 23, 100.000000
59, 14, 24, 100.000000
59, 14, 25, 100.000000
59, 14, 26, 100.000000
59, 14, 27, 100.000000
59, 14, 28, 100.000000
59, 14, 29, 100.000000
59, 14, 30, 100.000000
59, 14, 31, 100.000000
59, 14, 32, 100.000000
59, 14, 33, 100.000000
59, 14, 34, 100.000000
59, 15, 0, 0.390765
59, 15, 1, -0.181091
59, 15, 2, -0.457874
59, 15, 3, -0.464685
59, 15, 4, -0.470961
59, 15, 5, -0.460363
59, 15, 6, -0.450296
59, 15, 7, -0.469935
59, 15, 8, -0.454533
59, 15, 9, -0.468637
59, 15, 10, -0.390457
59, 15, 11, -0.311098
59, 15, 12, -0.144087
59, 15, 13, 0.228947
59, 15, 14, 0.698276
59, 15, 15, 1.222476
59, 15, 16, 2.039618
59, 15, 17, 100.000000
59, 15, 18, 100.000000
59, 15, 19, 100.000000
59, 15, 20, 100.000000
59, 15, 21, 100.000000
59, 15, 22, 100.000000
59, 15, 23, 100.000000
59, 15, 24, 100.000000
59, 15, 25, 100.000000
59, 15, 26, 100.000000
59, 15, 27, 100.000000
59, 15, 28, 100.000000
59, 15, 29, 100.000000
59, 15, 30, 100.000000
59, 15, 31, 100.000000
59, 15, 32, 100.000000
59, 15, 33, 100.000000
59, 15, 34, 100.000000
59, 16, 0, 0.407415
59, 16, 1, -0.178415
59, 16, 2, -0.473449
59, 16, 3, -0.459468
59, 16, 4, -0.464421
59, 16, 5, -0.466726
59, 16, 6, -0.459194
59, 16, 7, -0.464183
59, 16, 8, -0.467274
59, 16, 9, -0.462866
59, 16, 10, -0.438517
59, 16, 11, -0.312535
59, 16, 12, -0.110498
59, 16, 13, 0.222949
59, 16, 14, 0.661974
59, 16, 15, 1.290508
59, 16, 16, 2.167084
59, 16, 17, 100.000000
59, 16, 18, 100.000000
59, 16, 19, 100.000000
59, 16, 20, 100.000000
59, 16, 21, 100.000000
59, 16, 22, 100.000000
59, 16, 23, 100.000000
59, 16, 24, 100.000000
59, 16, 25, 100.000000
59, 16, 26, 100.000000
59, 16, 27, 100.000000
59, 16, 28, 100.000000
59, 16, 29, 100.000000
59, 16, 30, 100.000000
59, 16, 31, 100.000000
59, 16, 32, 100.000000
59, 16, 33, 100.000000
59, 16, 34, 100.000000
59, 17, 0, 0.401263
59, 17, 1, -0.178557
59, 17, 2, -0.474089
59, 17, 3, -0.448339
59, 17, 4, -0.451804
59, 17, 5, -0.449587
59, 17, 6, -0.473953
59, 17, 7, -0.448197
59, 17, 8, -0.463122
59, 17, 9, -0.465683
59, 17, 10, -0.462746
59, 17, 11, -0.305676
59, 17, 12, -0.102856
59, 17, 13, 0.141630
59, 17, 14, 0.545626
59, 17, 15, 1.192561
59, 17, 16, 2.035904
59, 17, 17, 100.000000
59, 17, 18, 100.000000
59, 17, 19, 100.000000
59, 17, 20, 100.000000
59, 17, 21, 100.000000
59, 17, 22, 100.000000
59, 17, 23, 100.000000
59, 17, 24, 100.000000
59, 17, 25, 100.000000
59, 17, 26, 100.000000
59, 17, 27, 100.000000
59, 17, 28, 100.000000
59, 17, 29, 100.000000
59, 17, 30, 100.000000
59, 17, 31, 100.000000
59, 17, 32, 100.000000
59, 17, 33, 100.000000
59, 17, 34, 100.000000
59, 18, 0, 0.373283
59, 18, 1, -0.191203
59, 18, 2, -0.465793
59, 18, 3, -0.445376
59, 18, 4, -0.454750
59, 18, 5, -0.451478
59, 18, 6, -0.429568
59, 18, 7, -0.461666
59, 18, 8, -0.433770
59, 18, 9, -0.455249
59, 18, 10, -0.434496
59, 18, 11, -0.315419
59, 18, 12, -0.126667
59, 18, 13, 0.104597
59, 18, 14, 0.508157
59, 18, 15, 1.133375
59, 18, 16, 1.937033
59, 18, 17, 100.000000
59, 18, 18, 100.000000
59, 18, 19, 100.000000
59, 18, 20, 100.000000
59, 18, 21, 100.000000
59, 18, 22, 100.000000
59, 18, 23, 100.000000
59, 18, 24, 100.000000
59, 18, 25, 100.000000
59, 18, 26, 100.000000
59, 18, 27, 100.000000
59, 18, 28, 100.000000
59, 18, 29, 100.000000
59, 18, 30, 100.000000
59, 18, 31, 100.000000
59, 18, 32, 100.000000
59, 18, 33, 100.000000
59, 18, 34, 100.000000
59, 19, 0, 0.349227
59, 19, 1, -0.204758
59, 19, 2, -0.458728
59, 19, 3, -0.460811
59, 19, 4, -0.460198
59, 19, 5, -0.446504
59, 19, 6, -0.458106
59, 19, 7, -0.453626
59, 19, 8, -0.397586
59, 19, 9, -0.416718
59, 19, 10, -0.392235
59, 19, 11, -0.342324
59, 19, 12, -0.177088
59, 19, 13, 0.122711
59, 19, 14, 0.580189
59, 19, 15, 1.149834
59, 19, 16, 1.952838
59, 19, 17, 100.000000
59, 19, 18, 100.000000
59, 19, 19, 100.000000
59, 19, 20, 100.000000
59, 19, 21, 100.000000
59, 19, 22, 100.000000
59, 19, 23, 100.000000
59, 19, 24, 100.000000
59, 19, 25, 100.000000
59, 19, 26, 100.000000
59, 19, 27, 100.000000
59, 19, 28, 100.000000
59, 19, 29, 100.000000
59, 19, 30, 100.000000
59, 19, 31, 100.000000
59, 19, 32, 100.000000
59, 19, 33, 100.000000
59, 19, 34, 100.000000
59, 20, 0, 0.353165
59, 20, 1, -0.200352
59, 20, 2, -0.458997
59, 20, 3, -0.462752
59, 20, 4, -0.476126
59, 20, 5, -0.488470
59, 20, 6, -0.482332
59, 20, 7, -0.456587
59, 20, 8, -0.405686
59, 20, 9, -0.421833
59, 20, 10, -0.447523
59, 20, 11, -0.399771
59, 20, 12, -0.225356
59, 20, 13, 0.112876
59, 20, 14, 0.576867
59, 20, 15, 1.151676
59, 20, 16, 1.894221
59, 20, 17, 100.000000
59, 20, 18, 100.000000
59, 20, 19, 100.000000
59, 20, 20, 100.000000
59, 20, 21, 100.000000
59, 20, 22, 100.000000
59, 20, 23, 100.000000
59, 20, 24, 100.000000
59, 20, 25, 100.000000
59, 20, 26, 100.000000
59, 20, 27, 100.000000
59, 20, 28, 100.000000
59, 20, 29, 100.000000
59, 20, 30, 100.000000
59, 20, 31, 100.000000
59, 20, 32, 100.000000
59, 20, 33, 100.000000
59, 20, 34, 100.000000
59, 21, 0, 0.360012
59, 21, 1, -0.197823
59, 21, 2, -0.459925
59, 21, 3, -0.444263
59, 21, 4, -0.459289
59, 21, 5, -0.482646
59, 21, 6, -0.470484
59, 21, 7, -0.456338
59, 21, 8, -0.431483
59, 21, 9, -0.412312
59, 21, 10, -0.423773
59, 21, 11, -0.383305
59, 21, 12, -0.233059
59, 21, 13, 0.076726
59, 21, 14, 0.504954
59, 21, 15, 1.122902
59, 21, 16, 1.890761
59, 21, 17, 100.000000
59, 21, 18, 100.000000
59, 21, 19, 100.000000
59, 21, 20, 100.000000
59, 21, 21, 100.000000
59, 21, 22, 100.000000
59, 21, 23, 100.000000
59, 21, 24, 100.000000
59, 21, 25, 100.000000
59, 21, 26, 100.000000
59, 21, 27, 100.000000
59, 21, 28, 100.000000
59, 21, 29, 100.000000
59, 21, 30, 100.000000
59, 21, 31, 100.000000
59, 21, 32, 100.000000
59, 21, 33, 100.000000
59, 21, 34, 100.000000
59, 22, 0, 0.373370
59, 22, 1, -0.197447
59, 22, 2, -0.455535
59, 22, 3, -0.437849
59, 22, 4, -0.450068
59, 22, 5, -0.461623
59, 22, 6, -0.461517
59, 22, 7, -0.442748
59, 22, 8, -0.453999
59, 22, 9, -0.438469
59, 22, 10, -0.390762
59, 22, 11, -0.327958
59, 22, 12, -0.201319
59, 22, 13, 0.094851
59, 22, 14, 0.535289
59, 22, 15, 1.141791
59, 22, 16, 2.005007
59, 22, 17, 100.000000
59, 22, 18, 100.000000
59, 22, 19, 100.000000
59, 22, 20, 100.000000
59, 22, 21, 100.000000
59, 22, 22, 100.000000
59, 22, 23, 100.000000
59, 22, 24, 100.000000
59, 22, 25, 100.000000
59, 22, 26, 100.000000
59, 22, 27, 100.000000
59, 22, 28, 100.000000
59, 22, 29, 100.000000
59, 22, 30, 100.000000
59, 22, 31, 100.000000
59, 22, 32, 100.000000
59, 22, 33, 100.000000
59, 22, 34, 100.000000
59, 23, 0, 0.385158
59, 23, 1, -0.187335
59, 23, 2, -0.458030
59, 23, 3, -0.420478
59, 23, 4, -0.430784
59, 23, 5, -0.432591
59, 23, 6, -0.446957
59, 23, 7, -0.454594
59, 23, 8, -0.480719
59, 23, 9, -0.460655
59, 23, 10, -0.405452
59, 23, 11, -0.307384
59, 23, 12, -0.184284
59, 23, 13, 0.127120
59, 23, 14, 0.629019
59, 23, 15, 1.221592
59, 23, 16, 1.967534
59, 23, 17, 100.000000
59, 23, 18, 100.000000
59, 23, 19, 100.000000
59, 23, 20, 100.000000
59, 23, 21, 100.000000
59, 23, 22, 100.000000
59, 23, 23, 100.000000
59, 23, 24, 100.000000
59, 23, 25, 100.000000
59, 23, 26, 100.000000
59, 23, 27, 100.000000
59, 23, 28, 100.000000
59, 23, 29, 100.000000
59, 23, 30, 100.000000
59, 23, 31, 100.000000
59, 23, 32, 100.000000
59, 23, 33, 100.000000
59, 23, 34, 100.000000
59, 24, 0, 0.389307
59, 24, 1, -0.174340
59, 24, 2, -0.452337
59, 24, 3, -0.395837
59, 24, 4, -0.422250
59, 24, 5, -0.414422
59, 24, 6, -0.435425
59, 24, 7, -0.439589
59, 24, 8, -0.449253
59, 24, 9, -0.432807
59, 24, 10, -0.400957
59, 24, 11, -0.325551
59, 24, 12, -0.186347
59, 24, 13, 0.126257
59, 24, 14, 0.658167
59, 24, 15, 1.236736
59, 24, 16, 2.009248
59, 24, 17, 100.000000
59, 24, 18, 100.000000
59, 24, 19, 100.000000
59, 24, 20, 100.000000
59, 24, 21, 100.000000
59, 24, 22, 100.000000
59, 24, 23, 100.000000
59, 24, 24, 100.000000
59, 24, 25, 100.000000
59, 24, 26, 100.000000
59, 24, 27, 100.000000
59, 24, 28, 100.000000
59, 24, 29, 100.000000
59, 24, 30, 100.000000
59, 24, 31, 100.000000
59, 24, 32, 100.000000
59, 24, 33, 100.000000
59, 24, 34, 100.000000
59, 25, 0, 0.377397
59, 25, 1, -0.185500
59, 25, 2, -0.462543
59, 25, 3, -0.405777
59, 25, 4, -0.427548
59, 25, 5, -0.416060
59, 25, 6, -0.437906
59, 25, 7, -0.438752
59, 25, 8, -0.439181
59, 25, 9, -0.412073
59, 25, 10, -0.393887
59, 25, 11, -0.349769
59, 25, 12, -0.212169
59, 25, 13, 0.088794
59, 25, 14, 0.589924
59, 25, 15, 1.234156
59, 25, 16, 2.073015
59, 25, 17, 100.000000
59, 25, 18, 100.000000
59, 25, 19, 100.000000
59, 25, 20, 100.000000
59, 25, 21, 100.000000
59, 25, 22, 100.000000
59, 25, 23, 100.000000
59, 25, 24, 100.000000
59, 25, 25, 100.000000
59, 25, 26, 100.000000
59, 25, 27, 100.000000
59, 25, 28, 100.000000
59, 25, 29, 100.000000
59, 25, 30, 100.000000
59, 25, 31, 100.000000
59, 25, 32, 100.000000
59, 25, 33, 100.000000
59, 25, 34, 100.000000
59, 26, 0, 0.372027
59, 26, 1, -0.193981
59, 26, 2, -0.473177
59, 26, 3, -0.423950
59, 26, 4, -0.412640
59, 26, 5, -0.426578
59, 26, 6, -0.461801
59, 26, 7, -0.470316
59, 26, 8, -0.474932
59, 26, 9, -0.467450
59, 26, 10, -0.438930
59, 26, 11, -0.369154
59, 26, 12, -0.259707
59, 26, 13, 0.019108
59, 26, 14, 0.505532
59, 26, 15, 1.194845
59, 26, 16, 1.871763
59, 26, 17, 100.000000
59, 26, 18, 100.000000
59, 26, 19, 100.000000
59, 26, 20, 100.000000
59, 26, 21, 100.000000
59, 26, 22, 100.000000
59, 26, 23, 100.000000
59, 26, 24, 100.000000
59, 26, 25, 100.000000
59, 26, 26, 100.000000
59, 26, 27, 100.000000
59, 26, 28, 100.000000
59, 26, 29, 100.000000
59, 26, 30, 100.000000
59, 26, 31, 100.000000
59, 26, 32, 100.000000
59, 26, 33, 100.000000
59, 26, 34, 100.000000
59, 27, 0, 0.378768
59, 27, 1, -0.185210
59, 27, 2, -0.453223
59, 27, 3, -0.414584
59, 27, 4, -0.399855
59, 27, 5, -0.409892
59, 27, 6, -0.431196
59, 27, 7, -0.434206
59, 27, 8, -0.452554
59, 27, 9, -0.447182
59, 27, 10, -0.407055
59, 27, 11, -0.340168
59, 27, 12, -0.265947
59, 27, 13, -0.021221
59, 27, 14, 0.473728
59, 27, 15, 1.145896
59, 27, 16, 1.848139
59, 27, 17, 100.000000
59, 27, 18, 100.000000
59, 27, 19, 100.000000
59, 27, 20, 100.000000
59, 27, 21, 100.000000
59, 27, 22, 100.000000
59, 27, 23, 100.000000
59, 27, 24, 100.000000
59, 27, 25, 100.000000
59, 27, 26, 100.000000
59, 27, 27, 100.000000
59, 27, 28, 100.000000
59, 27, 29, 100.000000
59, 27, 30, 100.000000
59, 27, 31, 100.000000
59, 27, 32, 100.000000
59, 27, 33, 100.000000
59, 27, 34, 100.000000
59, 28, 0, 0.381085
59, 28, 1, -0.154542
59, 28, 2, -0.458698
59, 28, 3, -0.457480
59, 28, 4, -0.428781
59, 28, 5, -0.433479
59, 28, 6, -0.445516
59, 28, 7, -0.436879
59, 28, 8, -0.436376
59, 28, 9, -0.433133
59, 28, 10, -0.365659
59, 28, 11, -0.264288
59, 28, 12, -0.221232
59, 28, 13, 0.009534
59, 28, 14, 0.514812
59, 28, 15, 1.150941
59, 28, 16, 1.859428
59, 28, 17, 100.000000
59, 28, 18, 100.000000
59, 28, 19, 100.000000
59, 28, 20, 100.000000
59, 28, 21, 100.000000
59, 28, 22, 100.000000
59, 28, 23, 100.000000
59, 28, 24, 100.000000
59, 28, 25, 100.000000
59, 28, 26, 100.000000
59, 28, 27, 100.000000
59, 28, 28, 100.000000
59, 28, 29, 100.000000
59, 28, 30, 100.000000
59, 28, 31, 100.000000
59, 28, 32, 100.000000
59, 28, 33, 100.000000
59, 28, 34, 100.000000
59, 29, 0, 0.426462
59, 29, 1, -0.004253
59, 29, 2, -0.167417
59, 29, 3, -0.198636
59, 29, 4, -0.214290
59, 29, 5, -0.208138
59, 29, 6, -0.196525
59, 29, 7, -0.182593
59, 29, 8, -0.167753
59, 29, 9, -0.132277
59, 29, 10, -0.079680
59, 29, 11, -0.046961
59, 29, 12, -0.065777
59, 29, 13, 0.130519
59, 29, 14, 0.588977
59, 29, 15, 1.159882
59, 29, 16, 1.817862
59, 29, 17, 100.000000
59, 29, 18, 100.000000
59, 29, 19, 100.000000
59, 29, 20, 100.000000
59, 29, 21, 100.000000
59, 29, 22, 100.000000
59, 29, 23, 100.000000
59, 29, 24, 100.000000
59, 29, 25, 100.000000
59, 29, 26, 100.000000
59, 29, 27, 100.000000
59, 29, 28, 100.000000
59, 29, 29, 100.000000
59, 29, 30, 100.000000
59, 29, 31, 100.000000
59, 29, 32, 100.000000
59, 29, 33, 100.000000
59, 29, 34, 100.000000
60, 0, 0, 0.693695
60, 0, 1, 0.406398
60, 0, 2, 0.376115
60, 0, 3, 0.405444
60, 0, 4, 0.424847
60, 0, 5, 0.422516
60, 0, 6, 0.406719
60, 0, 7, 0.407240
60, 0, 8, 0.421384
60, 0, 9, 0.416691
60, 0, 10, 0.414730
60, 0, 11, 0.447447
60, 0, 12, 0.495153
60, 0, 13, 0.638724
60, 0, 14, 0.969831
60, 0, 15, 1.513096
60, 0, 16, 2.283137
60, 0, 17, 100.000000
60, 0, 18, 100.000000
60, 0, 19, 100.000000
60, 0, 20, 100.000000
60, 0, 21, 100.000000
60, 0, 22, 100.000000
60, 0, 23, 100.000000
60, 0, 24, 100.000000
60, 0, 25, 100.000000
60, 0, 26, 100.000000
60, 0, 27, 100.000000
60, 0, 28, 100.000000
60, 0, 29, 100.000000
60, 0, 30, 100.000000
60, 0, 31, 100.000000
60, 0, 32, 100.000000
60, 0, 33, 100.000000
60, 0, 34, 100.000000
60, 1, 0, 0.428280
60, 1, 1, -0.025346
60, 1, 2, -0.123888
60, 1, 3, -0.097652
60, 1, 4, -0.085731
60, 1, 5, -0.097673
60, 1, 6, -0.121124
60, 1, 7, -0.121550
60, 1, 8, -0.116689
60, 1, 9, -0.125513
60, 1, 10, -0.130327
60, 1, 11, -0.089864
60, 1, 12, 0.016672
60, 1, 13, 0.286477
60, 1, 14, 0.706752
60, 1, 15, 1.246569
60, 1, 16, 1.976089
60, 1, 17, 100.000000
60, 1, 18, 100.000000
60, 1, 19, 100.000000
60, 1, 20, 100.000000
60, 1, 21, 100.000000
60, 1, 22, 100.000000
60, 1, 23, 100.000000
60, 1, 24, 100.000000
60, 1, 25, 100.000000
60, 1, 26, 100.000000
60, 1, 27, 100.000000
60, 1, 28, 100.000000
60, 1, 29, 100.000000
60, 1, 30, 100.000000
60, 1, 31, 100.000000
60, 1, 32, 100.000000
60, 1, 33, 100.000000
60, 1, 34, 100.000000
60, 2, 0, 0.380311
60, 2, 1, -0.143430
60, 2, 2, -0.374519
60, 2, 3, -0.389048
60, 2, 4, -0.379260
60, 2, 5, -0.367406
60, 2, 6, -0.391823
60, 2, 7, -0.413213
60, 2, 8, -0.406990
60, 2, 9, -0.398578
60, 2, 10, -0.380227
60, 2, 11, -0.325499
60, 2, 12, -0.173028
60, 2, 13, 0.128879
60, 2, 14, 0.576632
60, 2, 15, 1.099540
60, 2, 16, 1.757422
60, 2, 17, 100.000000
60, 2, 18, 100.000000
60, 2, 19, 100.000000
60, 2, 20, 100.000000
60, 2, 21, 100.000000
60, 2, 22, 100.000000
60, 2, 23, 100.000000
60, 2, 24, 100.000000
60, 2, 25, 100.000000
60, 2, 26, 100.000000
60, 2, 27, 100.000000
60, 2, 28, 100.000000
60, 2, 29, 100.000000
60, 2, 30, 100.000000
60, 2, 31, 100.000000
60, 2, 32, 100.000000
60, 2, 33, 100.000000
60, 2, 34, 100.000000
60, 3, 0, 0.371682
60, 3, 1, -0.143884
60, 3, 2, -0.414841
60, 3, 3, -0.489820
60, 3, 4, -0.462238
60, 3, 5, -0.448795
60, 3, 6, -0.441451
60, 3, 7, -0.431622
60, 3, 8, -0.424094
60, 3, 9, -0.410282
60, 3, 10, -0.388181
60, 3, 11, -0.360169
60, 3, 12, -0.255484
60, 3, 13, 0.042786
60, 3, 14, 0.497901
60, 3, 15, 1.063628
60, 3, 16, 1.673548
60, 3, 17, 100.000000
60, 3, 18, 100.000000
60, 3, 19, 100.000000
60, 3, 20, 100.000000
60, 3, 21, 100.000000
60, 3, 22, 100.000000
60, 3, 23, 100.000000
60, 3, 24, 100.000000
60, 3, 25, 100.000000
60, 3, 26, 100.000000
60, 3, 27, 100.000000
60, 3, 28, 100.000000
60, 3, 29, 100.000000
60, 3, 30, 100.000000
60, 3, 31, 100.000000
60, 3, 32, 100.000000
60, 3, 33, 100.000000
60, 3, 34, 100.000000
60, 4, 0, 0.374994
60, 4, 1, -0.149380
60, 4, 2, -0.447315
60, 4, 3, -0.455350
60, 4, 4, -0.435343
60, 4, 5, -0.451940
60, 4, 6, -0.441323
60, 4, 7, -0.414781
60, 4, 8, -0.414005
60, 4, 9, -0.394829
60, 4, 10, -0.385544
60, 4, 11, -0.375637
60, 4, 12, -0.293338
60, 4, 13, 0.003317
60, 4, 14, 0.472663
60, 4, 15, 1.075972
60, 4, 16, 1.808487
60, 4, 17, 100.000000
60, 4, 18, 100.000000
60, 4, 19, 100.000000
60, 4, 20, 100.000000
60, 4, 21, 100.000000
60, 4, 22, 100.000000
60, 4, 23, 100.000000
60, 4, 24, 100.000000
60, 4, 25, 100.000000
60, 4, 26, 100.000000
60, 4, 27, 100.000000
60, 4, 28, 100.000000
60, 4, 29, 100.000000
60, 4, 30, 100.000000
60, 4, 31, 100.000000
60, 4, 32, 100.000000
60, 4, 33, 100.000000
60, 4, 34, 100.000000
60, 5, 0, 0.389280
60, 5, 1, -0.147667
60, 5, 2, -0.463389
60, 5, 3, -0.430485
60, 5, 4, -0.445143
60, 5, 5, -0.460769
60, 5, 6, -0.434819
60, 5, 7, -0.418005
60, 5, 8, -0.406294
60, 5, 9, -0.378299
60, 5, 10, -0.363881
60, 5, 11, -0.369680
60, 5, 12, -0.287530
60, 5, 13, 0.007230
60, 5, 14, 0.483933
60, 5, 15, 1.098375
60, 5, 16, 1.751365
60, 5, 17, 100.000000
60, 5, 18, 100.000000
60, 5, 19, 100.000000
60, 5, 20, 100.000000
60, 5, 21, 100.000000
60, 5, 22, 100.000000
60, 5, 23, 100.000000
60, 5, 24, 100.000000
60, 5, 25, 100.000000
60, 5, 26, 100.000000
60, 5, 27, 100.000000
60, 5, 28, 100.000000
60, 5, 29, 100.000000
60, 5, 30, 100.000000
60, 5, 31, 100.000000
60, 5, 32, 100.000000
60, 5, 33, 100.000000
60, 5, 34, 100.000000
60, 6, 0, 0.412604
60, 6, 1, -0.138009
60, 6, 2, -0.461038
60, 6, 3, -0.435375
60, 6, 4, -0.472052
60, 6, 5, -0.468724
60, 6, 6, -0.434364
60, 6, 7, -0.419656
60, 6, 8, -0.389004
60, 6, 9, -0.373912
60, 6, 10, -0.389420
60, 6, 11, -0.385309
60, 6, 12, -0.287374
60, 6, 13, 0.008674
60, 6, 14, 0.493798
60, 6, 15, 1.107250
60, 6, 16, 1.739315
60, 6, 17, 100.000000
60, 6, 18, 100.000000
60, 6, 19, 100.000000
60, 6, 20, 100.000000
60, 6, 21, 100.000000
60, 6, 22, 100.000000
60, 6, 23, 100.000000
60, 6, 24, 100.000000
60, 6, 25, 100.000000
60, 6, 26, 100.000000
60, 6, 27, 100.000000
60, 6, 28, 100.000000
60, 6, 29, 100.000000
60, 6, 30, 100.000000
60, 6, 31, 100.000000
60, 6, 32, 100.000000
60, 6, 33, 100.000000
60, 6, 34, 100.000000
60, 7, 0, 0.395547
60, 7, 1, -0.138952
60, 7, 2, -0.458912
60, 7, 3, -0.452137
60, 7, 4, -0.478472
60, 7, 5, -0.494902
60, 7, 6, -0.464102
60, 7, 7, -0.426138
60, 7, 8, -0.361152
60, 7, 9, -0.359225
60, 7, 10, -0.402345
60, 7, 11, -0.382336
60, 7, 12, -0.284288
60, 7, 13, 0.037834
60, 7, 14, 0.544175
60, 7, 15, 1.120347
60, 7, 16, 1.791135
60, 7, 17, 100.000000
60, 7, 18, 100.000000
60, 7, 19, 100.000000
60, 7, 20, 100.000000
60, 7, 21, 100.000000
60, 7, 22, 100.000000
60, 7, 23, 100.000000
60, 7, 24, 100.000000
60, 7, 25, 100.000000
60, 7, 26, 100.000000
60, 7, 27, 100.000000
60, 7, 28, 100.000000
60, 7, 29, 100.000000
60, 7, 30, 100.000000
60, 7, 31, 100.000000
60, 7, 32, 100.000000
60, 7, 33, 100.000000
60, 7, 34, 100.000000
60, 8, 0, 0.363412
60, 8, 1, -0.155947
60, 8, 2, -0.463006
60, 8, 3, -0.460283
60, 8, 4, -0.487224
60, 8, 5, -0.480806
60, 8, 6, -0.480835
60, 8, 7, -0.456543
60, 8, 8, -0.380152
60, 8, 9, -0.372306
60, 8, 10, -0.387421
60, 8, 11, -0.361361
60, 8, 12, -0.271456
60, 8, 13, 0.049390
60, 8, 14, 0.595475
60, 8, 15, 1.206558
60, 8, 16, 1.899993
60, 8, 17, 100.000000
60, 8, 18, 100.000000
60, 8, 19, 100.000000
60, 8, 20, 100.000000
60, 8, 21, 100.000000
60, 8, 22, 100.000000
60, 8, 23, 100.000000
60, 8, 24, 100.000000
60, 8, 25, 100.000000
60, 8, 26, 100.000000
60, 8, 27, 100.000000
60, 8, 28, 100.000000
60, 8, 29, 100.000000
60, 8, 30, 100.000000
60, 8, 31, 100.000000
60, 8, 32, 100.000000
60, 8, 33, 100.000000
60, 8, 34, 100.000000
60, 9, 0, 0.353793
60, 9, 1, -0.170285
60, 9, 2, -0.467939
60, 9, 3, -0.463146
60, 9, 4, -0.476944
60, 9, 5, -0.468386
60, 9, 6, -0.469242
60, 9, 7, -0.451564
60, 9, 8, -0.415791
60, 9, 9, -0.422094
60, 9, 10, -0.401178
60, 9, 11, -0.350698
60, 9, 12, -0.273788
60, 9, 13, 0.016313
60, 9, 14, 0.569097
60, 9, 15, 1.220736
60, 9, 16, 2.040478
60, 9, 17, 100.000000
60, 9, 18, 100.000000
60, 9, 19, 100.000000
60, 9, 20, 100.000000
60, 9, 21, 100.000000
60, 9, 22, 100.000000
60, 9, 23, 100.000000
60, 9, 24, 100.000000
60, 9, 25, 100.000000
60, 9, 26, 100.000000
60, 9, 27, 100.000000
60, 9, 28, 100.000000
60, 9, 29, 100.000000
60, 9, 30, 100.000000
60, 9, 31, 100.000000
60, 9, 32, 100.000000
60, 9, 33, 100.000000
60, 9, 34, 100.000000
60, 10, 0, 0.373496
60, 10, 1, -0.159276
60, 10, 2, -0.468701
60, 10, 3, -0.466667
60, 10, 4, -0.476312
60, 10, 5, -0.472553
60, 10, 6, -0.464481
60, 10, 7, -0.424613
60, 10, 8, -0.430306
60, 10, 9, -0.454859
60, 10, 10, -0.426037
60, 10, 11, -0.355195
60, 10, 12, -0.264771
60, 10, 13, -0.016493
60, 10, 14, 0.486440
60, 10, 15, 1.095943
60, 10, 16, 1.800666
60, 10, 17, 100.000000
60, 10, 18, 100.000000
60, 10, 19, 100.000000
60, 10, 20, 100.000000
60, 10, 21, 100.000000
60, 10, 22, 100.000000
60, 10, 23, 100.000000
60, 10, 24, 100.000000
60, 10, 25, 100.000000
60, 10, 26, 100.000000
60, 10, 27, 100.000000
60, 10, 28, 100.000000
60, 10, 29, 100.000000
60, 10, 30, 100.000000
60, 10, 31, 100.000000
60, 10, 32, 100.000000
60, 10, 33, 100.000000
60, 10, 34, 100.000000
60, 11, 0, 0.377463
60, 11, 1, -0.171442
60, 11, 2, -0.467376
60, 11, 3, -0.460571
60, 11, 4, -0.471197
60, 11, 5, -0.442747
60, 11, 6, -0.447736
60, 11, 7, -0.439320
60, 11, 8, -0.443484
60, 11, 9, -0.451890
60, 11, 10, -0.439104
60, 11, 11, -0.361171
60, 11, 12, -0.259240
60, 11, 13, -0.022138
60, 11, 14, 0.438221
60, 11, 15, 1.041841
60, 11, 16, 1.675811
60, 11, 17, 100.000000
60, 11, 18, 100.000000
60, 11, 19, 100.000000
60, 11, 20, 100.000000
60, 11, 21, 100.000000
60, 11, 22, 100.000000
60, 11, 23, 100.000000
60, 11, 24, 100.000000
60, 11, 25, 100.000000
60, 11, 26, 100.000000
60, 11, 27, 100.000000
60, 11, 28, 100.000000
60, 11, 29, 100.000000
60, 11, 30, 100.000000
60, 11, 31, 100.000000
60, 11, 32, 100.000000
60, 11, 33, 100.000000
60, 11, 34, 100.000000
60, 12, 0, 0.353454
60, 12, 1, -0.184410
60, 12, 2, -0.463385
60, 12, 3, -0.455004
60, 12, 4, -0.456201
60, 12, 5, -0.440540
60, 12, 6, -0.443171
60, 12, 7, -0.456523
60, 12, 8, -0.442937
60, 12, 9, -0.431903
60, 12, 10, -0.443283
60, 12, 11, -0.376427
60, 12, 12, -0.248807
60, 12, 13, -0.002219
60, 12, 14, 0.440991
60, 12, 15, 1.013130
60, 12, 16, 1.665803
60, 12, 17, 100.000000
60, 12, 18, 100.000000
60, 12, 19, 100.000000
60, 12, 20, 100.000000
60, 12, 21, 100.000000
60, 12, 22, 100.000000
60, 12, 23, 100.000000
60, 12, 24, 100.000000
60, 12, 25, 100.000000
60, 12, 26, 100.000000
60, 12, 27, 100.000000
60, 12, 28, 100.000000
60, 12, 29, 100.000000
60, 12, 30, 100.000000
60, 12, 31, 100.000000
60, 12, 32, 100.000000
60, 12, 33, 100.000000
60, 12, 34, 100.000000
60, 13, 0, 0.351744
60, 13, 1, -0.176876
60, 13, 2, -0.476771
60, 13, 3, -0.463678
60, 13, 4, -0.466889
60, 13, 5, -0.460645
60, 13, 6, -0.458043
60, 13, 7, -0.479268
60, 13, 8, -0.477279
60, 13, 9, -0.422409
60, 13, 10, -0.411335
60, 13, 11, -0.376514
60, 13, 12, -0.239804
60, 13, 13, 0.014713
60, 13, 14, 0.453295
60, 13, 15, 0.977076
60, 13, 16, 1.634617
60, 13, 17, 2.424478
60, 13, 18, 100.000000
60, 13, 19, 100.000000
60, 13, 20, 100.000000
60, 13, 21, 100.000000
60, 13, 22, 100.000000
60, 13, 23, 100.000000
60, 13, 24, 100.000000
60, 13, 25, 100.000000
60, 13, 26, 100.000000
60, 13, 27, 100.000000
60, 13, 28, 100.000000
60, 13, 29, 100.000000
60, 13, 30, 100.000000
60, 13, 31, 100.000000
60, 13, 32, 100.000000
60, 13, 33, 100.000000
60, 13, 34, 100.000000
60, 14, 0, 0.370100
60, 14, 1, -0.178866
60, 14, 2, -0.457819
60, 14, 3, -0.450419
60, 14, 4, -0.488415
60, 14, 5, -0.474048
60, 14, 6, -0.470114
60, 14, 7, -0.458690
60, 14, 8, -0.472003
60, 14, 9, -0.432977
60, 14, 10, -0.370331
60, 14, 11, -0.339069
60, 14, 12, -0.222567
60, 14, 13, 0.049913
60, 14, 14, 0.486122
60, 14, 15, 1.013358
60, 14, 16, 1.618153
60, 14, 17, 2.473780
60, 14, 18, 100.000000
60, 14, 19, 100.000000
60, 14, 20, 100.000000
60, 14, 21, 100.000000
60, 14, 22, 100.000000
60, 14, 23, 100.000000
60, 14, 24, 100.000000
60, 14, 25, 100.000000
60, 14, 26, 100.000000
60, 14, 27, 100.000000
60, 14, 28, 100.000000
60, 14, 29, 100.000000
60, 14, 30, 100.000000
60, 14, 31, 100.000000
60, 14, 32, 100.000000
60, 14, 33, 100.000000
60, 14, 34, 100.000000
60, 15, 0, 0.386421
60, 15, 1, -0.195247
60, 15, 2, -0.456262
60, 15, 3, -0.481967
60, 15, 4, -0.464834
60, 15, 5, -0.454528
60, 15, 6, -0.454836
60, 15, 7, -0.477620
60, 15, 8, -0.443330
60, 15, 9, -0.485312
60, 15, 10, -0.372160
60, 15, 11, -0.301310
60, 15, 12, -0.184941
60, 15, 13, 0.099590
60, 15, 14, 0.529968
60, 15, 15, 1.082185
60, 15, 16, 1.796941
60, 15, 17, 100.000000
60, 15, 18, 100.000000
60, 15, 19, 100.000000
60, 15, 20, 100.000000
60, 15, 21, 100.000000
60, 15, 22, 100.000000
60, 15, 23, 100.000000
60, 15, 24, 100.000000
60, 15, 25, 100.000000
60, 15, 26, 100.000000
60, 15, 27, 100.000000
60, 15, 28, 100.000000
60, 15, 29, 100.000000
60, 15, 30, 100.000000
60, 15, 31, 100.000000
60, 15, 32, 100.000000
60, 15, 33, 100.000000
60, 15, 34, 100.000000
60, 16, 0, 0.402887
60, 16, 1, -0.191234
60, 16, 2, -0.448564
60, 16, 3, -0.469373
60, 16, 4, -0.482921
60, 16, 5, -0.460194
60, 16, 6, -0.452926
60, 16, 7, -0.479462
60, 16, 8, -0.451450
60, 16, 9, -0.452605
60, 16, 10, -0.412626
60, 16, 11, -0.282663
60, 16, 12, -0.141117
60, 16, 13, 0.081778
60, 16, 14, 0.494709
60, 16, 15, 1.086600
60, 16, 16, 1.783447
60, 16, 17, 100.000000
60, 16, 18, 100.000000
60, 16, 19, 100.000000
60, 16, 20, 100.000000
60, 16, 21, 100.000000
60, 16, 22, 100.000000
60, 16, 23, 100.000000
60, 16, 24, 100.000000
60, 16, 25, 100.000000
60, 16, 26, 100.000000
60, 16, 27, 100.000000
60, 16, 28, 100.000000
60, 16, 29, 100.000000
60, 16, 30, 100.000000
60, 16, 31, 100.000000
60, 16, 32, 100.000000
60, 16, 33, 100.000000
60, 16, 34, 100.000000
60, 17, 0, 0.401129
60, 17, 1, -0.187995
60, 17, 2, -0.458330
60, 17, 3, -0.444646
60, 17, 4, -0.464719
60, 17, 5, -0.484369
60, 17, 6, -0.466841
60, 17, 7, -0.424764
60, 17, 8, -0.471959
60, 17, 9, -0.446687
60, 17, 10, -0.436657
60, 17, 11, -0.291164
60, 17, 12, -0.148898
60, 17, 13, 0.030346
60, 17, 14, 0.398903
60, 17, 15, 1.013365
60, 17, 16, 1.718498
60, 17, 17, 100.000000
60, 17, 18, 100.000000
60, 17, 19, 100.000000
60, 17, 20, 100.000000
60, 17, 21, 100.000000
60, 17, 22, 100.000000
60, 17, 23, 100.000000
60, 17, 24, 100.000000
60, 17, 25, 100.000000
60, 17, 26, 100.000000
60, 17, 27, 100.000000
60, 17, 28, 100.000000
60, 17, 29, 100.000000
60, 17, 30, 100.000000
60, 17, 31, 100.000000
60, 17, 32, 100.000000
60, 17, 33, 100.000000
60, 17, 34, 100.000000
60, 18, 0, 0.373531
60, 18, 1, -0.200829
60, 18, 2, -0.461097
60, 18, 3, -0.447061
60, 18, 4, -0.478184
60, 18, 5, -0.488623
60, 18, 6, -0.458046
60, 18, 7, -0.446482
60, 18, 8, -0.409041
60, 18, 9, -0.453457
60, 18, 10, -0.434494
60, 18, 11, -0.320402
60, 18, 12, -0.163346
60, 18, 13, 0.033409
60, 18, 14, 0.395282
60, 18, 15, 0.986111
60, 18, 16, 1.813687
60, 18, 17, 100.000000
60, 18, 18, 100.000000
60, 18, 19, 100.000000
60, 18, 20, 100.000000
60, 18, 21, 100.000000
60, 18, 22, 100.000000
60, 18, 23, 100.000000
60, 18, 24, 100.000000
60, 18, 25, 100.000000
60, 18, 26, 100.000000
60, 18, 27, 100.000000
60, 18, 28, 100.000000
60, 18, 29, 100.000000
60, 18, 30, 100.000000
60, 18, 31, 100.000000
60, 18, 32, 100.000000
60, 18, 33, 100.000000
60, 18, 34, 100.000000
60, 19, 0, 0.353252
60, 19, 1, -0.208112
60, 19, 2, -0.466763
60, 19, 3, -0.462682
60, 19, 4, -0.471483
60, 19, 5, -0.468842
60, 19, 6, -0.471986
60, 19, 7, -0.451546
60, 19, 8, -0.395813
60, 19, 9, -0.430979
60, 19, 10, -0.416808
60, 19, 11, -0.363364
60, 19, 12, -0.182313
60, 19, 13, 0.076015
60, 19, 14, 0.475793
60, 19, 15, 1.033901
60, 19, 16, 1.796622
60, 19, 17, 100.000000
60, 19, 18, 100.000000
60, 19, 19, 100.000000
60, 19, 20, 100.000000
60, 19, 21, 100.000000
60, 19, 22, 100.000000
60, 19, 23, 100.000000
60, 19, 24, 100.000000
60, 19, 25, 100.000000
60, 19, 26, 100.000000
60, 19, 27, 100.000000
60, 19, 28, 100.000000
60, 19, 29, 100.000000
60, 19, 30, 100.000000
60, 19, 31, 100.000000
60, 19, 32, 100.000000
60, 19, 33, 100.000000
60, 19, 34, 100.000000
60, 20, 0, 0.371763
60, 20, 1, -0.189625
60, 20, 2, -0.465141
60, 20, 3, -0.453275
60, 20, 4, -0.459007
60, 20, 5, -0.491977
60, 20, 6, -0.481530
60, 20, 7, -0.453112
60, 20, 8, -0.405503
60, 20, 9, -0.417920
60, 20, 10, -0.445899
60, 20, 11, -0.408500
60, 20, 12, -0.217974
60, 20, 13, 0.091476
60, 20, 14, 0.522051
60, 20, 15, 1.061503
60, 20, 16, 1.724535
60, 20, 17, 100.000000
60, 20, 18, 100.000000
60, 20, 19, 100.000000
60, 20, 20, 100.000000
60, 20, 21, 100.000000
60, 20, 22, 100.000000
60, 20, 23, 100.000000
60, 20, 24, 100.000000
60, 20, 25, 100.000000
60, 20, 26, 100.000000
60, 20, 27, 100.000000
60, 20, 28, 100.000000
60, 20, 29, 100.000000
60, 20, 30, 100.000000
60, 20, 31, 100.000000
60, 20, 32, 100.000000
60, 20, 33, 100.000000
60, 20, 34, 100.000000
60, 21, 0, 0.394650
60, 21, 1, -0.181370
60, 21, 2, -0.454534
60, 21, 3, -0.429976
60, 21, 4, -0.448720
60, 21, 5, -0.456681
60, 21, 6, -0.464471
60, 21, 7, -0.432019
60, 21, 8, -0.416219
60, 21, 9, -0.411594
60, 21, 10, -0.419969
60, 21, 11, -0.398882
60, 21, 12, -0.262008
60, 21, 13, 0.050372
60, 21, 14, 0.486850
60, 21, 15, 1.032870
60, 21, 16, 1.761243
60, 21, 17, 100.000000
60, 21, 18, 100.000000
60, 21, 19, 100.000000
60, 21, 20, 100.000000
60, 21, 21, 100.000000
60, 21, 22, 100.000000
60, 21, 23, 100.000000
60, 21, 24, 100.000000
60, 21, 25, 100.000000
60, 21, 26, 100.000000
60, 21, 27, 100.000000
60, 21, 28, 100.000000
60, 21, 29, 100.000000
60, 21, 30, 100.000000
60, 21, 31, 100.000000
60, 21, 32, 100.000000
60, 21, 33, 100.000000
60, 21, 34, 100.000000
60, 22, 0, 0.404091
60, 22, 1, -0.181029
60, 22, 2, -0.448627
60, 22, 3, -0.434750
60, 22, 4, -0.438370
60, 22, 5, -0.450363
60, 22, 6, -0.461206
60, 22, 7, -0.432511
60, 22, 8, -0.455379
60, 22, 9, -0.431282
60, 22, 10, -0.402445
60, 22, 11, -0.383407
60, 22, 12, -0.273856
60, 22, 13, 0.036858
60, 22, 14, 0.496153
60, 22, 15, 1.062678
60, 22, 16, 1.702560
60, 22, 17, 100.000000
60, 22, 18, 100.000000
60, 22, 19, 100.000000
60, 22, 20, 100.000000
60, 22, 21, 100.000000
60, 22, 22, 100.000000
60, 22, 23, 100.000000
60, 22, 24, 100.000000
60, 22, 25, 100.000000
60, 22, 26, 100.000000
60, 22, 27, 100.000000
60, 22, 28, 100.000000
60, 22, 29, 100.000000
60, 22, 30, 100.000000
60, 22, 31, 100.000000
60, 22, 32, 100.000000
60, 22, 33, 100.000000
60, 22, 34, 100.000000
60, 23, 0, 0.401564
60, 23, 1, -0.166663
60, 23, 2, -0.468061
60, 23, 3, -0.432145
60, 23, 4, -0.448447
60, 23, 5, -0.435731
60, 23, 6, -0.432449
60, 23, 7, -0.432925
60, 23, 8, -0.467864
60, 23, 9, -0.481313
60, 23, 10, -0.414181
60, 23, 11, -0.352911
60, 23, 12, -0.239898
60, 23, 13, 0.074205
60, 23, 14, 0.543710
60, 23, 15, 1.143484
60, 23, 16, 1.773241
60, 23, 17, 100.000000
60, 23, 18, 100.000000
60, 23, 19, 100.000000
60, 23, 20, 100.000000
60, 23, 21, 100.000000
60, 23, 22, 100.000000
60, 23, 23, 100.000000
60, 23, 24, 100.000000
60, 23, 25, 100.000000
60, 23, 26, 100.000000
60, 23, 27, 100.000000
60, 23, 28, 100.000000
60, 23, 29, 100.000000
60, 23, 30, 100.000000
60, 23, 31, 100.000000
60, 23, 32, 100.000000
60, 23, 33, 100.000000
60, 23, 34, 100.000000
60, 24, 0, 0.400385
60, 24, 1, -0.152779
60, 24, 2, -0.471625
60, 24, 3, -0.430584
60, 24, 4, -0.468942
60, 24, 5, -0.461355
60, 24, 6, -0.446790
60, 24, 7, -0.447628
60, 24, 8, -0.452022
60, 24, 9, -0.420676
60, 24, 10, -0.376793
60, 24, 11, -0.322430
60, 24, 12, -0.219035
60, 24, 13, 0.062831
60, 24, 14, 0.532805
60, 24, 15, 1.139286
60, 24, 16, 1.843052
60, 24, 17, 100.000000
60, 24, 18, 100.000000
60, 24, 19, 100.000000
60, 24, 20, 100.000000
60, 24, 21, 100.000000
60, 24, 22, 100.000000
60, 24, 23, 100.000000
60, 24, 24, 100.000000
60, 24, 25, 100.000000
60, 24, 26, 100.000000
60, 24, 27, 100.000000
60, 24, 28, 100.000000
60, 24, 29, 100.000000
60, 24, 30, 100.000000
60, 24, 31, 100.000000
60, 24, 32, 100.000000
60, 24, 33, 100.000000
60, 24, 34, 100.000000
60, 25, 0, 0.379688
60, 25, 1, -0.166748
60, 25, 2, -0.471933
60, 25, 3, -0.444196
60, 25, 4, -0.450926
60, 25, 5, -0.463145
60, 25, 6, -0.444021
60, 25, 7, -0.446976
60, 25, 8, -0.443458
60, 25, 9, -0.414995
60, 25, 10, -0.386121
60, 25, 11, -0.366016
60, 25, 12, -0.256579
60, 25, 13, 0.014773
60, 25, 14, 0.486341
60, 25, 15, 1.078494
60, 25, 16, 1.826889
60, 25, 17, 100.000000
60, 25, 18, 100.000000
60, 25, 19, 100.000000
60, 25, 20, 100.000000
60, 25, 21, 100.000000
60, 25, 22, 100.000000
60, 25, 23, 100.000000
60, 25, 24, 100.000000
60, 25, 25, 100.000000
60, 25, 26, 100.000000
60, 25, 27, 100.000000
60, 25, 28, 100.000000
60, 25, 29, 100.000000
60, 25, 30, 100.000000
60, 25, 31, 100.000000
60, 25, 32, 100.000000
60, 25, 33, 100.000000
60, 25, 34, 100.000000
60, 26, 0, 0.364743
60, 26, 1, -0.184583
60, 26, 2, -0.478525
60, 26, 3, -0.454002
60, 26, 4, -0.448437
60, 26, 5, -0.439864
60, 26, 6, -0.437314
60, 26, 7, -0.452985
60, 26, 8, -0.458891
60, 26, 9, -0.449675
60, 26, 10, -0.442559
60, 26, 11, -0.411096
60, 26, 12, -0.294169
60, 26, 13, -0.018593
60, 26, 14, 0.422350
60, 26, 15, 1.056254
60, 26, 16, 1.816553
60, 26, 17, 100.000000
60, 26, 18, 100.000000
60, 26, 19, 100.000000
60, 26, 20, 100.000000
60, 26, 21, 100.000000
60, 26, 22, 100.000000
60, 26, 23, 100.000000
60, 26, 24, 100.000000
60, 26, 25, 100.000000
60, 26, 26, 100.000000
60, 26, 27, 100.000000
60, 26, 28, 100.000000
60, 26, 29, 100.000000
60, 26, 30, 100.000000
60, 26, 31, 100.000000
60, 26, 32, 100.000000
60, 26, 33, 100.000000
60, 26, 34, 100.000000
60, 27, 0, 0.369515
60, 27, 1, -0.179934
60, 27, 2, -0.456674
60, 27, 3, -0.438508
60, 27, 4, -0.441009
60, 27, 5, -0.433068
60, 27, 6, -0.431418
60, 27, 7, -0.429108
60, 27, 8, -0.446361
60, 27, 9, -0.448429
60, 27, 10, -0.440781
60, 27, 11, -0.387009
60, 27, 12, -0.285152
60, 27, 13, -0.043497
60, 27, 14, 0.410535
60, 27, 15, 1.044883
60, 27, 16, 1.827606
60, 27, 17, 100.000000
60, 27, 18, 100.000000
60, 27, 19, 100.000000
60, 27, 20, 100.000000
60, 27, 21, 100.000000
60, 27, 22, 100.000000
60, 27, 23, 100.000000
60, 27, 24, 100.000000
60, 27, 25, 100.000000
60, 27, 26, 100.000000
60, 27, 27, 100.000000
60, 27, 28, 100.000000
60, 27, 29, 100.000000
60, 27, 30, 100.000000
60, 27, 31, 100.000000
60, 27, 32, 100.000000
60, 27, 33, 100.000000
60, 27, 34, 100.000000
60, 28, 0, 0.379216
60, 28, 1, -0.155130
60, 28, 2, -0.449236
60, 28, 3, -0.477638
60, 28, 4, -0.464284
60, 28, 5, -0.451128
60, 28, 6, -0.447738
60, 28, 7, -0.428647
60, 28, 8, -0.425306
60, 28, 9, -0.435980
60, 28, 10, -0.399377
60, 28, 11, -0.319008
60, 28, 12, -0.229767
60, 28, 13, -0.026020
60, 28, 14, 0.425590
60, 28, 15, 1.051845
60, 28, 16, 1.787239
60, 28, 17, 100.000000
60, 28, 18, 100.000000
60, 28, 19, 100.000000
60, 28, 20, 100.000000
60, 28, 21, 100.000000
60, 28, 22, 100.000000
60, 28, 23, 100.000000
60, 28, 24, 100.000000
60, 28, 25, 100.000000
60, 28, 26, 100.000000
60, 28, 27, 100.000000
60, 28, 28, 100.000000
60, 28, 29, 100.000000
60, 28, 30, 100.000000
60, 28, 31, 100.000000
60, 28, 32, 100.000000
60, 28, 33, 100.000000
60, 28, 34, 100.000000
60, 29, 0, 0.412680
60, 29, 1, -0.021950
60, 29, 2, -0.162395
60, 29, 3, -0.190072
60, 29, 4, -0.213224
60, 29, 5, -0.217050
60, 29, 6, -0.212298
60, 29, 7, -0.199478
60, 29, 8, -0.175376
60, 29, 9, -0.131669
60, 29, 10, -0.086769
60, 29, 11, -0.067557
60, 29, 12, -0.050076
60, 29, 13, 0.094701
60, 29, 14, 0.488828
60, 29, 15, 1.054507
60, 29, 16, 1.684459
60, 29, 17, 100.000000
60, 29, 18, 100.000000
60, 29, 19, 100.000000
60, 29, 20, 100.000000
60, 29, 21, 100.000000
60, 29, 22, 100.000000
60, 29, 23, 100.000000
60, 29, 24, 100.000000
60, 29, 25, 100.000000
60, 29, 26, 100.000000
60, 29, 27, 100.000000
60, 29, 28, 100.000000
60, 29, 29, 100.000000
60, 29, 30, 100.000000
60, 29, 31, 100.000000
60, 29, 32, 100.000000
60, 29, 33, 100.000000
60, 29, 34, 100.000000
61, 0, 0, 0.680036
61, 0, 1, 0.409748
61, 0, 2, 0.388887
61, 0, 3, 0.413509
61, 0, 4, 0.424799
61, 0, 5, 0.414306
61, 0, 6, 0.400640
61, 0, 7, 0.409660
61, 0, 8, 0.414260
61, 0, 9, 0.394212
61, 0, 10, 0.385637
61, 0, 11, 0.416125
61, 0, 12, 0.454639
61, 0, 13, 0.608147
61, 0, 14, 0.960158
61, 0, 15, 1.360710
61, 0, 16, 2.011426
61, 0, 17, 100.000000
61, 0, 18, 100.000000
61, 0, 19, 100.000000
61, 0, 20, 100.000000
61, 0, 21, 100.000000
61, 0, 22, 100.000000
61, 0, 23, 100.000000
61, 0, 24, 100.000000
61, 0, 25, 100.000000
61, 0, 26, 100.000000
61, 0, 27, 100.000000
61, 0, 28, 100.000000
61, 0, 29, 100.000000
61, 0, 30, 100.000000
61, 0, 31, 100.000000
61, 0, 32, 100.000000
61, 0, 33, 100.000000
61, 0, 34, 100.000000
61, 1, 0, 0.437106
61, 1, 1, -0.015825
61, 1, 2, -0.108061
61, 1, 3, -0.099952
61, 1, 4, -0.101284
61, 1, 5, -0.121284
61, 1, 6, -0.129408
61, 1, 7, -0.115287
61, 1, 8, -0.109279
61, 1, 9, -0.135161
61, 1, 10, -0.155777
61, 1, 11, -0.130743
61, 1, 12, -0.044608
61, 1, 13, 0.219174
61, 1, 14, 0.669708
61, 1, 15, 1.079896
61, 1, 16, 1.621201
61, 1, 17, 2.454099
61, 1, 18, 100.000000
61, 1, 19, 100.000000
61, 1, 20, 100.000000
61, 1, 21, 100.000000
61, 1, 22, 100.000000
61, 1, 23, 100.000000
61, 1, 24, 100.000000
61, 1, 25, 100.000000
61, 1, 26, 100.000000
61, 1, 27, 100.000000
61, 1, 28, 100.000000
61, 1, 29, 100.000000
61, 1, 30, 100.000000
61, 1, 31, 100.000000
61, 1, 32, 100.000000
61, 1, 33, 100.000000
61, 1, 34, 100.000000
61, 2, 0, 0.399325
61, 2, 1, -0.132758
61, 2, 2, -0.367999
61, 2, 3, -0.376968
61, 2, 4, -0.380976
61, 2, 5, -0.373151
61, 2, 6, -0.383815
61, 2, 7, -0.383408
61, 2, 8, -0.370527
61, 2, 9, -0.380435
61, 2, 10, -0.395449
61, 2, 11, -0.357467
61, 2, 12, -0.256976
61, 2, 13, 0.038556
61, 2, 14, 0.521072
61, 2, 15, 0.974015
61, 2, 16, 1.463325
61, 2, 17, 2.470283
61, 2, 18, 100.000000
61, 2, 19, 100.000000
61, 2, 20, 100.000000
61, 2, 21, 100.000000
61, 2, 22, 100.000000
61, 2, 23, 100.000000
61, 2, 24, 100.000000
61, 2, 25, 100.000000
61, 2, 26, 100.000000
61, 2, 27, 100.000000
61, 2, 28, 100.000000
61, 2, 29, 100.000000
61, 2, 30, 100.000000
61, 2, 31, 100.000000
61, 2, 32, 100.000000
61, 2, 33, 100.000000
61, 2, 34, 100.000000
61, 3, 0, 0.401766
61, 3, 1, -0.138303
61, 3, 2, -0.431348
61, 3, 3, -0.469333
61, 3, 4, -0.452203
61, 3, 5, -0.436071
61, 3, 6, -0.433894
61, 3, 7, -0.423881
61, 3, 8, -0.410509
61, 3, 9, -0.383391
61, 3, 10, -0.366203
61, 3, 11, -0.364277
61, 3, 12, -0.334888
61, 3, 13, -0.065416
61, 3, 14, 0.407213
61, 3, 15, 0.977242
61, 3, 16, 1.615592
61, 3, 17, 100.000000
61, 3, 18, 100.000000
61, 3, 19, 100.000000
61, 3, 20, 100.000000
61, 3, 21, 100.000000
61, 3, 22, 100.000000
61, 3, 23, 100.000000
61, 3, 24, 100.000000
61, 3, 25, 100.000000
61, 3, 26, 100.000000
61, 3, 27, 100.000000
61, 3, 28, 100.000000
61, 3, 29, 100.000000
61, 3, 30, 100.000000
61, 3, 31, 100.000000
61, 3, 32, 100.000000
61, 3, 33, 100.000000
61, 3, 34, 100.000000
61, 4, 0, 0.385484
61, 4, 1, -0.162323
61, 4, 2, -0.457960
61, 4, 3, -0.461371
61, 4, 4, -0.451981
61, 4, 5, -0.470664
61, 4, 6, -0.475261
61, 4, 7, -0.453295
61, 4, 8, -0.452555
61, 4, 9, -0.403833
61, 4, 10, -0.348855
61, 4, 11, -0.350662
61, 4, 12, -0.361921
61, 4, 13, -0.141457
61, 4, 14, 0.341566
61, 4, 15, 0.965291
61, 4, 16, 1.755774
61, 4, 17, 100.000000
61, 4, 18, 100.000000
61, 4, 19, 100.000000
61, 4, 20, 100.000000
61, 4, 21, 100.000000
61, 4, 22, 100.000000
61, 4, 23, 100.000000
61, 4, 24, 100.000000
61, 4, 25, 100.000000
61, 4, 26, 100.000000
61, 4, 27, 100.000000
61, 4, 28, 100.000000
61, 4, 29, 100.000000
61, 4, 30, 100.000000
61, 4, 31, 100.000000
61, 4, 32, 100.000000
61, 4, 33, 100.000000
61, 4, 34, 100.000000
61, 5, 0, 0.368352
61, 5, 1, -0.166766
61, 5, 2, -0.456551
61, 5, 3, -0.454844
61, 5, 4, -0.463557
61, 5, 5, -0.489640
61, 5, 6, -0.469451
61, 5, 7, -0.444780
61, 5, 8, -0.430193
61, 5, 9, -0.389711
61, 5, 10, -0.366716
61, 5, 11, -0.355232
61, 5, 12, -0.342282
61, 5, 13, -0.133856
61, 5, 14, 0.352830
61, 5, 15, 0.994983
61, 5, 16, 1.704854
61, 5, 17, 100.000000
61, 5, 18, 100.000000
61, 5, 19, 100.000000
61, 5, 20, 100.000000
61, 5, 21, 100.000000
61, 5, 22, 100.000000
61, 5, 23, 100.000000
61, 5, 24, 100.000000
61, 5, 25, 100.000000
61, 5, 26, 100.000000
61, 5, 27, 100.000000
61, 5, 28, 100.000000
61, 5, 29, 100.000000
61, 5, 30, 100.000000
61, 5, 31, 100.000000
61, 5, 32, 100.000000
61, 5, 33, 100.000000
61, 5, 34, 100.000000
61, 6, 0, 0.377266
61, 6, 1, -0.149919
61, 6, 2, -0.438340
61, 6, 3, -0.453257
61, 6, 4, -0.462897
61, 6, 5, -0.487565
61, 6, 6, -0.470898
61, 6, 7, -0.437565
61, 6, 8, -0.406075
61, 6, 9, -0.378287
61, 6, 10, -0.372709
61, 6, 11, -0.389193
61, 6, 12, -0.337011
61, 6, 13, -0.072649
61, 6, 14, 0.410740
61, 6, 15, 1.020563
61, 6, 16, 1.684472
61, 6, 17, 100.000000
61, 6, 18, 100.000000
61, 6, 19, 100.000000
61, 6, 20, 100.000000
61, 6, 21, 100.000000
61, 6, 22, 100.000000
61, 6, 23, 100.000000
61, 6, 24, 100.000000
61, 6, 25, 100.000000
61, 6, 26, 100.000000
61, 6, 27, 100.000000
61, 6, 28, 100.000000
61, 6, 29, 100.000000
61, 6, 30, 100.000000
61, 6, 31, 100.000000
61, 6, 32, 100.000000
61, 6, 33, 100.000000
61, 6, 34, 100.000000
61, 7, 0, 0.376577
61, 7, 1, -0.141116
61, 7, 2, -0.435416
61, 7, 3, -0.463140
61, 7, 4, -0.476598
61, 7, 5, -0.481558
61, 7, 6, -0.489734
61, 7, 7, -0.447933
61, 7, 8, -0.375216
61, 7, 9, -0.365871
61, 7, 10, -0.404880
61, 7, 11, -0.397686
61, 7, 12, -0.317035
61, 7, 13, -0.002919
61, 7, 14, 0.488186
61, 7, 15, 1.087958
61, 7, 16, 1.716038
61, 7, 17, 100.000000
61, 7, 18, 100.000000
61, 7, 19, 100.000000
61, 7, 20, 100.000000
61, 7, 21, 100.000000
61, 7, 22, 100.000000
61, 7, 23, 100.000000
61, 7, 24, 100.000000
61, 7, 25, 100.000000
61, 7, 26, 100.000000
61, 7, 27, 100.000000
61, 7, 28, 100.000000
61, 7, 29, 100.000000
61, 7, 30, 100.000000
61, 7, 31, 100.000000
61, 7, 32, 100.000000
61, 7, 33, 100.000000
61, 7, 34, 100.000000
61, 8, 0, 0.362880
61, 8, 1, -0.157004
61, 8, 2, -0.437473
61, 8, 3, -0.473358
61, 8, 4, -0.476242
61, 8, 5, -0.478771
61, 8, 6, -0.493750
61, 8, 7, -0.469956
61, 8, 8, -0.399675
61, 8, 9, -0.389549
61, 8, 10, -0.403869
61, 8, 11, -0.371299
61, 8, 12, -0.276007
61, 8, 13, 0.022617
61, 8, 14, 0.541299
61, 8, 15, 1.126360
61, 8, 16, 1.685003
61, 8, 17, 100.000000
61, 8, 18, 100.000000
61, 8, 19, 100.000000
61, 8, 20, 100.000000
61, 8, 21, 100.000000
61, 8, 22, 100.000000
61, 8, 23, 100.000000
61, 8, 24, 100.000000
61, 8, 25, 100.000000
61, 8, 26, 100.000000
61, 8, 27, 100.000000
61, 8, 28, 100.000000
61, 8, 29, 100.000000
61, 8, 30, 100.000000
61, 8, 31, 100.000000
61, 8, 32, 100.000000
61, 8, 33, 100.000000
61, 8, 34, 100.000000
61, 9, 0, 0.356815
61, 9, 1, -0.158152
61, 9, 2, -0.445517
61, 9, 3, -0.472665
61, 9, 4, -0.473684
61, 9, 5, -0.475772
61, 9, 6, -0.473787
61, 9, 7, -0.454048
61, 9, 8, -0.410331
61, 9, 9, -0.437983
61, 9, 10, -0.424812
61, 9, 11, -0.364523
61, 9, 12, -0.269081
61, 9, 13, -0.000569
61, 9, 14, 0.505041
61, 9, 15, 1.111547
61, 9, 16, 1.703394
61, 9, 17, 2.475837
61, 9, 18, 100.000000
61, 9, 19, 100.000000
61, 9, 20, 100.000000
61, 9, 21, 100.000000
61, 9, 22, 100.000000
61, 9, 23, 100.000000
61, 9, 24, 100.000000
61, 9, 25, 100.000000
61, 9, 26, 100.000000
61, 9, 27, 100.000000
61, 9, 28, 100.000000
61, 9, 29, 100.000000
61, 9, 30, 100.000000
61, 9, 31, 100.000000
61, 9, 32, 100.000000
61, 9, 33, 100.000000
61, 9, 34, 100.000000
61, 10, 0, 0.360799
61, 10, 1, -0.159909
61, 10, 2, -0.455150
61, 10, 3, -0.472204
61, 10, 4, -0.477231
61, 10, 5, -0.490813
61, 10, 6, -0.448234
61, 10, 7, -0.424955
61, 10, 8, -0.427677
61, 10, 9, -0.470242
61, 10, 10, -0.445646
61, 10, 11, -0.369606
61, 10, 12, -0.283783
61, 10, 13, -0.056426
61, 10, 14, 0.418514
61, 10, 15, 1.037066
61, 10, 16, 1.505164
61, 10, 17, 2.389197
61, 10, 18, 100.000000
61, 10, 19, 100.000000
61, 10, 20, 100.000000
61, 10, 21, 100.000000
61, 10, 22, 100.000000
61, 10, 23, 100.000000
61, 10, 24, 100.000000
61, 10, 25, 100.000000
61, 10, 26, 100.000000
61, 10, 27, 100.000000
61, 10, 28, 100.000000
61, 10, 29, 100.000000
61, 10, 30, 100.000000
61, 10, 31, 100.000000
61, 10, 32, 100.000000
61, 10, 33, 100.000000
61, 10, 34, 100.000000
61, 11, 0, 0.358602
61, 11, 1, -0.182654
61, 11, 2, -0.473960
61, 11, 3, -0.477208
61, 11, 4, -0.460326
61, 11, 5, -0.464901
61, 11, 6, -0.457332
61, 11, 7, -0.420729
61, 11, 8, -0.440554
61, 11, 9, -0.451375
61, 11, 10, -0.444794
61, 11, 11, -0.385695
61, 11, 12, -0.295736
61, 11, 13, -0.089915
61, 11, 14, 0.343299
61, 11, 15, 0.948864
61, 11, 16, 1.591266
61, 11, 17, 100.000000
61, 11, 18, 100.000000
61, 11, 19, 100.000000
61, 11, 20, 100.000000
61, 11, 21, 100.000000
61, 11, 22, 100.000000
61, 11, 23, 100.000000
61, 11, 24, 100.000000
61, 11, 25, 100.000000
61, 11, 26, 100.000000
61, 11, 27, 100.000000
61, 11, 28, 100.000000
61, 11, 29, 100.000000
61, 11, 30, 100.000000
61, 11, 31, 100.000000
61, 11, 32, 100.000000
61, 11, 33, 100.000000
61, 11, 34, 100.000000
61, 12, 0, 0.358553
61, 12, 1, -0.186692
61, 12, 2, -0.474224
61, 12, 3, -0.474519
61, 12, 4, -0.481175
61, 12, 5, -0.466053
61, 12, 6, -0.465507
61, 12, 7, -0.450580
61, 12, 8, -0.447006
61, 12, 9, -0.434958
61, 12, 10, -0.447844
61, 12, 11, -0.397255
61, 12, 12, -0.293735
61, 12, 13, -0.099176
61, 12, 14, 0.291985
61, 12, 15, 0.856576
61, 12, 16, 1.509840
61, 12, 17, 2.439414
61, 12, 18, 100.000000
61, 12, 19, 100.000000
61, 12, 20, 100.000000
61, 12, 21, 100.000000
61, 12, 22, 100.000000
61, 12, 23, 100.000000
61, 12, 24, 100.000000
61, 12, 25, 100.000000
61, 12, 26, 100.000000
61, 12, 27, 100.000000
61, 12, 28, 100.000000
61, 12, 29, 100.000000
61, 12, 30, 100.000000
61, 12, 31, 100.000000
61, 12, 32, 100.000000
61, 12, 33, 100.000000
61, 12, 34, 100.000000
61, 13, 0, 0.365305
61, 13, 1, -0.176998
61, 13, 2, -0.452883
61, 13, 3, -0.451433
61, 13, 4, -0.462547
61, 13, 5, -0.458463
61, 13, 6, -0.431719
61, 13, 7, -0.454911
61, 13, 8, -0.493425
61, 13, 9, -0.420080
61, 13, 10, -0.421927
61, 13, 11, -0.383514
61, 13, 12, -0.276575
61, 13, 13, -0.114968
61, 13, 14, 0.238008
61, 13, 15, 0.786583
61, 13, 16, 1.383447
61, 13, 17, 2.120940
61, 13, 18, 100.000000
61, 13, 19, 100.000000
61, 13, 20, 100.000000
61, 13, 21, 100.000000
61, 13, 22, 100.000000
61, 13, 23, 100.000000
61, 13, 24, 100.000000
61, 13, 25, 100.000000
61, 13, 26, 100.000000
61, 13, 27, 100.000000
61, 13, 28, 100.000000
61, 13, 29, 100.000000
61, 13, 30, 100.000000
61, 13, 31, 100.000000
61, 13, 32, 100.000000
61, 13, 33, 100.000000
61, 13, 34, 100.000000
61, 14, 0, 0.366526
61, 14, 1, -0.183586
61, 14, 2, -0.426654
61, 14, 3, -0.435660
61, 14, 4, -0.471963
61, 14, 5, -0.464899
61, 14, 6, -0.458659
61, 14, 7, -0.471220
61, 14, 8, -0.455623
61, 14, 9, -0.437594
61, 14, 10, -0.370886
61, 14, 11, -0.344693
61, 14, 12, -0.283681
61, 14, 13, -0.124802
61, 14, 14, 0.235450
61, 14, 15, 0.763627
61, 14, 16, 1.405202
61, 14, 17, 2.081515
61, 14, 18, 100.000000
61, 14, 19, 100.000000
61, 14, 20, 100.000000
61, 14, 21, 100.000000
61, 14, 22, 100.000000
61, 14, 23, 100.000000
61, 14, 24, 100.000000
61, 14, 25, 100.000000
61, 14, 26, 100.000000
61, 14, 27, 100.000000
61, 14, 28, 100.000000
61, 14, 29, 100.000000
61, 14, 30, 100.000000
61, 14, 31, 100.000000
61, 14, 32, 100.000000
61, 14, 33, 100.000000
61, 14, 34, 100.000000
61, 15, 0, 0.366746
61, 15, 1, -0.207027
61, 15, 2, -0.441578
61, 15, 3, -0.457796
61, 15, 4, -0.460866
61, 15, 5, -0.454589
61, 15, 6, -0.464306
61, 15, 7, -0.483563
61, 15, 8, -0.442377
61, 15, 9, -0.466576
61, 15, 10, -0.352845
61, 15, 11, -0.305929
61, 15, 12, -0.263836
61, 15, 13, -0.084019
61, 15, 14, 0.289997
61, 15, 15, 0.814585
61, 15, 16, 1.487488
61, 15, 17, 2.042198
61, 15, 18, 100.000000
61, 15, 19, 100.000000
61, 15, 20, 100.000000
61, 15, 21, 100.000000
61, 15, 22, 100.000000
61, 15, 23, 100.000000
61, 15, 24, 100.000000
61, 15, 25, 100.000000
61, 15, 26, 100.000000
61, 15, 27, 100.000000
61, 15, 28, 100.000000
61, 15, 29, 100.000000
61, 15, 30, 100.000000
61, 15, 31, 100.000000
61, 15, 32, 100.000000
61, 15, 33, 100.000000
61, 15, 34, 100.000000
61, 16, 0, 0.375042
61, 16, 1, -0.197540
61, 16, 2, -0.430631
61, 16, 3, -0.456672
61, 16, 4, -0.457211
61, 16, 5, -0.462837
61, 16, 6, -0.467377
61, 16, 7, -0.486852
61, 16, 8, -0.460955
61, 16, 9, -0.476546
61, 16, 10, -0.373778
61, 16, 11, -0.290070
61, 16, 12, -0.231688
61, 16, 13, -0.079538
61, 16, 14, 0.287053
61, 16, 15, 0.820665
61, 16, 16, 1.467610
61, 16, 17, 2.166590
61, 16, 18, 100.000000
61, 16, 19, 100.000000
61, 16, 20, 100.000000
61, 16, 21, 100.000000
61, 16, 22, 100.000000
61, 16, 23, 100.000000
61, 16, 24, 100.000000
61, 16, 25, 100.000000
61, 16, 26, 100.000000
61, 16, 27, 100.000000
61, 16, 28, 100.000000
61, 16, 29, 100.000000
61, 16, 30, 100.000000
61, 16, 31, 100.000000
61, 16, 32, 100.000000
61, 16, 33, 100.000000
61, 16, 34, 100.000000
61, 17, 0, 0.366844
61, 17, 1, -0.188199
61, 17, 2, -0.426191
61, 17, 3, -0.465434
61, 17, 4, -0.466912
61, 17, 5, -0.457715
61, 17, 6, -0.454190
61, 17, 7, -0.461333
61, 17, 8, -0.476472
61, 17, 9, -0.441874
61, 17, 10, -0.413277
61, 17, 11, -0.317169
61, 17, 12, -0.229448
61, 17, 13, -0.091594
61, 17, 14, 0.245750
61, 17, 15, 0.785242
61, 17, 16, 1.418830
61, 17, 17, 2.129613
61, 17, 18, 100.000000
61, 17, 19, 100.000000
61, 17, 20, 100.000000
61, 17, 21, 100.000000
61, 17, 22, 100.000000
61, 17, 23, 100.000000
61, 17, 24, 100.000000
61, 17, 25, 100.000000
61, 17, 26, 100.000000
61, 17, 27, 100.000000
61, 17, 28, 100.000000
61, 17, 29, 100.000000
61, 17, 30, 100.000000
61, 17, 31, 100.000000
61, 17, 32, 100.000000
61, 17, 33, 100.000000
61, 17, 34, 100.000000
61, 18, 0, 0.344500
61, 18, 1, -0.204659
61, 18, 2, -0.447611
61, 18, 3, -0.460932
61, 18, 4, -0.471806
61, 18, 5, -0.457625
61, 18, 6, -0.421703
61, 18, 7, -0.433694
61, 18, 8, -0.451319
61, 18, 9, -0.456568
61, 18, 10, -0.452225
61, 18, 11, -0.356535
61, 18, 12, -0.230013
61, 18, 13, -0.056945
61, 18, 14, 0.279113
61, 18, 15, 0.816307
61, 18, 16, 1.489264
61, 18, 17, 2.144258
61, 18, 18, 100.000000
61, 18, 19, 100.000000
61, 18, 20, 100.000000
61, 18, 21, 100.000000
61, 18, 22, 100.000000
61, 18, 23, 100.000000
61, 18, 24, 100.000000
61, 18, 25, 100.000000
61, 18, 26, 100.000000
61, 18, 27, 100.000000
61, 18, 28, 100.000000
61, 18, 29, 100.000000
61, 18, 30, 100.000000
61, 18, 31, 100.000000
61, 18, 32, 100.000000
61, 18, 33, 100.000000
61, 18, 34, 100.000000
61, 19, 0, 0.337647
61, 19, 1, -0.206885
61, 19, 2, -0.468409
61, 19, 3, -0.465160
61, 19, 4, -0.459941
61, 19, 5, -0.440434
61, 19, 6, -0.430882
61, 19, 7, -0.442617
61, 19, 8, -0.435731
61, 19, 9, -0.452396
61, 19, 10, -0.453507
61, 19, 11, -0.386477
61, 19, 12, -0.222947
61, 19, 13, 0.011417
61, 19, 14, 0.370557
61, 19, 15, 0.903609
61, 19, 16, 1.545585
61, 19, 17, 2.436231
61, 19, 18, 100.000000
61, 19, 19, 100.000000
61, 19, 20, 100.000000
61, 19, 21, 100.000000
61, 19, 22, 100.000000
61, 19, 23, 100.000000
61, 19, 24, 100.000000
61, 19, 25, 100.000000
61, 19, 26, 100.000000
61, 19, 27, 100.000000
61, 19, 28, 100.000000
61, 19, 29, 100.000000
61, 19, 30, 100.000000
61, 19, 31, 100.000000
61, 19, 32, 100.000000
61, 19, 33, 100.000000
61, 19, 34, 100.000000
61, 20, 0, 0.367655
61, 20, 1, -0.173723
61, 20, 2, -0.471080
61, 20, 3, -0.469704
61, 20, 4, -0.481905
61, 20, 5, -0.455636
61, 20, 6, -0.443885
61, 20, 7, -0.447268
61, 20, 8, -0.434897
61, 20, 9, -0.439364
61, 20, 10, -0.424404
61, 20, 11, -0.395206
61, 20, 12, -0.227293
61, 20, 13, 0.027245
61, 20, 14, 0.421474
61, 20, 15, 0.946802
61, 20, 16, 1.581909
61, 20, 17, 2.484179
61, 20, 18, 100.000000
61, 20, 19, 100.000000
61, 20, 20, 100.000000
61, 20, 21, 100.000000
61, 20, 22, 100.000000
61, 20, 23, 100.000000
61, 20, 24, 100.000000
61, 20, 25, 100.000000
61, 20, 26, 100.000000
61, 20, 27, 100.000000
61, 20, 28, 100.000000
61, 20, 29, 100.000000
61, 20, 30, 100.000000
61, 20, 31, 100.000000
61, 20, 32, 100.000000
61, 20, 33, 100.000000
61, 20, 34, 100.000000
61, 21, 0, 0.399576
61, 21, 1, -0.159924
61, 21, 2, -0.474649
61, 21, 3, -0.447004
61, 21, 4, -0.454879
61, 21, 5, -0.452963
61, 21, 6, -0.469473
61, 21, 7, -0.439524
61, 21, 8, -0.433355
61, 21, 9, -0.440181
61, 21, 10, -0.439139
61, 21, 11, -0.424550
61, 21, 12, -0.269901
61, 21, 13, 0.000968
61, 21, 14, 0.408987
61, 21, 15, 0.923983
61, 21, 16, 1.579646
61, 21, 17, 100.000000
61, 21, 18, 100.000000
61, 21, 19, 100.000000
61, 21, 20, 100.000000
61, 21, 21, 100.000000
61, 21, 22, 100.000000
61, 21, 23, 100.000000
61, 21, 24, 100.000000
61, 21, 25, 100.000000
61, 21, 26, 100.000000
61, 21, 27, 100.000000
61, 21, 28, 100.000000
61, 21, 29, 100.000000
61, 21, 30, 100.000000
61, 21, 31, 100.000000
61, 21, 32, 100.000000
61, 21, 33, 100.000000
61, 21, 34, 100.000000
61, 22, 0, 0.411216
61, 22, 1, -0.159166
61, 22, 2, -0.474661
61, 22, 3, -0.445662
61, 22, 4, -0.444452
61, 22, 5, -0.451797
61, 22, 6, -0.448285
61, 22, 7, -0.432935
61, 22, 8, -0.468783
61, 22, 9, -0.454443
61, 22, 10, -0.426217
61, 22, 11, -0.407969
61, 22, 12, -0.289034
61, 22, 13, -0.003051
61, 22, 14, 0.431054
61, 22, 15, 0.951896
61, 22, 16, 1.538723
61, 22, 17, 2.429794
61, 22, 18, 100.000000
61, 22, 19, 100.000000
61, 22, 20, 100.000000
61, 22, 21, 100.000000
61, 22, 22, 100.000000
61, 22, 23, 100.000000
61, 22, 24, 100.000000
61, 22, 25, 100.000000
61, 22, 26, 100.000000
61, 22, 27, 100.000000
61, 22, 28, 100.000000
61, 22, 29, 100.000000
61, 22, 30, 100.000000
61, 22, 31, 100.000000
61, 22, 32, 100.000000
61, 22, 33, 100.000000
61, 22, 34, 100.000000
61, 23, 0, 0.403778
61, 23, 1, -0.150504
61, 23, 2, -0.487434
61, 23, 3, -0.439478
61, 23, 4, -0.449464
61, 23, 5, -0.452762
61, 23, 6, -0.440881
61, 23, 7, -0.432800
61, 23, 8, -0.456752
61, 23, 9, -0.450075
61, 23, 10, -0.404777
61, 23, 11, -0.368740
61, 23, 12, -0.262174
61, 23, 13, 0.011851
61, 23, 14, 0.422648
61, 23, 15, 0.955937
61, 23, 16, 1.548550
61, 23, 17, 100.000000
61, 23, 18, 100.000000
61, 23, 19, 100.000000
61, 23, 20, 100.000000
61, 23, 21, 100.000000
61, 23, 22, 100.000000
61, 23, 23, 100.000000
61, 23, 24, 100.000000
61, 23, 25, 100.000000
61, 23, 26, 100.000000
61, 23, 27, 100.000000
61, 23, 28, 100.000000
61, 23, 29, 100.000000
61, 23, 30, 100.000000
61, 23, 31, 100.000000
61, 23, 32, 100.000000
61, 23, 33, 100.000000
61, 23, 34, 100.000000
61, 24, 0, 0.407610
61, 24, 1, -0.130184
61, 24, 2, -0.469831
61, 24, 3, -0.442120
61, 24, 4, -0.474039
61, 24, 5, -0.466291
61, 24, 6, -0.461478
61, 24, 7, -0.451307
61, 24, 8, -0.436130
61, 24, 9, -0.400476
61, 24, 10, -0.378206
61, 24, 11, -0.342887
61, 24, 12, -0.251843
61, 24, 13, -0.020391
61, 24, 14, 0.363771
61, 24, 15, 0.936533
61, 24, 16, 1.562783
61, 24, 17, 2.356842
61, 24, 18, 100.000000
61, 24, 19, 100.000000
61, 24, 20, 100.000000
61, 24, 21, 100.000000
61, 24, 22, 100.000000
61, 24, 23, 100.000000
61, 24, 24, 100.000000
61, 24, 25, 100.000000
61, 24, 26, 100.000000
61, 24, 27, 100.000000
61, 24, 28, 100.000000
61, 24, 29, 100.000000
61, 24, 30, 100.000000
61, 24, 31, 100.000000
61, 24, 32, 100.000000
61, 24, 33, 100.000000
61, 24, 34, 100.000000
61, 25, 0, 0.399108
61, 25, 1, -0.139558
61, 25, 2, -0.459250
61, 25, 3, -0.457375
61, 25, 4, -0.486541
61, 25, 5, -0.483300
61, 25, 6, -0.477912
61, 25, 7, -0.458216
61, 25, 8, -0.457797
61, 25, 9, -0.446064
61, 25, 10, -0.426143
61, 25, 11, -0.388359
61, 25, 12, -0.277947
61, 25, 13, -0.063499
61, 25, 14, 0.322256
61, 25, 15, 0.853859
61, 25, 16, 1.526122
61, 25, 17, 2.388805
61, 25, 18, 100.000000
61, 25, 19, 100.000000
61, 25, 20, 100.000000
61, 25, 21, 100.000000
61, 25, 22, 100.000000
61, 25, 23, 100.000000
61, 25, 24, 100.000000
61, 25, 25, 100.000000
61, 25, 26, 100.000000
61, 25, 27, 100.000000
61, 25, 28, 100.000000
61, 25, 29, 100.000000
61, 25, 30, 100.000000
61, 25, 31, 100.000000
61, 25, 32, 100.000000
61, 25, 33, 100.000000
61, 25, 34, 100.000000
61, 26, 0, 0.383767
61, 26, 1, -0.153258
61, 26, 2, -0.453450
61, 26, 3, -0.453334
61, 26, 4, -0.488075
61, 26, 5, -0.480151
61, 26, 6, -0.459164
61, 26, 7, -0.449315
61, 26, 8, -0.452118
61, 26, 9, -0.439237
61, 26, 10, -0.445973
61, 26, 11, -0.419079
61, 26, 12, -0.306728
61, 26, 13, -0.084814
61, 26, 14, 0.290170
61, 26, 15, 0.827381
61, 26, 16, 1.460123
61, 26, 17, 2.192580
61, 26, 18, 100.000000
61, 26, 19, 100.000000
61, 26, 20, 100.000000
61, 26, 21, 100.000000
61, 26, 22, 100.000000
61, 26, 23, 100.000000
61, 26, 24, 100.000000
61, 26, 25, 100.000000
61, 26, 26, 100.000000
61, 26, 27, 100.000000
61, 26, 28, 100.000000
61, 26, 29, 100.000000
61, 26, 30, 100.000000
61, 26, 31, 100.000000
61, 26, 32, 100.000000
61, 26, 33, 100.000000
61, 26, 34, 100.000000
61, 27, 0, 0.370823
61, 27, 1, -0.154844
61, 27, 2, -0.457210
61, 27, 3, -0.443110
61, 27, 4, -0.455459
61, 27, 5, -0.456686
61, 27, 6, -0.433026
61, 27, 7, -0.421514
61, 27, 8, -0.437030
61, 27, 9, -0.438510
61, 27, 10, -0.464440
61, 27, 11, -0.426729
61, 27, 12, -0.350128
61, 27, 13, -0.116155
61, 27, 14, 0.298273
61, 27, 15, 0.876450
61, 27, 16, 1.450132
61, 27, 17, 2.148712
61, 27, 18, 100.000000
61, 27, 19, 100.000000
61, 27, 20, 100.000000
61, 27, 21, 100.000000
61, 27, 22, 100.000000
61, 27, 23, 100.000000
61, 27, 24, 100.000000
61, 27, 25, 100.000000
61, 27, 26, 100.000000
61, 27, 27, 100.000000
61, 27, 28, 100.000000
61, 27, 29, 100.000000
61, 27, 30, 100.000000
61, 27, 31, 100.000000
61, 27, 32, 100.000000
61, 27, 33, 100.000000
61, 27, 34, 100.000000
61, 28, 0, 0.370014
61, 28, 1, -0.139070
61, 28, 2, -0.426469
61, 28, 3, -0.488381
61, 28, 4, -0.466535
61, 28, 5, -0.468439
61, 28, 6, -0.446484
61, 28, 7, -0.423805
61, 28, 8, -0.412279
61, 28, 9, -0.417245
61, 28, 10, -0.419066
61, 28, 11, -0.375791
61, 28, 12, -0.305225
61, 28, 13, -0.103662
61, 28, 14, 0.303448
61, 28, 15, 0.895016
61, 28, 16, 1.509847
61, 28, 17, 2.378566
61, 28, 18, 100.000000
61, 28, 19, 100.000000
61, 28, 20, 100.000000
61, 28, 21, 100.000000
61, 28, 22, 100.000000
61, 28, 23, 100.000000
61, 28, 24, 100.000000
61, 28, 25, 100.000000
61, 28, 26, 100.000000
61, 28, 27, 100.000000
61, 28, 28, 100.000000
61, 28, 29, 100.000000
61, 28, 30, 100.000000
61, 28, 31, 100.000000
61, 28, 32, 100.000000
61, 28, 33, 100.000000
61, 28, 34, 100.000000
61, 29, 0, 0.411634
61, 29, 1, -0.019768
61, 29, 2, -0.146360
61, 29, 3, -0.173000
61, 29, 4, -0.208099
61, 29, 5, -0.214284
61, 29, 6, -0.197387
61, 29, 7, -0.182340
61, 29, 8, -0.153891
61, 29, 9, -0.127637
61, 29, 10, -0.132123
61, 29, 11, -0.118972
61, 29, 12, -0.068088
61, 29, 13, 0.063450
61, 29, 14, 0.384371
61, 29, 15, 0.877814
61, 29, 16, 1.481279
61, 29, 17, 2.172508
61, 29, 18, 100.000000
61, 29, 19, 100.000000
61, 29, 20, 100.000000
61, 29, 21, 100.000000
61, 29, 22, 100.000000
61, 29, 23, 100.000000
61, 29, 24, 100.000000
61, 29, 25, 100.000000
61, 29, 26, 100.000000
61, 29, 27, 100.000000
61, 29, 28, 100.000000
61, 29, 29, 100.000000
61, 29, 30, 100.000000
61, 29, 31, 100.000000
61, 29, 32, 100.000000
61, 29, 33, 100.000000
61, 29, 34, 100.000000
62, 0, 0, 0.677015
62, 0, 1, 0.429790
62, 0, 2, 0.412605
62, 0, 3, 0.428070
62, 0, 4, 0.412882
62, 0, 5, 0.401391
62, 0, 6, 0.385345
62, 0, 7, 0.396113
62, 0, 8, 0.404027
62, 0, 9, 0.385455
62, 0, 10, 0.384602
62, 0, 11, 0.402991
62, 0, 12, 0.432154
62, 0, 13, 0.562778
62, 0, 14, 0.933383
62, 0, 15, 1.323995
62, 0, 16, 1.745166
62, 0, 17, 100.000000
62, 0, 18, 100.000000
62, 0, 19, 100.000000
62, 0, 20, 100.000000
62, 0, 21, 100.000000
62, 0, 22, 100.000000
62, 0, 23, 100.000000
62, 0, 24, 100.000000
62, 0, 25, 100.000000
62, 0, 26, 100.000000
62, 0, 27, 100.000000
62, 0, 28, 100.000000
62, 0, 29, 100.000000
62, 0, 30, 100.000000
62, 0, 31, 100.000000
62, 0, 32, 100.000000
62, 0, 33, 100.000000
62, 0, 34, 100.000000
62, 1, 0, 0.454984
62, 1, 1, 0.014282
62, 1, 2, -0.073026
62, 1, 3, -0.095495
62, 1, 4, -0.126575
62, 1, 5, -0.139514
62, 1, 6, -0.134468
62, 1, 7, -0.135390
62, 1, 8, -0.147411
62, 1, 9, -0.168736
62, 1, 10, -0.177294
62, 1, 11, -0.149312
62, 1, 12, -0.097135
62, 1, 13, 0.108718
62, 1, 14, 0.567941
62, 1, 15, 1.002909
62, 1, 16, 1.396270
62, 1, 17, 2.192345
62, 1, 18, 100.000000
62, 1, 19, 100.000000
62, 1, 20, 100.000000
62, 1, 21, 100.000000
62, 1, 22, 100.000000
62, 1, 23, 100.000000
62, 1, 24, 100.000000
62, 1, 25, 100.000000
62, 1, 26, 100.000000
62, 1, 27, 100.000000
62, 1, 28, 100.000000
62, 1, 29, 100.000000
62, 1, 30, 100.000000
62, 1, 31, 100.000000
62, 1, 32, 100.000000
62, 1, 33, 100.000000
62, 1, 34, 100.000000
62, 2, 0, 0.412767
62, 2, 1, -0.129750
62, 2, 2, -0.361953
62, 2, 3, -0.382649
62, 2, 4, -0.404091
62, 2, 5, -0.383310
62, 2, 6, -0.374705
62, 2, 7, -0.381979
62, 2, 8, -0.396845
62, 2, 9, -0.416194
62, 2, 10, -0.409056
62, 2, 11, -0.386009
62, 2, 12, -0.330674
62, 2, 13, -0.060910
62, 2, 14, 0.419781
62, 2, 15, 0.881344
62, 2, 16, 1.325428
62, 2, 17, 2.179030
62, 2, 18, 100.000000
62, 2, 19, 100.000000
62, 2, 20, 100.000000
62, 2, 21, 100.000000
62, 2, 22, 100.000000
62, 2, 23, 100.000000
62, 2, 24, 100.000000
62, 2, 25, 100.000000
62, 2, 26, 100.000000
62, 2, 27, 100.000000
62, 2, 28, 100.000000
62, 2, 29, 100.000000
62, 2, 30, 100.000000
62, 2, 31, 100.000000
62, 2, 32, 100.000000
62, 2, 33, 100.000000
62, 2, 34, 100.000000
62, 3, 0, 0.412114
62, 3, 1, -0.139419
62, 3, 2, -0.449206
62, 3, 3, -0.457915
62, 3, 4, -0.467402
62, 3, 5, -0.447344
62, 3, 6, -0.422346
62, 3, 7, -0.410496
62, 3, 8, -0.399972
62, 3, 9, -0.391435
62, 3, 10, -0.382243
62, 3, 11, -0.376452
62, 3, 12, -0.364415
62, 3, 13, -0.144722
62, 3, 14, 0.330614
62, 3, 15, 0.859870
62, 3, 16, 1.448059
62, 3, 17, 2.493627
62, 3, 18, 100.000000
62, 3, 19, 100.000000
62, 3, 20, 100.000000
62, 3, 21, 100.000000
62, 3, 22, 100.000000
62, 3, 23, 100.000000
62, 3, 24, 100.000000
62, 3, 25, 100.000000
62, 3, 26, 100.000000
62, 3, 27, 100.000000
62, 3, 28, 100.000000
62, 3, 29, 100.000000
62, 3, 30, 100.000000
62, 3, 31, 100.000000
62, 3, 32, 100.000000
62, 3, 33, 100.000000
62, 3, 34, 100.000000
62, 4, 0, 0.389933
62, 4, 1, -0.154363
62, 4, 2, -0.456417
62, 4, 3, -0.463742
62, 4, 4, -0.461895
62, 4, 5, -0.474565
62, 4, 6, -0.455557
62, 4, 7, -0.437335
62, 4, 8, -0.433067
62, 4, 9, -0.410421
62, 4, 10, -0.368816
62, 4, 11, -0.361670
62, 4, 12, -0.376896
62, 4, 13, -0.197771
62, 4, 14, 0.255468
62, 4, 15, 0.846801
62, 4, 16, 1.565334
62, 4, 17, 100.000000
62, 4, 18, 100.000000
62, 4, 19, 100.000000
62, 4, 20, 100.000000
62, 4, 21, 100.000000
62, 4, 22, 100.000000
62, 4, 23, 100.000000
62, 4, 24, 100.000000
62, 4, 25, 100.000000
62, 4, 26, 100.000000
62, 4, 27, 100.000000
62, 4, 28, 100.000000
62, 4, 29, 100.000000
62, 4, 30, 100.000000
62, 4, 31, 100.000000
62, 4, 32, 100.000000
62, 4, 33, 100.000000
62, 4, 34, 100.000000
62, 5, 0, 0.371127
62, 5, 1, -0.158368
62, 5, 2, -0.450568
62, 5, 3, -0.456508
62, 5, 4, -0.453214
62, 5, 5, -0.485281
62, 5, 6, -0.458542
62, 5, 7, -0.447562
62, 5, 8, -0.439869
62, 5, 9, -0.416488
62, 5, 10, -0.392387
62, 5, 11, -0.378758
62, 5, 12, -0.361673
62, 5, 13, -0.173634
62, 5, 14, 0.244522
62, 5, 15, 0.803710
62, 5, 16, 1.488549
62, 5, 17, 2.182547
62, 5, 18, 100.000000
62, 5, 19, 100.000000
62, 5, 20, 100.000000
62, 5, 21, 100.000000
62, 5, 22, 100.000000
62, 5, 23, 100.000000
62, 5, 24, 100.000000
62, 5, 25, 100.000000
62, 5, 26, 100.000000
62, 5, 27, 100.000000
62, 5, 28, 100.000000
62, 5, 29, 100.000000
62, 5, 30, 100.000000
62, 5, 31, 100.000000
62, 5, 32, 100.000000
62, 5, 33, 100.000000
62, 5, 34, 100.000000
62, 6, 0, 0.380899
62, 6, 1, -0.134815
62, 6, 2, -0.414322
62, 6, 3, -0.457349
62, 6, 4, -0.452140
62, 6, 5, -0.482928
62, 6, 6, -0.452127
62, 6, 7, -0.424293
62, 6, 8, -0.418432
62, 6, 9, -0.407916
62, 6, 10, -0.406999
62, 6, 11, -0.401990
62, 6, 12, -0.349502
62, 6, 13, -0.112776
62, 6, 14, 0.296682
62, 6, 15, 0.788330
62, 6, 16, 1.443280
62, 6, 17, 2.154834
62, 6, 18, 100.000000
62, 6, 19, 100.000000
62, 6, 20, 100.000000
62, 6, 21, 100.000000
62, 6, 22, 100.000000
62, 6, 23, 100.000000
62, 6, 24, 100.000000
62, 6, 25, 100.000000
62, 6, 26, 100.000000
62, 6, 27, 100.000000
62, 6, 28, 100.000000
62, 6, 29, 100.000000
62, 6, 30, 100.000000
62, 6, 31, 100.000000
62, 6, 32, 100.000000
62, 6, 33, 100.000000
62, 6, 34, 100.000000
62, 7, 0, 0.374212
62, 7, 1, -0.133793
62, 7, 2, -0.402828
62, 7, 3, -0.453416
62, 7, 4, -0.468308
62, 7, 5, -0.491196
62, 7, 6, -0.450628
62, 7, 7, -0.405662
62, 7, 8, -0.388810
62, 7, 9, -0.414275
62, 7, 10, -0.431621
62, 7, 11, -0.414007
62, 7, 12, -0.335722
62, 7, 13, -0.066599
62, 7, 14, 0.341771
62, 7, 15, 0.838545
62, 7, 16, 1.384688
62, 7, 17, 2.189895
62, 7, 18, 100.000000
62, 7, 19, 100.000000
62, 7, 20, 100.000000
62, 7, 21, 100.000000
62, 7, 22, 100.000000
62, 7, 23, 100.000000
62, 7, 24, 100.000000
62, 7, 25, 100.000000
62, 7, 26, 100.000000
62, 7, 27, 100.000000
62, 7, 28, 100.000000
62, 7, 29, 100.000000
62, 7, 30, 100.000000
62, 7, 31, 100.000000
62, 7, 32, 100.000000
62, 7, 33, 100.000000
62, 7, 34, 100.000000
62, 8, 0, 0.360434
62, 8, 1, -0.151820
62, 8, 2, -0.423049
62, 8, 3, -0.474031
62, 8, 4, -0.491170
62, 8, 5, -0.481365
62, 8, 6, -0.452839
62, 8, 7, -0.417751
62, 8, 8, -0.389657
62, 8, 9, -0.409412
62, 8, 10, -0.417166
62, 8, 11, -0.387823
62, 8, 12, -0.309674
62, 8, 13, -0.059628
62, 8, 14, 0.394078
62, 8, 15, 0.939206
62, 8, 16, 1.331107
62, 8, 17, 1.960131
62, 8, 18, 100.000000
62, 8, 19, 100.000000
62, 8, 20, 100.000000
62, 8, 21, 100.000000
62, 8, 22, 100.000000
62, 8, 23, 100.000000
62, 8, 24, 100.000000
62, 8, 25, 100.000000
62, 8, 26, 100.000000
62, 8, 27, 100.000000
62, 8, 28, 100.000000
62, 8, 29, 100.000000
62, 8, 30, 100.000000
62, 8, 31, 100.000000
62, 8, 32, 100.000000
62, 8, 33, 100.000000
62, 8, 34, 100.000000
62, 9, 0, 0.360394
62, 9, 1, -0.147485
62, 9, 2, -0.424599
62, 9, 3, -0.454755
62, 9, 4, -0.478275
62, 9, 5, -0.475272
62, 9, 6, -0.463907
62, 9, 7, -0.445117
62, 9, 8, -0.409032
62, 9, 9, -0.432138
62, 9, 10, -0.439938
62, 9, 11, -0.390486
62, 9, 12, -0.302390
62, 9, 13, -0.079381
62, 9, 14, 0.373399
62, 9, 15, 0.937724
62, 9, 16, 1.329845
62, 9, 17, 1.910874
62, 9, 18, 100.000000
62, 9, 19, 100.000000
62, 9, 20, 100.000000
62, 9, 21, 100.000000
62, 9, 22, 100.000000
62, 9, 23, 100.000000
62, 9, 24, 100.000000
62, 9, 25, 100.000000
62, 9, 26, 100.000000
62, 9, 27, 100.000000
62, 9, 28, 100.000000
62, 9, 29, 100.000000
62, 9, 30, 100.000000
62, 9, 31, 100.000000
62, 9, 32, 100.000000
62, 9, 33, 100.000000
62, 9, 34, 100.000000
62, 10, 0, 0.356515
62, 10, 1, -0.168423
62, 10, 2, -0.435241
62, 10, 3, -0.440264
62, 10, 4, -0.465154
62, 10, 5, -0.479517
62, 10, 6, -0.456742
62, 10, 7, -0.436331
62, 10, 8, -0.433674
62, 10, 9, -0.456294
62, 10, 10, -0.446359
62, 10, 11, -0.392465
62, 10, 12, -0.326170
62, 10, 13, -0.129059
62, 10, 14, 0.291642
62, 10, 15, 0.851480
62, 10, 16, 1.297385
62, 10, 17, 1.893774
62, 10, 18, 100.000000
62, 10, 19, 100.000000
62, 10, 20, 100.000000
62, 10, 21, 100.000000
62, 10, 22, 100.000000
62, 10, 23, 100.000000
62, 10, 24, 100.000000
62, 10, 25, 100.000000
62, 10, 26, 100.000000
62, 10, 27, 100.000000
62, 10, 28, 100.000000
62, 10, 29, 100.000000
62, 10, 30, 100.000000
62, 10, 31, 100.000000
62, 10, 32, 100.000000
62, 10, 33, 100.000000
62, 10, 34, 100.000000
62, 11, 0, 0.352027
62, 11, 1, -0.189415
62, 11, 2, -0.431989
62, 11, 3, -0.435584
62, 11, 4, -0.452359
62, 11, 5, -0.479599
62, 11, 6, -0.460262
62, 11, 7, -0.425997
62, 11, 8, -0.447187
62, 11, 9, -0.454346
62, 11, 10, -0.439730
62, 11, 11, -0.404468
62, 11, 12, -0.344046
62, 11, 13, -0.158162
62, 11, 14, 0.230778
62, 11, 15, 0.774670
62, 11, 16, 1.335281
62, 11, 17, 2.064871
62, 11, 18, 100.000000
62, 11, 19, 100.000000
62, 11, 20, 100.000000
62, 11, 21, 100.000000
62, 11, 22, 100.000000
62, 11, 23, 100.000000
62, 11, 24, 100.000000
62, 11, 25, 100.000000
62, 11, 26, 100.000000
62, 11, 27, 100.000000
62, 11, 28, 100.000000
62, 11, 29, 100.000000
62, 11, 30, 100.000000
62, 11, 31, 100.000000
62, 11, 32, 100.000000
62, 11, 33, 100.000000
62, 11, 34, 100.000000
62, 12, 0, 0.359966
62, 12, 1, -0.187267
62, 12, 2, -0.420786
62, 12, 3, -0.434875
62, 12, 4, -0.449241
62, 12, 5, -0.456323
62, 12, 6, -0.470275
62, 12, 7, -0.440166
62, 12, 8, -0.461642
62, 12, 9, -0.450829
62, 12, 10, -0.446431
62, 12, 11, -0.407890
62, 12, 12, -0.329354
62, 12, 13, -0.164797
62, 12, 14, 0.178925
62, 12, 15, 0.699142
62, 12, 16, 1.355357
62, 12, 17, 2.068990
62, 12, 18, 100.000000
62, 12, 19, 100.000000
62, 12, 20, 100.000000
62, 12, 21, 100.000000
62, 12, 22, 100.000000
62, 12, 23, 100.000000
62, 12, 24, 100.000000
62, 12, 25, 100.000000
62, 12, 26, 100.000000
62, 12, 27, 100.000000
62, 12, 28, 100.000000
62, 12, 29, 100.000000
62, 12, 30, 100.000000
62, 12, 31, 100.000000
62, 12, 32, 100.000000
62, 12, 33, 100.000000
62, 12, 34, 100.000000
62, 13, 0, 0.366616
62, 13, 1, -0.189879
62, 13, 2, -0.419744
62, 13, 3, -0.430163
62, 13, 4, -0.450753
62, 13, 5, -0.444222
62, 13, 6, -0.441185
62, 13, 7, -0.461766
62, 13, 8, -0.478604
62, 13, 9, -0.450308
62, 13, 10, -0.407953
62, 13, 11, -0.372818
62, 13, 12, -0.302906
62, 13, 13, -0.181947
62, 13, 14, 0.105122
62, 13, 15, 0.627292
62, 13, 16, 1.249481
62, 13, 17, 1.945633
62, 13, 18, 100.000000
62, 13, 19, 100.000000
62, 13, 20, 100.000000
62, 13, 21, 100.000000
62, 13, 22, 100.000000
62, 13, 23, 100.000000
62, 13, 24, 100.000000
62, 13, 25, 100.000000
62, 13, 26, 100.000000
62, 13, 27, 100.000000
62, 13, 28, 100.000000
62, 13, 29, 100.000000
62, 13, 30, 100.000000
62, 13, 31, 100.000000
62, 13, 32, 100.000000
62, 13, 33, 100.000000
62, 13, 34, 100.000000
62, 14, 0, 0.352448
62, 14, 1, -0.202342
62, 14, 2, -0.429679
62, 14, 3, -0.442549
62, 14, 4, -0.465997
62, 14, 5, -0.494425
62, 14, 6, -0.464313
62, 14, 7, -0.466589
62, 14, 8, -0.459670
62, 14, 9, -0.448451
62, 14, 10, -0.367782
62, 14, 11, -0.355018
62, 14, 12, -0.340880
62, 14, 13, -0.215535
62, 14, 14, 0.069539
62, 14, 15, 0.578754
62, 14, 16, 1.228409
62, 14, 17, 1.986336
62, 14, 18, 100.000000
62, 14, 19, 100.000000
62, 14, 20, 100.000000
62, 14, 21, 100.000000
62, 14, 22, 100.000000
62, 14, 23, 100.000000
62, 14, 24, 100.000000
62, 14, 25, 100.000000
62, 14, 26, 100.000000
62, 14, 27, 100.000000
62, 14, 28, 100.000000
62, 14, 29, 100.000000
62, 14, 30, 100.000000
62, 14, 31, 100.000000
62, 14, 32, 100.000000
62, 14, 33, 100.000000
62, 14, 34, 100.000000
62, 15, 0, 0.349185
62, 15, 1, -0.203753
62, 15, 2, -0.449765
62, 15, 3, -0.456030
62, 15, 4, -0.457830
62, 15, 5, -0.474481
62, 15, 6, -0.447343
62, 15, 7, -0.452837
62, 15, 8, -0.468025
62, 15, 9, -0.449245
62, 15, 10, -0.356497
62, 15, 11, -0.346645
62, 15, 12, -0.339946
62, 15, 13, -0.204613
62, 15, 14, 0.092070
62, 15, 15, 0.567809
62, 15, 16, 1.200057
62, 15, 17, 1.857285
62, 15, 18, 100.000000
62, 15, 19, 100.000000
62, 15, 20, 100.000000
62, 15, 21, 100.000000
62, 15, 22, 100.000000
62, 15, 23, 100.000000
62, 15, 24, 100.000000
62, 15, 25, 100.000000
62, 15, 26, 100.000000
62, 15, 27, 100.000000
62, 15, 28, 100.000000
62, 15, 29, 100.000000
62, 15, 30, 100.000000
62, 15, 31, 100.000000
62, 15, 32, 100.000000
62, 15, 33, 100.000000
62, 15, 34, 100.000000
62, 16, 0, 0.350926
62, 16, 1, -0.191051
62, 16, 2, -0.442318
62, 16, 3, -0.453825
62, 16, 4, -0.464285
62, 16, 5, -0.486664
62, 16, 6, -0.458553
62, 16, 7, -0.471108
62, 16, 8, -0.475637
62, 16, 9, -0.463942
62, 16, 10, -0.366732
62, 16, 11, -0.339432
62, 16, 12, -0.311375
62, 16, 13, -0.203882
62, 16, 14, 0.070823
62, 16, 15, 0.545887
62, 16, 16, 1.120622
62, 16, 17, 1.684425
62, 16, 18, 100.000000
62, 16, 19, 100.000000
62, 16, 20, 100.000000
62, 16, 21, 100.000000
62, 16, 22, 100.000000
62, 16, 23, 100.000000
62, 16, 24, 100.000000
62, 16, 25, 100.000000
62, 16, 26, 100.000000
62, 16, 27, 100.000000
62, 16, 28, 100.000000
62, 16, 29, 100.000000
62, 16, 30, 100.000000
62, 16, 31, 100.000000
62, 16, 32, 100.000000
62, 16, 33, 100.000000
62, 16, 34, 100.000000
62, 17, 0, 0.341599
62, 17, 1, -0.186283
62, 17, 2, -0.444797
62, 17, 3, -0.475105
62, 17, 4, -0.473703
62, 17, 5, -0.457667
62, 17, 6, -0.465048
62, 17, 7, -0.478360
62, 17, 8, -0.469246
62, 17, 9, -0.452695
62, 17, 10, -0.403618
62, 17, 11, -0.353905
62, 17, 12, -0.301590
62, 17, 13, -0.227077
62, 17, 14, 0.031298
62, 17, 15, 0.502845
62, 17, 16, 1.078876
62, 17, 17, 1.614237
62, 17, 18, 2.431014
62, 17, 19, 100.000000
62, 17, 20, 100.000000
62, 17, 21, 100.000000
62, 17, 22, 100.000000
62, 17, 23, 100.000000
62, 17, 24, 100.000000
62, 17, 25, 100.000000
62, 17, 26, 100.000000
62, 17, 27, 100.000000
62, 17, 28, 100.000000
62, 17, 29, 100.000000
62, 17, 30, 100.000000
62, 17, 31, 100.000000
62, 17, 32, 100.000000
62, 17, 33, 100.000000
62, 17, 34, 100.000000
62, 18, 0, 0.328053
62, 18, 1, -0.197643
62, 18, 2, -0.446035
62, 18, 3, -0.467596
62, 18, 4, -0.460169
62, 18, 5, -0.457379
62, 18, 6, -0.489077
62, 18, 7, -0.482170
62, 18, 8, -0.477418
62, 18, 9, -0.452678
62, 18, 10, -0.435337
62, 18, 11, -0.377371
62, 18, 12, -0.301483
62, 18, 13, -0.200290
62, 18, 14, 0.082031
62, 18, 15, 0.574310
62, 18, 16, 1.156345
62, 18, 17, 1.563299
62, 18, 18, 2.322209
62, 18, 19, 100.000000
62, 18, 20, 100.000000
62, 18, 21, 100.000000
62, 18, 22, 100.000000
62, 18, 23, 100.000000
62, 18, 24, 100.000000
62, 18, 25, 100.000000
62, 18, 26, 100.000000
62, 18, 27, 100.000000
62, 18, 28, 100.000000
62, 18, 29, 100.000000
62, 18, 30, 100.000000
62, 18, 31, 100.000000
62, 18, 32, 100.000000
62, 18, 33, 100.000000
62, 18, 34, 100.000000
62, 19, 0, 0.343669
62, 19, 1, -0.194380
62, 19, 2, -0.477305
62, 19, 3, -0.468534
62, 19, 4, -0.453039
62, 19, 5, -0.463544
62, 19, 6, -0.468863
62, 19, 7, -0.476108
62, 19, 8, -0.471737
62, 19, 9, -0.474336
62, 19, 10, -0.443653
62, 19, 11, -0.373319
62, 19, 12, -0.271926
62, 19, 13, -0.126077
62, 19, 14, 0.186854
62, 19, 15, 0.704960
62, 19, 16, 1.308336
62, 19, 17, 1.807317
62, 19, 18, 100.000000
62, 19, 19, 100.000000
62, 19, 20, 100.000000
62, 19, 21, 100.000000
62, 19, 22, 100.000000
62, 19, 23, 100.000000
62, 19, 24, 100.000000
62, 19, 25, 100.000000
62, 19, 26, 100.000000
62, 19, 27, 100.000000
62, 19, 28, 100.000000
62, 19, 29, 100.000000
62, 19, 30, 100.000000
62, 19, 31, 100.000000
62, 19, 32, 100.000000
62, 19, 33, 100.000000
62, 19, 34, 100.000000
62, 20, 0, 0.374843
62, 20, 1, -0.160696
62, 20, 2, -0.471442
62, 20, 3, -0.474366
62, 20, 4, -0.477248
62, 20, 5, -0.460020
62, 20, 6, -0.450031
62, 20, 7, -0.460070
62, 20, 8, -0.458147
62, 20, 9, -0.475347
62, 20, 10, -0.454549
62, 20, 11, -0.365360
62, 20, 12, -0.246111
62, 20, 13, -0.100782
62, 20, 14, 0.231755
62, 20, 15, 0.760082
62, 20, 16, 1.463830
62, 20, 17, 2.167665
62, 20, 18, 100.000000
62, 20, 19, 100.000000
62, 20, 20, 100.000000
62, 20, 21, 100.000000
62, 20, 22, 100.000000
62, 20, 23, 100.000000
62, 20, 24, 100.000000
62, 20, 25, 100.000000
62, 20, 26, 100.000000
62, 20, 27, 100.000000
62, 20, 28, 100.000000
62, 20, 29, 100.000000
62, 20, 30, 100.000000
62, 20, 31, 100.000000
62, 20, 32, 100.000000
62, 20, 33, 100.000000
62, 20, 34, 100.000000
62, 21, 0, 0.397957
62, 21, 1, -0.142309
62, 21, 2, -0.475651
62, 21, 3, -0.458483
62, 21, 4, -0.473722
62, 21, 5, -0.484488
62, 21, 6, -0.455098
62, 21, 7, -0.451274
62, 21, 8, -0.466774
62, 21, 9, -0.466604
62, 21, 10, -0.442862
62, 21, 11, -0.377510
62, 21, 12, -0.266973
62, 21, 13, -0.100383
62, 21, 14, 0.243351
62, 21, 15, 0.751152
62, 21, 16, 1.483096
62, 21, 17, 2.344258
62, 21, 18, 100.000000
62, 21, 19, 100.000000
62, 21, 20, 100.000000
62, 21, 21, 100.000000
62, 21, 22, 100.000000
62, 21, 23, 100.000000
62, 21, 24, 100.000000
62, 21, 25, 100.000000
62, 21, 26, 100.000000
62, 21, 27, 100.000000
62, 21, 28, 100.000000
62, 21, 29, 100.000000
62, 21, 30, 100.000000
62, 21, 31, 100.000000
62, 21, 32, 100.000000
62, 21, 33, 100.000000
62, 21, 34, 100.000000
62, 22, 0, 0.412504
62, 22, 1, -0.135125
62, 22, 2, -0.485139
62, 22, 3, -0.456576
62, 22, 4, -0.482196
62, 22, 5, -0.467880
62, 22, 6, -0.426141
62, 22, 7, -0.430762
62, 22, 8, -0.472753
62, 22, 9, -0.458909
62, 22, 10, -0.432389
62, 22, 11, -0.393434
62, 22, 12, -0.282444
62, 22, 13, -0.094866
62, 22, 14, 0.278100
62, 22, 15, 0.781428
62, 22, 16, 1.432303
62, 22, 17, 2.194293
62, 22, 18, 100.000000
62, 22, 19, 100.000000
62, 22, 20, 100.000000
62, 22, 21, 100.000000
62, 22, 22, 100.000000
62, 22, 23, 100.000000
62, 22, 24, 100.000000
62, 22, 25, 100.000000
62, 22, 26, 100.000000
62, 22, 27, 100.000000
62, 22, 28, 100.000000
62, 22, 29, 100.000000
62, 22, 30, 100.000000
62, 22, 31, 100.000000
62, 22, 32, 100.000000
62, 22, 33, 100.000000
62, 22, 34, 100.000000
62, 23, 0, 0.421768
62, 23, 1, -0.121881
62, 23, 2, -0.464602
62, 23, 3, -0.445648
62, 23, 4, -0.481226
62, 23, 5, -0.475220
62, 23, 6, -0.433825
62, 23, 7, -0.427836
62, 23, 8, -0.434415
62, 23, 9, -0.428098
62, 23, 10, -0.413062
62, 23, 11, -0.380230
62, 23, 12, -0.277888
62, 23, 13, -0.097634
62, 23, 14, 0.266196
62, 23, 15, 0.809899
62, 23, 16, 1.457161
62, 23, 17, 2.262863
62, 23, 18, 100.000000
62, 23, 19, 100.000000
62, 23, 20, 100.000000
62, 23, 21, 100.000000
62, 23, 22, 100.000000
62, 23, 23, 100.000000
62, 23, 24, 100.000000
62, 23, 25, 100.000000
62, 23, 26, 100.000000
62, 23, 27, 100.000000
62, 23, 28, 100.000000
62, 23, 29, 100.000000
62, 23, 30, 100.000000
62, 23, 31, 100.000000
62, 23, 32, 100.000000
62, 23, 33, 100.000000
62, 23, 34, 100.000000
62, 24, 0, 0.421681
62, 24, 1, -0.104143
62, 24, 2, -0.444106
62, 24, 3, -0.435121
62, 24, 4, -0.458415
62, 24, 5, -0.457646
62, 24, 6, -0.462340
62, 24, 7, -0.439042
62, 24, 8, -0.439232
62, 24, 9, -0.416448
62, 24, 10, -0.416956
62, 24, 11, -0.371591
62, 24, 12, -0.289174
62, 24, 13, -0.133716
62, 24, 14, 0.202537
62, 24, 15, 0.756457
62, 24, 16, 1.379975
62, 24, 17, 1.962548
62, 24, 18, 100.000000
62, 24, 19, 100.000000
62, 24, 20, 100.000000
62, 24, 21, 100.000000
62, 24, 22, 100.000000
62, 24, 23, 100.000000
62, 24, 24, 100.000000
62, 24, 25, 100.000000
62, 24, 26, 100.000000
62, 24, 27, 100.000000
62, 24, 28, 100.000000
62, 24, 29, 100.000000
62, 24, 30, 100.000000
62, 24, 31, 100.000000
62, 24, 32, 100.000000
62, 24, 33, 100.000000
62, 24, 34, 100.000000
62, 25, 0, 0.398777
62, 25, 1, -0.114909
62, 25, 2, -0.445849
62, 25, 3, -0.447847
62, 25, 4, -0.481288
62, 25, 5, -0.480218
62, 25, 6, -0.495491
62, 25, 7, -0.447565
62, 25, 8, -0.445708
62, 25, 9, -0.467756
62, 25, 10, -0.448955
62, 25, 11, -0.397294
62, 25, 12, -0.303151
62, 25, 13, -0.166819
62, 25, 14, 0.145144
62, 25, 15, 0.652346
62, 25, 16, 1.259485
62, 25, 17, 2.010605
62, 25, 18, 100.000000
62, 25, 19, 100.000000
62, 25, 20, 100.000000
62, 25, 21, 100.000000
62, 25, 22, 100.000000
62, 25, 23, 100.000000
62, 25, 24, 100.000000
62, 25, 25, 100.000000
62, 25, 26, 100.000000
62, 25, 27, 100.000000
62, 25, 28, 100.000000
62, 25, 29, 100.000000
62, 25, 30, 100.000000
62, 25, 31, 100.000000
62, 25, 32, 100.000000
62, 25, 33, 100.000000
62, 25, 34, 100.000000
62, 26, 0, 0.375472
62, 26, 1, -0.126104
62, 26, 2, -0.441011
62, 26, 3, -0.445919
62, 26, 4, -0.471510
62, 26, 5, -0.468706
62, 26, 6, -0.466813
62, 26, 7, -0.448049
62, 26, 8, -0.451226
62, 26, 9, -0.469980
62, 26, 10, -0.447458
62, 26, 11, -0.406273
62, 26, 12, -0.312310
62, 26, 13, -0.177300
62, 26, 14, 0.112524
62, 26, 15, 0.592621
62, 26, 16, 1.208759
62, 26, 17, 1.744040
62, 26, 18, 100.000000
62, 26, 19, 100.000000
62, 26, 20, 100.000000
62, 26, 21, 100.000000
62, 26, 22, 100.000000
62, 26, 23, 100.000000
62, 26, 24, 100.000000
62, 26, 25, 100.000000
62, 26, 26, 100.000000
62, 26, 27, 100.000000
62, 26, 28, 100.000000
62, 26, 29, 100.000000
62, 26, 30, 100.000000
62, 26, 31, 100.000000
62, 26, 32, 100.000000
62, 26, 33, 100.000000
62, 26, 34, 100.000000
62, 27, 0, 0.361075
62, 27, 1, -0.136355
62, 27, 2, -0.435252
62, 27, 3, -0.451879
62, 27, 4, -0.450242
62, 27, 5, -0.434805
62, 27, 6, -0.424757
62, 27, 7, -0.409181
62, 27, 8, -0.427128
62, 27, 9, -0.440080
62, 27, 10, -0.422258
62, 27, 11, -0.403815
62, 27, 12, -0.364828
62, 27, 13, -0.183245
62, 27, 14, 0.126734
62, 27, 15, 0.614864
62, 27, 16, 1.174619
62, 27, 17, 1.666050
62, 27, 18, 100.000000
62, 27, 19, 100.000000
62, 27, 20, 100.000000
62, 27, 21, 100.000000
62, 27, 22, 100.000000
62, 27, 23, 100.000000
62, 27, 24, 100.000000
62, 27, 25, 100.000000
62, 27, 26, 100.000000
62, 27, 27, 100.000000
62, 27, 28, 100.000000
62, 27, 29, 100.000000
62, 27, 30, 100.000000
62, 27, 31, 100.000000
62, 27, 32, 100.000000
62, 27, 33, 100.000000
62, 27, 34, 100.000000
62, 28, 0, 0.352393
62, 28, 1, -0.145363
62, 28, 2, -0.405917
62, 28, 3, -0.477229
62, 28, 4, -0.474073
62, 28, 5, -0.479502
62, 28, 6, -0.462318
62, 28, 7, -0.419154
62, 28, 8, -0.406340
62, 28, 9, -0.403688
62, 28, 10, -0.409128
62, 28, 11, -0.401328
62, 28, 12, -0.358878
62, 28, 13, -0.202169
62, 28, 14, 0.138901
62, 28, 15, 0.637887
62, 28, 16, 1.160047
62, 28, 17, 1.750911
62, 28, 18, 100.000000
62, 28, 19, 100.000000
62, 28, 20, 100.000000
62, 28, 21, 100.000000
62, 28, 22, 100.000000
62, 28, 23, 100.000000
62, 28, 24, 100.000000
62, 28, 25, 100.000000
62, 28, 26, 100.000000
62, 28, 27, 100.000000
62, 28, 28, 100.000000
62, 28, 29, 100.000000
62, 28, 30, 100.000000
62, 28, 31, 100.000000
62, 28, 32, 100.000000
62, 28, 33, 100.000000
62, 28, 34, 100.000000
62, 29, 0, 0.403152
62, 29, 1, -0.047221
62, 29, 2, -0.158664
62, 29, 3, -0.169783
62, 29, 4, -0.194192
62, 29, 5, -0.180038
62, 29, 6, -0.157366
62, 29, 7, -0.147801
62, 29, 8, -0.133921
62, 29, 9, -0.136883
62, 29, 10, -0.166747
62, 29, 11, -0.160012
62, 29, 12, -0.099867
62, 29, 13, 0.006283
62, 29, 14, 0.238909
62, 29, 15, 0.645085
62, 29, 16, 1.181262
62, 29, 17, 1.780692
62, 29, 18, 100.000000
62, 29, 19, 100.000000
62, 29, 20, 100.000000
62, 29, 21, 100.000000
62, 29, 22, 100.000000
62, 29, 23, 100.000000
62, 29, 24, 100.000000
62, 29, 25, 100.000000
62, 29, 26, 100.000000
62, 29, 27, 100.000000
62, 29, 28, 100.000000
62, 29, 29, 100.000000
62, 29, 30, 100.000000
62, 29, 31, 100.000000
62, 29, 32, 100.000000
62, 29, 33, 100.000000
62, 29, 34, 100.000000
63, 0, 0, 0.668945
63, 0, 1, 0.448740
63, 0, 2, 0.425310
63, 0, 3, 0.430396
63, 0, 4, 0.414790
63, 0, 5, 0.405367
63, 0, 6, 0.389765
63, 0, 7, 0.386623
63, 0, 8, 0.399152
63, 0, 9, 0.393357
63, 0, 10, 0.404580
63, 0, 11, 0.415478
63, 0, 12, 0.429425
63, 0, 13, 0.522670
63, 0, 14, 0.776666
63, 0, 15, 1.102634
63, 0, 16, 1.588141
63, 0, 17, 2.142357
63, 0, 18, 100.000000
63, 0, 19, 100.000000
63, 0, 20, 100.000000
63, 0, 21, 100.000000
63, 0, 22, 100.000000
63, 0, 23, 100.000000
63, 0, 24, 100.000000
63, 0, 25, 100.000000
63, 0, 26, 100.000000
63, 0, 27, 100.000000
63, 0, 28, 100.000000
63, 0, 29, 100.000000
63, 0, 30, 100.000000
63, 0, 31, 100.000000
63, 0, 32, 100.000000
63, 0, 33, 100.000000
63, 0, 34, 100.000000
63, 1, 0, 0.469336
63, 1, 1, 0.047257
63, 1, 2, -0.065764
63, 1, 3, -0.104080
63, 1, 4, -0.130403
63, 1, 5, -0.115316
63, 1, 6, -0.104973
63, 1, 7, -0.122304
63, 1, 8, -0.142908
63, 1, 9, -0.162671
63, 1, 10, -0.150872
63, 1, 11, -0.121040
63, 1, 12, -0.100347
63, 1, 13, 0.013584
63, 1, 14, 0.345077
63, 1, 15, 0.771861
63, 1, 16, 1.317239
63, 1, 17, 1.896470
63, 1, 18, 100.000000
63, 1, 19, 100.000000
63, 1, 20, 100.000000
63, 1, 21, 100.000000
63, 1, 22, 100.000000
63, 1, 23, 100.000000
63, 1, 24, 100.000000
63, 1, 25, 100.000000
63, 1, 26, 100.000000
63, 1, 27, 100.000000
63, 1, 28, 100.000000
63, 1, 29, 100.000000
63, 1, 30, 100.000000
63, 1, 31, 100.000000
63, 1, 32, 100.000000
63, 1, 33, 100.000000
63, 1, 34, 100.000000
63, 2, 0, 0.409767
63, 2, 1, -0.129668
63, 2, 2, -0.378690
63, 2, 3, -0.400599
63, 2, 4, -0.416969
63, 2, 5, -0.375569
63, 2, 6, -0.347347
63, 2, 7, -0.384518
63, 2, 8, -0.419853
63, 2, 9, -0.425590
63, 2, 10, -0.411886
63, 2, 11, -0.386743
63, 2, 12, -0.376156
63, 2, 13, -0.186055
63, 2, 14, 0.211397
63, 2, 15, 0.688794
63, 2, 16, 1.199024
63, 2, 17, 1.861142
63, 2, 18, 100.000000
63, 2, 19, 100.000000
63, 2, 20, 100.000000
63, 2, 21, 100.000000
63, 2, 22, 100.000000
63, 2, 23, 100.000000
63, 2, 24, 100.000000
63, 2, 25, 100.000000
63, 2, 26, 100.000000
63, 2, 27, 100.000000
63, 2, 28, 100.000000
63, 2, 29, 100.000000
63, 2, 30, 100.000000
63, 2, 31, 100.000000
63, 2, 32, 100.000000
63, 2, 33, 100.000000
63, 2, 34, 100.000000
63, 3, 0, 0.394447
63, 3, 1, -0.134507
63, 3, 2, -0.453033
63, 3, 3, -0.470607
63, 3, 4, -0.487112
63, 3, 5, -0.469945
63, 3, 6, -0.410487
63, 3, 7, -0.415282
63, 3, 8, -0.425696
63, 3, 9, -0.429189
63, 3, 10, -0.423370
63, 3, 11, -0.411215
63, 3, 12, -0.383043
63, 3, 13, -0.199562
63, 3, 14, 0.170805
63, 3, 15, 0.641849
63, 3, 16, 1.202579
63, 3, 17, 1.976795
63, 3, 18, 100.000000
63, 3, 19, 100.000000
63, 3, 20, 100.000000
63, 3, 21, 100.000000
63, 3, 22, 100.000000
63, 3, 23, 100.000000
63, 3, 24, 100.000000
63, 3, 25, 100.000000
63, 3, 26, 100.000000
63, 3, 27, 100.000000
63, 3, 28, 100.000000
63, 3, 29, 100.000000
63, 3, 30, 100.000000
63, 3, 31, 100.000000
63, 3, 32, 100.000000
63, 3, 33, 100.000000
63, 3, 34, 100.000000
63, 4, 0, 0.376588
63, 4, 1, -0.128359
63, 4, 2, -0.424423
63, 4, 3, -0.455926
63, 4, 4, -0.463532
63, 4, 5, -0.469397
63, 4, 6, -0.448165
63, 4, 7, -0.442937
63, 4, 8, -0.441270
63, 4, 9, -0.415052
63, 4, 10, -0.402999
63, 4, 11, -0.402536
63, 4, 12, -0.374887
63, 4, 13, -0.210279
63, 4, 14, 0.136739
63, 4, 15, 0.610671
63, 4, 16, 1.216770
63, 4, 17, 2.039653
63, 4, 18, 100.000000
63, 4, 19, 100.000000
63, 4, 20, 100.000000
63, 4, 21, 100.000000
63, 4, 22, 100.000000
63, 4, 23, 100.000000
63, 4, 24, 100.000000
63, 4, 25, 100.000000
63, 4, 26, 100.000000
63, 4, 27, 100.000000
63, 4, 28, 100.000000
63, 4, 29, 100.000000
63, 4, 30, 100.000000
63, 4, 31, 100.000000
63, 4, 32, 100.000000
63, 4, 33, 100.000000
63, 4, 34, 100.000000
63, 5, 0, 0.386659
63, 5, 1, -0.121441
63, 5, 2, -0.409847
63, 5, 3, -0.444050
63, 5, 4, -0.438458
63, 5, 5, -0.471521
63, 5, 6, -0.463687
63, 5, 7, -0.442203
63, 5, 8, -0.446403
63, 5, 9, -0.425191
63, 5, 10, -0.418838
63, 5, 11, -0.413391
63, 5, 12, -0.372522
63, 5, 13, -0.187839
63, 5, 14, 0.128906
63, 5, 15, 0.588476
63, 5, 16, 1.196465
63, 5, 17, 1.907815
63, 5, 18, 100.000000
63, 5, 19, 100.000000
63, 5, 20, 100.000000
63, 5, 21, 100.000000
63, 5, 22, 100.000000
63, 5, 23, 100.000000
63, 5, 24, 100.000000
63, 5, 25, 100.000000
63, 5, 26, 100.000000
63, 5, 27, 100.000000
63, 5, 28, 100.000000
63, 5, 29, 100.000000
63, 5, 30, 100.000000
63, 5, 31, 100.000000
63, 5, 32, 100.000000
63, 5, 33, 100.000000
63, 5, 34, 100.000000
63, 6, 0, 0.396230
63, 6, 1, -0.112169
63, 6, 2, -0.392423
63, 6, 3, -0.448472
63, 6, 4, -0.428924
63, 6, 5, -0.455959
63, 6, 6, -0.451295
63, 6, 7, -0.420622
63, 6, 8, -0.433412
63, 6, 9, -0.442111
63, 6, 10, -0.435269
63, 6, 11, -0.421232
63, 6, 12, -0.356082
63, 6, 13, -0.163092
63, 6, 14, 0.160255
63, 6, 15, 0.597312
63, 6, 16, 1.175181
63, 6, 17, 1.871215
63, 6, 18, 100.000000
63, 6, 19, 100.000000
63, 6, 20, 100.000000
63, 6, 21, 100.000000
63, 6, 22, 100.000000
63, 6, 23, 100.000000
63, 6, 24, 100.000000
63, 6, 25, 100.000000
63, 6, 26, 100.000000
63, 6, 27, 100.000000
63, 6, 28, 100.000000
63, 6, 29, 100.000000
63, 6, 30, 100.000000
63, 6, 31, 100.000000
63, 6, 32, 100.000000
63, 6, 33, 100.000000
63, 6, 34, 100.000000
63, 7, 0, 0.372805
63, 7, 1, -0.132819
63, 7, 2, -0.385483
63, 7, 3, -0.427534
63, 7, 4, -0.447533
63, 7, 5, -0.448486
63, 7, 6, -0.430974
63, 7, 7, -0.405877
63, 7, 8, -0.440174
63, 7, 9, -0.462344
63, 7, 10, -0.434964
63, 7, 11, -0.419911
63, 7, 12, -0.357256
63, 7, 13, -0.158803
63, 7, 14, 0.172564
63, 7, 15, 0.628356
63, 7, 16, 1.151863
63, 7, 17, 1.852125
63, 7, 18, 100.000000
63, 7, 19, 100.000000
63, 7, 20, 100.000000
63, 7, 21, 100.000000
63, 7, 22, 100.000000
63, 7, 23, 100.000000
63, 7, 24, 100.000000
63, 7, 25, 100.000000
63, 7, 26, 100.000000
63, 7, 27, 100.000000
63, 7, 28, 100.000000
63, 7, 29, 100.000000
63, 7, 30, 100.000000
63, 7, 31, 100.000000
63, 7, 32, 100.000000
63, 7, 33, 100.000000
63, 7, 34, 100.000000
63, 8, 0, 0.355060
63, 8, 1, -0.156048
63, 8, 2, -0.426009
63, 8, 3, -0.454255
63, 8, 4, -0.452084
63, 8, 5, -0.448941
63, 8, 6, -0.432262
63, 8, 7, -0.407924
63, 8, 8, -0.421756
63, 8, 9, -0.450327
63, 8, 10, -0.449345
63, 8, 11, -0.417264
63, 8, 12, -0.354262
63, 8, 13, -0.183859
63, 8, 14, 0.160365
63, 8, 15, 0.655151
63, 8, 16, 1.144359
63, 8, 17, 1.784177
63, 8, 18, 100.000000
63, 8, 19, 100.000000
63, 8, 20, 100.000000
63, 8, 21, 100.000000
63, 8, 22, 100.000000
63, 8, 23, 100.000000
63, 8, 24, 100.000000
63, 8, 25, 100.000000
63, 8, 26, 100.000000
63, 8, 27, 100.000000
63, 8, 28, 100.000000
63, 8, 29, 100.000000
63, 8, 30, 100.000000
63, 8, 31, 100.000000
63, 8, 32, 100.000000
63, 8, 33, 100.000000
63, 8, 34, 100.000000
63, 9, 0, 0.361973
63, 9, 1, -0.148857
63, 9, 2, -0.436704
63, 9, 3, -0.456303
63, 9, 4, -0.441026
63, 9, 5, -0.463440
63, 9, 6, -0.442859
63, 9, 7, -0.401578
63, 9, 8, -0.403224
63, 9, 9, -0.430032
63, 9, 10, -0.450620
63, 9, 11, -0.426640
63, 9, 12, -0.355694
63, 9, 13, -0.218035
63, 9, 14, 0.120749
63, 9, 15, 0.622413
63, 9, 16, 1.139230
63, 9, 17, 1.749580
63, 9, 18, 100.000000
63, 9, 19, 100.000000
63, 9, 20, 100.000000
63, 9, 21, 100.000000
63, 9, 22, 100.000000
63, 9, 23, 100.000000
63, 9, 24, 100.000000
63, 9, 25, 100.000000
63, 9, 26, 100.000000
63, 9, 27, 100.000000
63, 9, 28, 100.000000
63, 9, 29, 100.000000
63, 9, 30, 100.000000
63, 9, 31, 100.000000
63, 9, 32, 100.000000
63, 9, 33, 100.000000
63, 9, 34, 100.000000
63, 10, 0, 0.364033
63, 10, 1, -0.165546
63, 10, 2, -0.438884
63, 10, 3, -0.443460
63, 10, 4, -0.435907
63, 10, 5, -0.480043
63, 10, 6, -0.462458
63, 10, 7, -0.414557
63, 10, 8, -0.406391
63, 10, 9, -0.423990
63, 10, 10, -0.442807
63, 10, 11, -0.436536
63, 10, 12, -0.376711
63, 10, 13, -0.244453
63, 10, 14, 0.098569
63, 10, 15, 0.601310
63, 10, 16, 1.149826
63, 10, 17, 1.778499
63, 10, 18, 100.000000
63, 10, 19, 100.000000
63, 10, 20, 100.000000
63, 10, 21, 100.000000
63, 10, 22, 100.000000
63, 10, 23, 100.000000
63, 10, 24, 100.000000
63, 10, 25, 100.000000
63, 10, 26, 100.000000
63, 10, 27, 100.000000
63, 10, 28, 100.000000
63, 10, 29, 100.000000
63, 10, 30, 100.000000
63, 10, 31, 100.000000
63, 10, 32, 100.000000
63, 10, 33, 100.000000
63, 10, 34, 100.000000
63, 11, 0, 0.359911
63, 11, 1, -0.166279
63, 11, 2, -0.432082
63, 11, 3, -0.453546
63, 11, 4, -0.430110
63, 11, 5, -0.468789
63, 11, 6, -0.475414
63, 11, 7, -0.422558
63, 11, 8, -0.437258
63, 11, 9, -0.440756
63, 11, 10, -0.435820
63, 11, 11, -0.449626
63, 11, 12, -0.397169
63, 11, 13, -0.248604
63, 11, 14, 0.091311
63, 11, 15, 0.596592
63, 11, 16, 1.156887
63, 11, 17, 1.861081
63, 11, 18, 100.000000
63, 11, 19, 100.000000
63, 11, 20, 100.000000
63, 11, 21, 100.000000
63, 11, 22, 100.000000
63, 11, 23, 100.000000
63, 11, 24, 100.000000
63, 11, 25, 100.000000
63, 11, 26, 100.000000
63, 11, 27, 100.000000
63, 11, 28, 100.000000
63, 11, 29, 100.000000
63, 11, 30, 100.000000
63, 11, 31, 100.000000
63, 11, 32, 100.000000
63, 11, 33, 100.000000
63, 11, 34, 100.000000
63, 12, 0, 0.371509
63, 12, 1, -0.161151
63, 12, 2, -0.431463
63, 12, 3, -0.459552
63, 12, 4, -0.448732
63, 12, 5, -0.449245
63, 12, 6, -0.474422
63, 12, 7, -0.428418
63, 12, 8, -0.454450
63, 12, 9, -0.447568
63, 12, 10, -0.437126
63, 12, 11, -0.430733
63, 12, 12, -0.377659
63, 12, 13, -0.222051
63, 12, 14, 0.089968
63, 12, 15, 0.577015
63, 12, 16, 1.192532
63, 12, 17, 1.900885
63, 12, 18, 100.000000
63, 12, 19, 100.000000
63, 12, 20, 100.000000
63, 12, 21, 100.000000
63, 12, 22, 100.000000
63, 12, 23, 100.000000
63, 12, 24, 100.000000
63, 12, 25, 100.000000
63, 12, 26, 100.000000
63, 12, 27, 100.000000
63, 12, 28, 100.000000
63, 12, 29, 100.000000
63, 12, 30, 100.000000
63, 12, 31, 100.000000
63, 12, 32, 100.000000
63, 12, 33, 100.000000
63, 12, 34, 100.000000
63, 13, 0, 0.378700
63, 13, 1, -0.173527
63, 13, 2, -0.452302
63, 13, 3, -0.473530
63, 13, 4, -0.464283
63, 13, 5, -0.464727
63, 13, 6, -0.471160
63, 13, 7, -0.452121
63, 13, 8, -0.463615
63, 13, 9, -0.449120
63, 13, 10, -0.428543
63, 13, 11, -0.412126
63, 13, 12, -0.353680
63, 13, 13, -0.206672
63, 13, 14, 0.063490
63, 13, 15, 0.524778
63, 13, 16, 1.127009
63, 13, 17, 1.838569
63, 13, 18, 100.000000
63, 13, 19, 100.000000
63, 13, 20, 100.000000
63, 13, 21, 100.000000
63, 13, 22, 100.000000
63, 13, 23, 100.000000
63, 13, 24, 100.000000
63, 13, 25, 100.000000
63, 13, 26, 100.000000
63, 13, 27, 100.000000
63, 13, 28, 100.000000
63, 13, 29, 100.000000
63, 13, 30, 100.000000
63, 13, 31, 100.000000
63, 13, 32, 100.000000
63, 13, 33, 100.000000
63, 13, 34, 100.000000
63, 14, 0, 0.367051
63, 14, 1, -0.184421
63, 14, 2, -0.460280
63, 14, 3, -0.473726
63, 14, 4, -0.472544
63, 14, 5, -0.464400
63, 14, 6, -0.489847
63, 14, 7, -0.464761
63, 14, 8, -0.461847
63, 14, 9, -0.434736
63, 14, 10, -0.376716
63, 14, 11, -0.398988
63, 14, 12, -0.361884
63, 14, 13, -0.246520
63, 14, 14, 0.014488
63, 14, 15, 0.466176
63, 14, 16, 1.067102
63, 14, 17, 1.840086
63, 14, 18, 100.000000
63, 14, 19, 100.000000
63, 14, 20, 100.000000
63, 14, 21, 100.000000
63, 14, 22, 100.000000
63, 14, 23, 100.000000
63, 14, 24, 100.000000
63, 14, 25, 100.000000
63, 14, 26, 100.000000
63, 14, 27, 100.000000
63, 14, 28, 100.000000
63, 14, 29, 100.000000
63, 14, 30, 100.000000
63, 14, 31, 100.000000
63, 14, 32, 100.000000
63, 14, 33, 100.000000
63, 14, 34, 100.000000
63, 15, 0, 0.352234
63, 15, 1, -0.182042
63, 15, 2, -0.464629
63, 15, 3, -0.482468
63, 15, 4, -0.455546
63, 15, 5, -0.453842
63, 15, 6, -0.482947
63, 15, 7, -0.458775
63, 15, 8, -0.457663
63, 15, 9, -0.420242
63, 15, 10, -0.375539
63, 15, 11, -0.414769
63, 15, 12, -0.390403
63, 15, 13, -0.277118
63, 15, 14, -0.027168
63, 15, 15, 0.419504
63, 15, 16, 1.023402
63, 15, 17, 1.631209
63, 15, 18, 100.000000
63, 15, 19, 100.000000
63, 15, 20, 100.000000
63, 15, 21, 100.000000
63, 15, 22, 100.000000
63, 15, 23, 100.000000
63, 15, 24, 100.000000
63, 15, 25, 100.000000
63, 15, 26, 100.000000
63, 15, 27, 100.000000
63, 15, 28, 100.000000
63, 15, 29, 100.000000
63, 15, 30, 100.000000
63, 15, 31, 100.000000
63, 15, 32, 100.000000
63, 15, 33, 100.000000
63, 15, 34, 100.000000
63, 16, 0, 0.352997
63, 16, 1, -0.168866
63, 16, 2, -0.437093
63, 16, 3, -0.458231
63, 16, 4, -0.442664
63, 16, 5, -0.472917
63, 16, 6, -0.476414
63, 16, 7, -0.469676
63, 16, 8, -0.450148
63, 16, 9, -0.421813
63, 16, 10, -0.389706
63, 16, 11, -0.398344
63, 16, 12, -0.365447
63, 16, 13, -0.278282
63, 16, 14, -0.072013
63, 16, 15, 0.356885
63, 16, 16, 0.942042
63, 16, 17, 1.492553
63, 16, 18, 2.357124
63, 16, 19, 100.000000
63, 16, 20, 100.000000
63, 16, 21, 100.000000
63, 16, 22, 100.000000
63, 16, 23, 100.000000
63, 16, 24, 100.000000
63, 16, 25, 100.000000
63, 16, 26, 100.000000
63, 16, 27, 100.000000
63, 16, 28, 100.000000
63, 16, 29, 100.000000
63, 16, 30, 100.000000
63, 16, 31, 100.000000
63, 16, 32, 100.000000
63, 16, 33, 100.000000
63, 16, 34, 100.000000
63, 17, 0, 0.344353
63, 17, 1, -0.171158
63, 17, 2, -0.434702
63, 17, 3, -0.469541
63, 17, 4, -0.461343
63, 17, 5, -0.488016
63, 17, 6, -0.468724
63, 17, 7, -0.483269
63, 17, 8, -0.441427
63, 17, 9, -0.416942
63, 17, 10, -0.414203
63, 17, 11, -0.385711
63, 17, 12, -0.347399
63, 17, 13, -0.299753
63, 17, 14, -0.109391
63, 17, 15, 0.307233
63, 17, 16, 0.879142
63, 17, 17, 1.391393
63, 17, 18, 2.184326
63, 17, 19, 100.000000
63, 17, 20, 100.000000
63, 17, 21, 100.000000
63, 17, 22, 100.000000
63, 17, 23, 100.000000
63, 17, 24, 100.000000
63, 17, 25, 100.000000
63, 17, 26, 100.000000
63, 17, 27, 100.000000
63, 17, 28, 100.000000
63, 17, 29, 100.000000
63, 17, 30, 100.000000
63, 17, 31, 100.000000
63, 17, 32, 100.000000
63, 17, 33, 100.000000
63, 17, 34, 100.000000
63, 18, 0, 0.344449
63, 18, 1, -0.179734
63, 18, 2, -0.443405
63, 18, 3, -0.469022
63, 18, 4, -0.471262
63, 18, 5, -0.464805
63, 18, 6, -0.469883
63, 18, 7, -0.482886
63, 18, 8, -0.436445
63, 18, 9, -0.421369
63, 18, 10, -0.434277
63, 18, 11, -0.392955
63, 18, 12, -0.343068
63, 18, 13, -0.285811
63, 18, 14, -0.069941
63, 18, 15, 0.363252
63, 18, 16, 0.926186
63, 18, 17, 1.382683
63, 18, 18, 2.065170
63, 18, 19, 100.000000
63, 18, 20, 100.000000
63, 18, 21, 100.000000
63, 18, 22, 100.000000
63, 18, 23, 100.000000
63, 18, 24, 100.000000
63, 18, 25, 100.000000
63, 18, 26, 100.000000
63, 18, 27, 100.000000
63, 18, 28, 100.000000
63, 18, 29, 100.000000
63, 18, 30, 100.000000
63, 18, 31, 100.000000
63, 18, 32, 100.000000
63, 18, 33, 100.000000
63, 18, 34, 100.000000
63, 19, 0, 0.374852
63, 19, 1, -0.175048
63, 19, 2, -0.454019
63, 19, 3, -0.471171
63, 19, 4, -0.460428
63, 19, 5, -0.465830
63, 19, 6, -0.479404
63, 19, 7, -0.476858
63, 19, 8, -0.442524
63, 19, 9, -0.441539
63, 19, 10, -0.441495
63, 19, 11, -0.387038
63, 19, 12, -0.310501
63, 19, 13, -0.223241
63, 19, 14, 0.024541
63, 19, 15, 0.469246
63, 19, 16, 1.035426
63, 19, 17, 1.475286
63, 19, 18, 2.320305
63, 19, 19, 100.000000
63, 19, 20, 100.000000
63, 19, 21, 100.000000
63, 19, 22, 100.000000
63, 19, 23, 100.000000
63, 19, 24, 100.000000
63, 19, 25, 100.000000
63, 19, 26, 100.000000
63, 19, 27, 100.000000
63, 19, 28, 100.000000
63, 19, 29, 100.000000
63, 19, 30, 100.000000
63, 19, 31, 100.000000
63, 19, 32, 100.000000
63, 19, 33, 100.000000
63, 19, 34, 100.000000
63, 20, 0, 0.399702
63, 20, 1, -0.153940
63, 20, 2, -0.458136
63, 20, 3, -0.459331
63, 20, 4, -0.478151
63, 20, 5, -0.462645
63, 20, 6, -0.458122
63, 20, 7, -0.459627
63, 20, 8, -0.443626
63, 20, 9, -0.436365
63, 20, 10, -0.439665
63, 20, 11, -0.376080
63, 20, 12, -0.284258
63, 20, 13, -0.204374
63, 20, 14, 0.038942
63, 20, 15, 0.491885
63, 20, 16, 1.094815
63, 20, 17, 1.730685
63, 20, 18, 100.000000
63, 20, 19, 100.000000
63, 20, 20, 100.000000
63, 20, 21, 100.000000
63, 20, 22, 100.000000
63, 20, 23, 100.000000
63, 20, 24, 100.000000
63, 20, 25, 100.000000
63, 20, 26, 100.000000
63, 20, 27, 100.000000
63, 20, 28, 100.000000
63, 20, 29, 100.000000
63, 20, 30, 100.000000
63, 20, 31, 100.000000
63, 20, 32, 100.000000
63, 20, 33, 100.000000
63, 20, 34, 100.000000
63, 21, 0, 0.407073
63, 21, 1, -0.146516
63, 21, 2, -0.457024
63, 21, 3, -0.448394
63, 21, 4, -0.455643
63, 21, 5, -0.457382
63, 21, 6, -0.434130
63, 21, 7, -0.443578
63, 21, 8, -0.456988
63, 21, 9, -0.437445
63, 21, 10, -0.427121
63, 21, 11, -0.377284
63, 21, 12, -0.308973
63, 21, 13, -0.206868
63, 21, 14, 0.073021
63, 21, 15, 0.515758
63, 21, 16, 1.092064
63, 21, 17, 1.647055
63, 21, 18, 2.292224
63, 21, 19, 100.000000
63, 21, 20, 100.000000
63, 21, 21, 100.000000
63, 21, 22, 100.000000
63, 21, 23, 100.000000
63, 21, 24, 100.000000
63, 21, 25, 100.000000
63, 21, 26, 100.000000
63, 21, 27, 100.000000
63, 21, 28, 100.000000
63, 21, 29, 100.000000
63, 21, 30, 100.000000
63, 21, 31, 100.000000
63, 21, 32, 100.000000
63, 21, 33, 100.000000
63, 21, 34, 100.000000
63, 22, 0, 0.412062
63, 22, 1, -0.127089
63, 22, 2, -0.460418
63, 22, 3, -0.446426
63, 22, 4, -0.455658
63, 22, 5, -0.433009
63, 22, 6, -0.411889
63, 22, 7, -0.419744
63, 22, 8, -0.446774
63, 22, 9, -0.433029
63, 22, 10, -0.407032
63, 22, 11, -0.392538
63, 22, 12, -0.332779
63, 22, 13, -0.216946
63, 22, 14, 0.104732
63, 22, 15, 0.565313
63, 22, 16, 1.100133
63, 22, 17, 1.606188
63, 22, 18, 2.205594
63, 22, 19, 100.000000
63, 22, 20, 100.000000
63, 22, 21, 100.000000
63, 22, 22, 100.000000
63, 22, 23, 100.000000
63, 22, 24, 100.000000
63, 22, 25, 100.000000
63, 22, 26, 100.000000
63, 22, 27, 100.000000
63, 22, 28, 100.000000
63, 22, 29, 100.000000
63, 22, 30, 100.000000
63, 22, 31, 100.000000
63, 22, 32, 100.000000
63, 22, 33, 100.000000
63, 22, 34, 100.000000
63, 23, 0, 0.424142
63, 23, 1, -0.102793
63, 23, 2, -0.451386
63, 23, 3, -0.441896
63, 23, 4, -0.450826
63, 23, 5, -0.431872
63, 23, 6, -0.416498
63, 23, 7, -0.452376
63, 23, 8, -0.432393
63, 23, 9, -0.410101
63, 23, 10, -0.398019
63, 23, 11, -0.381543
63, 23, 12, -0.336689
63, 23, 13, -0.243728
63, 23, 14, 0.075482
63, 23, 15, 0.567446
63, 23, 16, 1.127633
63, 23, 17, 1.642432
63, 23, 18, 2.473880
63, 23, 19, 100.000000
63, 23, 20, 100.000000
63, 23, 21, 100.000000
63, 23, 22, 100.000000
63, 23, 23, 100.000000
63, 23, 24, 100.000000
63, 23, 25, 100.000000
63, 23, 26, 100.000000
63, 23, 27, 100.000000
63, 23, 28, 100.000000
63, 23, 29, 100.000000
63, 23, 30, 100.000000
63, 23, 31, 100.000000
63, 23, 32, 100.000000
63, 23, 33, 100.000000
63, 23, 34, 100.000000
63, 24, 0, 0.403572
63, 24, 1, -0.107639
63, 24, 2, -0.438569
63, 24, 3, -0.433734
63, 24, 4, -0.448424
63, 24, 5, -0.455016
63, 24, 6, -0.451420
63, 24, 7, -0.454303
63, 24, 8, -0.463273
63, 24, 9, -0.441891
63, 24, 10, -0.426461
63, 24, 11, -0.395722
63, 24, 12, -0.366417
63, 24, 13, -0.286754
63, 24, 14, 0.022137
63, 24, 15, 0.505803
63, 24, 16, 1.087104
63, 24, 17, 1.594072
63, 24, 18, 2.329201
63, 24, 19, 100.000000
63, 24, 20, 100.000000
63, 24, 21, 100.000000
63, 24, 22, 100.000000
63, 24, 23, 100.000000
63, 24, 24, 100.000000
63, 24, 25, 100.000000
63, 24, 26, 100.000000
63, 24, 27, 100.000000
63, 24, 28, 100.000000
63, 24, 29, 100.000000
63, 24, 30, 100.000000
63, 24, 31, 100.000000
63, 24, 32, 100.000000
63, 24, 33, 100.000000
63, 24, 34, 100.000000
63, 25, 0, 0.359383
63, 25, 1, -0.133035
63, 25, 2, -0.446188
63, 25, 3, -0.451304
63, 25, 4, -0.461749
63, 25, 5, -0.478733
63, 25, 6, -0.490523
63, 25, 7, -0.455189
63, 25, 8, -0.434384
63, 25, 9, -0.455643
63, 25, 10, -0.440511
63, 25, 11, -0.409383
63, 25, 12, -0.367946
63, 25, 13, -0.274546
63, 25, 14, -0.010732
63, 25, 15, 0.426000
63, 25, 16, 1.008488
63, 25, 17, 1.552015
63, 25, 18, 2.309021
63, 25, 19, 100.000000
63, 25, 20, 100.000000
63, 25, 21, 100.000000
63, 25, 22, 100.000000
63, 25, 23, 100.000000
63, 25, 24, 100.000000
63, 25, 25, 100.000000
63, 25, 26, 100.000000
63, 25, 27, 100.000000
63, 25, 28, 100.000000
63, 25, 29, 100.000000
63, 25, 30, 100.000000
63, 25, 31, 100.000000
63, 25, 32, 100.000000
63, 25, 33, 100.000000
63, 25, 34, 100.000000
63, 26, 0, 0.338009
63, 26, 1, -0.138762
63, 26, 2, -0.434148
63, 26, 3, -0.457374
63, 26, 4, -0.456680
63, 26, 5, -0.460240
63, 26, 6, -0.464313
63, 26, 7, -0.448927
63, 26, 8, -0.437586
63, 26, 9, -0.460089
63, 26, 10, -0.434378
63, 26, 11, -0.407771
63, 26, 12, -0.362142
63, 26, 13, -0.260061
63, 26, 14, -0.012156
63, 26, 15, 0.397093
63, 26, 16, 0.964350
63, 26, 17, 1.530279
63, 26, 18, 2.321921
63, 26, 19, 100.000000
63, 26, 20, 100.000000
63, 26, 21, 100.000000
63, 26, 22, 100.000000
63, 26, 23, 100.000000
63, 26, 24, 100.000000
63, 26, 25, 100.000000
63, 26, 26, 100.000000
63, 26, 27, 100.000000
63, 26, 28, 100.000000
63, 26, 29, 100.000000
63, 26, 30, 100.000000
63, 26, 31, 100.000000
63, 26, 32, 100.000000
63, 26, 33, 100.000000
63, 26, 34, 100.000000
63, 27, 0, 0.347320
63, 27, 1, -0.145628
63, 27, 2, -0.418351
63, 27, 3, -0.470265
63, 27, 4, -0.449106
63, 27, 5, -0.423602
63, 27, 6, -0.424601
63, 27, 7, -0.404344
63, 27, 8, -0.418234
63, 27, 9, -0.435842
63, 27, 10, -0.406728
63, 27, 11, -0.407857
63, 27, 12, -0.394591
63, 27, 13, -0.265663
63, 27, 14, -0.036390
63, 27, 15, 0.377976
63, 27, 16, 0.938486
63, 27, 17, 1.544455
63, 27, 18, 100.000000
63, 27, 19, 100.000000
63, 27, 20, 100.000000
63, 27, 21, 100.000000
63, 27, 22, 100.000000
63, 27, 23, 100.000000
63, 27, 24, 100.000000
63, 27, 25, 100.000000
63, 27, 26, 100.000000
63, 27, 27, 100.000000
63, 27, 28, 100.000000
63, 27, 29, 100.000000
63, 27, 30, 100.000000
63, 27, 31, 100.000000
63, 27, 32, 100.000000
63, 27, 33, 100.000000
63, 27, 34, 100.000000
63, 28, 0, 0.357494
63, 28, 1, -0.169875
63, 28, 2, -0.430204
63, 28, 3, -0.486098
63, 28, 4, -0.488118
63, 28, 5, -0.471126
63, 28, 6, -0.429461
63, 28, 7, -0.412744
63, 28, 8, -0.405656
63, 28, 9, -0.406383
63, 28, 10, -0.406344
63, 28, 11, -0.419560
63, 28, 12, -0.386441
63, 28, 13, -0.285118
63, 28, 14, -0.042835
63, 28, 15, 0.368300
63, 28, 16, 0.917394
63, 28, 17, 1.472848
63, 28, 18, 2.312950
63, 28, 19, 100.000000
63, 28, 20, 100.000000
63, 28, 21, 100.000000
63, 28, 22, 100.000000
63, 28, 23, 100.000000
63, 28, 24, 100.000000
63, 28, 25, 100.000000
63, 28, 26, 100.000000
63, 28, 27, 100.000000
63, 28, 28, 100.000000
63, 28, 29, 100.000000
63, 28, 30, 100.000000
63, 28, 31, 100.000000
63, 28, 32, 100.000000
63, 28, 33, 100.000000
63, 28, 34, 100.000000
63, 29, 0, 0.400477
63, 29, 1, -0.094790
63, 29, 2, -0.206101
63, 29, 3, -0.194985
63, 29, 4, -0.181827
63, 29, 5, -0.138549
63, 29, 6, -0.113829
63, 29, 7, -0.136596
63, 29, 8, -0.148248
63, 29, 9, -0.157411
63, 29, 10, -0.181784
63, 29, 11, -0.175265
63, 29, 12, -0.121207
63, 29, 13, -0.056607
63, 29, 14, 0.065923
63, 29, 15, 0.417401
63, 29, 16, 0.931003
63, 29, 17, 1.497589
63, 29, 18, 2.267182
63, 29, 19, 100.000000
63, 29, 20, 100.000000
63, 29, 21, 100.000000
63, 29, 22, 100.000000
63, 29, 23, 100.000000
63, 29, 24, 100.000000
63, 29, 25, 100.000000
63, 29, 26, 100.000000
63, 29, 27, 100.000000
63, 29, 28, 100.000000
63, 29, 29, 100.000000
63, 29, 30, 100.000000
63, 29, 31, 100.000000
63, 29, 32, 100.000000
63, 29, 33, 100.000000
63, 29, 34, 100.000000
64, 0, 0, 0.671299
64, 0, 1, 0.432364
64, 0, 2, 0.397079
64, 0, 3, 0.405568
64, 0, 4, 0.399425
64, 0, 5, 0.402804
64, 0, 6, 0.386372
64, 0, 7, 0.397484
64, 0, 8, 0.407513
64, 0, 9, 0.414553
64, 0, 10, 0.420314
64, 0, 11, 0.424928
64, 0, 12, 0.436050
64, 0, 13, 0.489564
64, 0, 14, 0.624012
64, 0, 15, 0.825238
64, 0, 16, 1.249029
64, 0, 17, 1.716083
64, 0, 18, 100.000000
64, 0, 19, 100.000000
64, 0, 20, 100.000000
64, 0, 21, 100.000000
64, 0, 22, 100.000000
64, 0, 23, 100.000000
64, 0, 24, 100.000000
64, 0, 25, 100.000000
64, 0, 26, 100.000000
64, 0, 27, 100.000000
64, 0, 28, 100.000000
64, 0, 29, 100.000000
64, 0, 30, 100.000000
64, 0, 31, 100.000000
64, 0, 32, 100.000000
64, 0, 33, 100.000000
64, 0, 34, 100.000000
64, 1, 0, 0.460547
64, 1, 1, 0.037337
64, 1, 2, -0.098577
64, 1, 3, -0.123206
64, 1, 4, -0.117394
64, 1, 5, -0.081006
64, 1, 6, -0.084522
64, 1, 7, -0.106716
64, 1, 8, -0.131300
64, 1, 9, -0.129532
64, 1, 10, -0.113884
64, 1, 11, -0.102806
64, 1, 12, -0.100046
64, 1, 13, -0.043368
64, 1, 14, 0.170512
64, 1, 15, 0.522519
64, 1, 16, 1.019164
64, 1, 17, 1.590872
64, 1, 18, 100.000000
64, 1, 19, 100.000000
64, 1, 20, 100.000000
64, 1, 21, 100.000000
64, 1, 22, 100.000000
64, 1, 23, 100.000000
64, 1, 24, 100.000000
64, 1, 25, 100.000000
64, 1, 26, 100.000000
64, 1, 27, 100.000000
64, 1, 28, 100.000000
64, 1, 29, 100.000000
64, 1, 30, 100.000000
64, 1, 31, 100.000000
64, 1, 32, 100.000000
64, 1, 33, 100.000000
64, 1, 34, 100.000000
64, 2, 0, 0.389159
64, 2, 1, -0.122926
64, 2, 2, -0.397779
64, 2, 3, -0.418686
64, 2, 4, -0.415522
64, 2, 5, -0.352053
64, 2, 6, -0.335709
64, 2, 7, -0.389678
64, 2, 8, -0.421116
64, 2, 9, -0.402068
64, 2, 10, -0.395395
64, 2, 11, -0.368471
64, 2, 12, -0.373559
64, 2, 13, -0.274945
64, 2, 14, 0.012803
64, 2, 15, 0.432491
64, 2, 16, 0.964629
64, 2, 17, 1.626624
64, 2, 18, 100.000000
64, 2, 19, 100.000000
64, 2, 20, 100.000000
64, 2, 21, 100.000000
64, 2, 22, 100.000000
64, 2, 23, 100.000000
64, 2, 24, 100.000000
64, 2, 25, 100.000000
64, 2, 26, 100.000000
64, 2, 27, 100.000000
64, 2, 28, 100.000000
64, 2, 29, 100.000000
64, 2, 30, 100.000000
64, 2, 31, 100.000000
64, 2, 32, 100.000000
64, 2, 33, 100.000000
64, 2, 34, 100.000000
64, 3, 0, 0.375992
64, 3, 1, -0.134046
64, 3, 2, -0.443374
64, 3, 3, -0.473368
64, 3, 4, -0.478105
64, 3, 5, -0.463267
64, 3, 6, -0.422950
64, 3, 7, -0.431489
64, 3, 8, -0.436642
64, 3, 9, -0.428233
64, 3, 10, -0.431714
64, 3, 11, -0.415927
64, 3, 12, -0.382472
64, 3, 13, -0.252241
64, 3, 14, 0.003508
64, 3, 15, 0.402088
64, 3, 16, 0.937594
64, 3, 17, 1.616662
64, 3, 18, 100.000000
64, 3, 19, 100.000000
64, 3, 20, 100.000000
64, 3, 21, 100.000000
64, 3, 22, 100.000000
64, 3, 23, 100.000000
64, 3, 24, 100.000000
64, 3, 25, 100.000000
64, 3, 26, 100.000000
64, 3, 27, 100.000000
64, 3, 28, 100.000000
64, 3, 29, 100.000000
64, 3, 30, 100.000000
64, 3, 31, 100.000000
64, 3, 32, 100.000000
64, 3, 33, 100.000000
64, 3, 34, 100.000000
64, 4, 0, 0.353379
64, 4, 1, -0.139814
64, 4, 2, -0.429964
64, 4, 3, -0.462414
64, 4, 4, -0.457369
64, 4, 5, -0.453852
64, 4, 6, -0.451694
64, 4, 7, -0.438480
64, 4, 8, -0.434537
64, 4, 9, -0.429830
64, 4, 10, -0.438332
64, 4, 11, -0.429055
64, 4, 12, -0.377291
64, 4, 13, -0.241243
64, 4, 14, 0.007528
64, 4, 15, 0.401885
64, 4, 16, 0.940127
64, 4, 17, 1.637930
64, 4, 18, 100.000000
64, 4, 19, 100.000000
64, 4, 20, 100.000000
64, 4, 21, 100.000000
64, 4, 22, 100.000000
64, 4, 23, 100.000000
64, 4, 24, 100.000000
64, 4, 25, 100.000000
64, 4, 26, 100.000000
64, 4, 27, 100.000000
64, 4, 28, 100.000000
64, 4, 29, 100.000000
64, 4, 30, 100.000000
64, 4, 31, 100.000000
64, 4, 32, 100.000000
64, 4, 33, 100.000000
64, 4, 34, 100.000000
64, 5, 0, 0.355401
64, 5, 1, -0.149175
64, 5, 2, -0.419673
64, 5, 3, -0.437122
64, 5, 4, -0.446150
64, 5, 5, -0.463167
64, 5, 6, -0.461719
64, 5, 7, -0.441066
64, 5, 8, -0.454981
64, 5, 9, -0.432675
64, 5, 10, -0.436744
64, 5, 11, -0.437858
64, 5, 12, -0.394268
64, 5, 13, -0.237375
64, 5, 14, 0.014916
64, 5, 15, 0.402636
64, 5, 16, 0.985701
64, 5, 17, 1.654839
64, 5, 18, 100.000000
64, 5, 19, 100.000000
64, 5, 20, 100.000000
64, 5, 21, 100.000000
64, 5, 22, 100.000000
64, 5, 23, 100.000000
64, 5, 24, 100.000000
64, 5, 25, 100.000000
64, 5, 26, 100.000000
64, 5, 27, 100.000000
64, 5, 28, 100.000000
64, 5, 29, 100.000000
64, 5, 30, 100.000000
64, 5, 31, 100.000000
64, 5, 32, 100.000000
64, 5, 33, 100.000000
64, 5, 34, 100.000000
64, 6, 0, 0.370047
64, 6, 1, -0.153318
64, 6, 2, -0.416956
64, 6, 3, -0.426703
64, 6, 4, -0.437431
64, 6, 5, -0.455689
64, 6, 6, -0.455526
64, 6, 7, -0.435295
64, 6, 8, -0.448330
64, 6, 9, -0.446564
64, 6, 10, -0.429163
64, 6, 11, -0.430398
64, 6, 12, -0.391287
64, 6, 13, -0.239198
64, 6, 14, 0.022747
64, 6, 15, 0.423425
64, 6, 16, 1.018784
64, 6, 17, 1.654257
64, 6, 18, 100.000000
64, 6, 19, 100.000000
64, 6, 20, 100.000000
64, 6, 21, 100.000000
64, 6, 22, 100.000000
64, 6, 23, 100.000000
64, 6, 24, 100.000000
64, 6, 25, 100.000000
64, 6, 26, 100.000000
64, 6, 27, 100.000000
64, 6, 28, 100.000000
64, 6, 29, 100.000000
64, 6, 30, 100.000000
64, 6, 31, 100.000000
64, 6, 32, 100.000000
64, 6, 33, 100.000000
64, 6, 34, 100.000000
64, 7, 0, 0.363020
64, 7, 1, -0.159849
64, 7, 2, -0.425547
64, 7, 3, -0.434580
64, 7, 4, -0.437274
64, 7, 5, -0.441502
64, 7, 6, -0.442379
64, 7, 7, -0.432858
64, 7, 8, -0.461577
64, 7, 9, -0.453282
64, 7, 10, -0.424251
64, 7, 11, -0.402299
64, 7, 12, -0.371497
64, 7, 13, -0.249146
64, 7, 14, 0.002017
64, 7, 15, 0.431073
64, 7, 16, 1.012387
64, 7, 17, 1.687912
64, 7, 18, 100.000000
64, 7, 19, 100.000000
64, 7, 20, 100.000000
64, 7, 21, 100.000000
64, 7, 22, 100.000000
64, 7, 23, 100.000000
64, 7, 24, 100.000000
64, 7, 25, 100.000000
64, 7, 26, 100.000000
64, 7, 27, 100.000000
64, 7, 28, 100.000000
64, 7, 29, 100.000000
64, 7, 30, 100.000000
64, 7, 31, 100.000000
64, 7, 32, 100.000000
64, 7, 33, 100.000000
64, 7, 34, 100.000000
64, 8, 0, 0.355138
64, 8, 1, -0.159869
64, 8, 2, -0.439129
64, 8, 3, -0.473032
64, 8, 4, -0.455342
64, 8, 5, -0.438920
64, 8, 6, -0.420744
64, 8, 7, -0.426523
64, 8, 8, -0.471812
64, 8, 9, -0.455558
64, 8, 10, -0.442318
64, 8, 11, -0.405079
64, 8, 12, -0.353073
64, 8, 13, -0.274070
64, 8, 14, -0.027446
64, 8, 15, 0.427312
64, 8, 16, 0.981764
64, 8, 17, 1.694570
64, 8, 18, 100.000000
64, 8, 19, 100.000000
64, 8, 20, 100.000000
64, 8, 21, 100.000000
64, 8, 22, 100.000000
64, 8, 23, 100.000000
64, 8, 24, 100.000000
64, 8, 25, 100.000000
64, 8, 26, 100.000000
64, 8, 27, 100.000000
64, 8, 28, 100.000000
64, 8, 29, 100.000000
64, 8, 30, 100.000000
64, 8, 31, 100.000000
64, 8, 32, 100.000000
64, 8, 33, 100.000000
64, 8, 34, 100.000000
64, 9, 0, 0.365056
64, 9, 1, -0.143999
64, 9, 2, -0.442405
64, 9, 3, -0.481723
64, 9, 4, -0.450227
64, 9, 5, -0.419286
64, 9, 6, -0.399895
64, 9, 7, -0.394179
64, 9, 8, -0.430797
64, 9, 9, -0.451243
64, 9, 10, -0.463027
64, 9, 11, -0.428534
64, 9, 12, -0.363367
64, 9, 13, -0.289285
64, 9, 14, -0.060974
64, 9, 15, 0.395228
64, 9, 16, 0.989537
64, 9, 17, 1.774188
64, 9, 18, 100.000000
64, 9, 19, 100.000000
64, 9, 20, 100.000000
64, 9, 21, 100.000000
64, 9, 22, 100.000000
64, 9, 23, 100.000000
64, 9, 24, 100.000000
64, 9, 25, 100.000000
64, 9, 26, 100.000000
64, 9, 27, 100.000000
64, 9, 28, 100.000000
64, 9, 29, 100.000000
64, 9, 30, 100.000000
64, 9, 31, 100.000000
64, 9, 32, 100.000000
64, 9, 33, 100.000000
64, 9, 34, 100.000000
64, 10, 0, 0.362683
64, 10, 1, -0.151985
64, 10, 2, -0.449295
64, 10, 3, -0.485528
64, 10, 4, -0.432960
64, 10, 5, -0.438606
64, 10, 6, -0.423729
64, 10, 7, -0.398032
64, 10, 8, -0.417620
64, 10, 9, -0.430685
64, 10, 10, -0.463242
64, 10, 11, -0.461973
64, 10, 12, -0.398769
64, 10, 13, -0.307361
64, 10, 14, -0.058453
64, 10, 15, 0.384628
64, 10, 16, 0.979922
64, 10, 17, 1.629932
64, 10, 18, 2.362541
64, 10, 19, 100.000000
64, 10, 20, 100.000000
64, 10, 21, 100.000000
64, 10, 22, 100.000000
64, 10, 23, 100.000000
64, 10, 24, 100.000000
64, 10, 25, 100.000000
64, 10, 26, 100.000000
64, 10, 27, 100.000000
64, 10, 28, 100.000000
64, 10, 29, 100.000000
64, 10, 30, 100.000000
64, 10, 31, 100.000000
64, 10, 32, 100.000000
64, 10, 33, 100.000000
64, 10, 34, 100.000000
64, 11, 0, 0.357893
64, 11, 1, -0.153430
64, 11, 2, -0.435933
64, 11, 3, -0.482175
64, 11, 4, -0.427063
64, 11, 5, -0.436869
64, 11, 6, -0.448373
64, 11, 7, -0.415152
64, 11, 8, -0.437839
64, 11, 9, -0.446839
64, 11, 10, -0.447321
64, 11, 11, -0.470318
64, 11, 12, -0.430183
64, 11, 13, -0.317838
64, 11, 14, -0.055530
64, 11, 15, 0.389241
64, 11, 16, 0.944747
64, 11, 17, 1.573967
64, 11, 18, 2.243689
64, 11, 19, 100.000000
64, 11, 20, 100.000000
64, 11, 21, 100.000000
64, 11, 22, 100.000000
64, 11, 23, 100.000000
64, 11, 24, 100.000000
64, 11, 25, 100.000000
64, 11, 26, 100.000000
64, 11, 27, 100.000000
64, 11, 28, 100.000000
64, 11, 29, 100.000000
64, 11, 30, 100.000000
64, 11, 31, 100.000000
64, 11, 32, 100.000000
64, 11, 33, 100.000000
64, 11, 34, 100.000000
64, 12, 0, 0.372413
64, 12, 1, -0.146327
64, 12, 2, -0.435542
64, 12, 3, -0.472920
64, 12, 4, -0.432490
64, 12, 5, -0.422420
64, 12, 6, -0.448112
64, 12, 7, -0.433897
64, 12, 8, -0.441912
64, 12, 9, -0.472496
64, 12, 10, -0.452936
64, 12, 11, -0.445893
64, 12, 12, -0.426974
64, 12, 13, -0.313369
64, 12, 14, -0.035107
64, 12, 15, 0.391092
64, 12, 16, 0.958207
64, 12, 17, 1.585795
64, 12, 18, 2.263860
64, 12, 19, 100.000000
64, 12, 20, 100.000000
64, 12, 21, 100.000000
64, 12, 22, 100.000000
64, 12, 23, 100.000000
64, 12, 24, 100.000000
64, 12, 25, 100.000000
64, 12, 26, 100.000000
64, 12, 27, 100.000000
64, 12, 28, 100.000000
64, 12, 29, 100.000000
64, 12, 30, 100.000000
64, 12, 31, 100.000000
64, 12, 32, 100.000000
64, 12, 33, 100.000000
64, 12, 34, 100.000000
64, 13, 0, 0.372131
64, 13, 1, -0.155249
64, 13, 2, -0.447717
64, 13, 3, -0.450229
64, 13, 4, -0.440925
64, 13, 5, -0.436702
64, 13, 6, -0.443278
64, 13, 7, -0.446546
64, 13, 8, -0.462701
64, 13, 9, -0.465427
64, 13, 10, -0.467033
64, 13, 11, -0.461637
64, 13, 12, -0.429991
64, 13, 13, -0.310635
64, 13, 14, -0.029194
64, 13, 15, 0.376330
64, 13, 16, 0.934429
64, 13, 17, 1.607320
64, 13, 18, 2.447571
64, 13, 19, 100.000000
64, 13, 20, 100.000000
64, 13, 21, 100.000000
64, 13, 22, 100.000000
64, 13, 23, 100.000000
64, 13, 24, 100.000000
64, 13, 25, 100.000000
64, 13, 26, 100.000000
64, 13, 27, 100.000000
64, 13, 28, 100.000000
64, 13, 29, 100.000000
64, 13, 30, 100.000000
64, 13, 31, 100.000000
64, 13, 32, 100.000000
64, 13, 33, 100.000000
64, 13, 34, 100.000000
64, 14, 0, 0.360626
64, 14, 1, -0.173025
64, 14, 2, -0.450792
64, 14, 3, -0.443937
64, 14, 4, -0.449979
64, 14, 5, -0.449782
64, 14, 6, -0.450358
64, 14, 7, -0.454310
64, 14, 8, -0.461597
64, 14, 9, -0.445407
64, 14, 10, -0.423393
64, 14, 11, -0.419652
64, 14, 12, -0.399485
64, 14, 13, -0.295779
64, 14, 14, -0.074122
64, 14, 15, 0.318283
64, 14, 16, 0.902249
64, 14, 17, 1.555091
64, 14, 18, 2.441205
64, 14, 19, 100.000000
64, 14, 20, 100.000000
64, 14, 21, 100.000000
64, 14, 22, 100.000000
64, 14, 23, 100.000000
64, 14, 24, 100.000000
64, 14, 25, 100.000000
64, 14, 26, 100.000000
64, 14, 27, 100.000000
64, 14, 28, 100.000000
64, 14, 29, 100.000000
64, 14, 30, 100.000000
64, 14, 31, 100.000000
64, 14, 32, 100.000000
64, 14, 33, 100.000000
64, 14, 34, 100.000000
64, 15, 0, 0.357246
64, 15, 1, -0.161747
64, 15, 2, -0.446517
64, 15, 3, -0.457222
64, 15, 4, -0.447658
64, 15, 5, -0.452254
64, 15, 6, -0.448188
64, 15, 7, -0.443234
64, 15, 8, -0.449984
64, 15, 9, -0.439231
64, 15, 10, -0.424089
64, 15, 11, -0.450326
64, 15, 12, -0.428873
64, 15, 13, -0.332758
64, 15, 14, -0.136034
64, 15, 15, 0.270241
64, 15, 16, 0.859235
64, 15, 17, 1.509415
64, 15, 18, 2.288274
64, 15, 19, 100.000000
64, 15, 20, 100.000000
64, 15, 21, 100.000000
64, 15, 22, 100.000000
64, 15, 23, 100.000000
64, 15, 24, 100.000000
64, 15, 25, 100.000000
64, 15, 26, 100.000000
64, 15, 27, 100.000000
64, 15, 28, 100.000000
64, 15, 29, 100.000000
64, 15, 30, 100.000000
64, 15, 31, 100.000000
64, 15, 32, 100.000000
64, 15, 33, 100.000000
64, 15, 34, 100.000000
64, 16, 0, 0.374627
64, 16, 1, -0.143067
64, 16, 2, -0.441461
64, 16, 3, -0.447035
64, 16, 4, -0.452587
64, 16, 5, -0.453868
64, 16, 6, -0.475681
64, 16, 7, -0.454534
64, 16, 8, -0.455851
64, 16, 9, -0.441974
64, 16, 10, -0.438693
64, 16, 11, -0.441252
64, 16, 12, -0.418193
64, 16, 13, -0.341887
64, 16, 14, -0.153918
64, 16, 15, 0.240252
64, 16, 16, 0.794000
64, 16, 17, 1.417205
64, 16, 18, 2.133308
64, 16, 19, 100.000000
64, 16, 20, 100.000000
64, 16, 21, 100.000000
64, 16, 22, 100.000000
64, 16, 23, 100.000000
64, 16, 24, 100.000000
64, 16, 25, 100.000000
64, 16, 26, 100.000000
64, 16, 27, 100.000000
64, 16, 28, 100.000000
64, 16, 29, 100.000000
64, 16, 30, 100.000000
64, 16, 31, 100.000000
64, 16, 32, 100.000000
64, 16, 33, 100.000000
64, 16, 34, 100.000000
64, 17, 0, 0.388712
64, 17, 1, -0.148825
64, 17, 2, -0.448481
64, 17, 3, -0.454438
64, 17, 4, -0.449577
64, 17, 5, -0.460814
64, 17, 6, -0.479684
64, 17, 7, -0.449286
64, 17, 8, -0.446961
64, 17, 9, -0.448362
64, 17, 10, -0.457789
64, 17, 11, -0.421035
64, 17, 12, -0.401884
64, 17, 13, -0.348124
64, 17, 14, -0.170903
64, 17, 15, 0.205700
64, 17, 16, 0.726875
64, 17, 17, 1.321289
64, 17, 18, 1.972944
64, 17, 19, 100.000000
64, 17, 20, 100.000000
64, 17, 21, 100.000000
64, 17, 22, 100.000000
64, 17, 23, 100.000000
64, 17, 24, 100.000000
64, 17, 25, 100.000000
64, 17, 26, 100.000000
64, 17, 27, 100.000000
64, 17, 28, 100.000000
64, 17, 29, 100.000000
64, 17, 30, 100.000000
64, 17, 31, 100.000000
64, 17, 32, 100.000000
64, 17, 33, 100.000000
64, 17, 34, 100.000000
64, 18, 0, 0.398520
64, 18, 1, -0.152399
64, 18, 2, -0.456598
64, 18, 3, -0.450028
64, 18, 4, -0.445015
64, 18, 5, -0.462681
64, 18, 6, -0.463865
64, 18, 7, -0.445261
64, 18, 8, -0.428695
64, 18, 9, -0.450680
64, 18, 10, -0.482563
64, 18, 11, -0.432400
64, 18, 12, -0.378127
64, 18, 13, -0.327411
64, 18, 14, -0.141241
64, 18, 15, 0.218292
64, 18, 16, 0.715624
64, 18, 17, 1.285121
64, 18, 18, 1.901942
64, 18, 19, 100.000000
64, 18, 20, 100.000000
64, 18, 21, 100.000000
64, 18, 22, 100.000000
64, 18, 23, 100.000000
64, 18, 24, 100.000000
64, 18, 25, 100.000000
64, 18, 26, 100.000000
64, 18, 27, 100.000000
64, 18, 28, 100.000000
64, 18, 29, 100.000000
64, 18, 30, 100.000000
64, 18, 31, 100.000000
64, 18, 32, 100.000000
64, 18, 33, 100.000000
64, 18, 34, 100.000000
64, 19, 0, 0.416097
64, 19, 1, -0.161801
64, 19, 2, -0.459640
64, 19, 3, -0.439053
64, 19, 4, -0.435448
64, 19, 5, -0.474501
64, 19, 6, -0.490299
64, 19, 7, -0.456197
64, 19, 8, -0.422833
64, 19, 9, -0.445481
64, 19, 10, -0.472334
64, 19, 11, -0.436922
64, 19, 12, -0.342333
64, 19, 13, -0.263501
64, 19, 14, -0.075303
64, 19, 15, 0.267721
64, 19, 16, 0.763531
64, 19, 17, 1.279140
64, 19, 18, 2.063732
64, 19, 19, 100.000000
64, 19, 20, 100.000000
64, 19, 21, 100.000000
64, 19, 22, 100.000000
64, 19, 23, 100.000000
64, 19, 24, 100.000000
64, 19, 25, 100.000000
64, 19, 26, 100.000000
64, 19, 27, 100.000000
64, 19, 28, 100.000000
64, 19, 29, 100.000000
64, 19, 30, 100.000000
64, 19, 31, 100.000000
64, 19, 32, 100.000000
64, 19, 33, 100.000000
64, 19, 34, 100.000000
64, 20, 0, 0.419173
64, 20, 1, -0.160331
64, 20, 2, -0.459679
64, 20, 3, -0.435793
64, 20, 4, -0.432906
64, 20, 5, -0.439865
64, 20, 6, -0.454434
64, 20, 7, -0.440556
64, 20, 8, -0.420442
64, 20, 9, -0.440749
64, 20, 10, -0.479701
64, 20, 11, -0.427542
64, 20, 12, -0.314118
64, 20, 13, -0.232952
64, 20, 14, -0.092621
64, 20, 15, 0.266617
64, 20, 16, 0.790747
64, 20, 17, 1.304859
64, 20, 18, 2.002594
64, 20, 19, 100.000000
64, 20, 20, 100.000000
64, 20, 21, 100.000000
64, 20, 22, 100.000000
64, 20, 23, 100.000000
64, 20, 24, 100.000000
64, 20, 25, 100.000000
64, 20, 26, 100.000000
64, 20, 27, 100.000000
64, 20, 28, 100.000000
64, 20, 29, 100.000000
64, 20, 30, 100.000000
64, 20, 31, 100.000000
64, 20, 32, 100.000000
64, 20, 33, 100.000000
64, 20, 34, 100.000000
64, 21, 0, 0.406158
64, 21, 1, -0.160025
64, 21, 2, -0.470302
64, 21, 3, -0.448673
64, 21, 4, -0.431506
64, 21, 5, -0.441563
64, 21, 6, -0.429538
64, 21, 7, -0.424882
64, 21, 8, -0.437827
64, 21, 9, -0.443811
64, 21, 10, -0.450834
64, 21, 11, -0.411972
64, 21, 12, -0.345104
64, 21, 13, -0.275943
64, 21, 14, -0.105840
64, 21, 15, 0.271018
64, 21, 16, 0.791639
64, 21, 17, 1.291555
64, 21, 18, 1.837375
64, 21, 19, 100.000000
64, 21, 20, 100.000000
64, 21, 21, 100.000000
64, 21, 22, 100.000000
64, 21, 23, 100.000000
64, 21, 24, 100.000000
64, 21, 25, 100.000000
64, 21, 26, 100.000000
64, 21, 27, 100.000000
64, 21, 28, 100.000000
64, 21, 29, 100.000000
64, 21, 30, 100.000000
64, 21, 31, 100.000000
64, 21, 32, 100.000000
64, 21, 33, 100.000000
64, 21, 34, 100.000000
64, 22, 0, 0.409954
64, 22, 1, -0.136184
64, 22, 2, -0.464744
64, 22, 3, -0.430014
64, 22, 4, -0.452760
64, 22, 5, -0.452193
64, 22, 6, -0.423498
64, 22, 7, -0.435275
64, 22, 8, -0.427952
64, 22, 9, -0.419392
64, 22, 10, -0.412713
64, 22, 11, -0.413413
64, 22, 12, -0.386708
64, 22, 13, -0.328291
64, 22, 14, -0.106541
64, 22, 15, 0.291689
64, 22, 16, 0.797198
64, 22, 17, 1.248963
64, 22, 18, 1.762635
64, 22, 19, 100.000000
64, 22, 20, 100.000000
64, 22, 21, 100.000000
64, 22, 22, 100.000000
64, 22, 23, 100.000000
64, 22, 24, 100.000000
64, 22, 25, 100.000000
64, 22, 26, 100.000000
64, 22, 27, 100.000000
64, 22, 28, 100.000000
64, 22, 29, 100.000000
64, 22, 30, 100.000000
64, 22, 31, 100.000000
64, 22, 32, 100.000000
64, 22, 33, 100.000000
64, 22, 34, 100.000000
64, 23, 0, 0.400088
64, 23, 1, -0.128154
64, 23, 2, -0.447399
64, 23, 3, -0.427024
64, 23, 4, -0.453122
64, 23, 5, -0.466060
64, 23, 6, -0.449757
64, 23, 7, -0.474186
64, 23, 8, -0.458295
64, 23, 9, -0.410029
64, 23, 10, -0.399990
64, 23, 11, -0.415335
64, 23, 12, -0.416146
64, 23, 13, -0.359409
64, 23, 14, -0.112218
64, 23, 15, 0.309634
64, 23, 16, 0.793512
64, 23, 17, 1.242803
64, 23, 18, 1.915833
64, 23, 19, 100.000000
64, 23, 20, 100.000000
64, 23, 21, 100.000000
64, 23, 22, 100.000000
64, 23, 23, 100.000000
64, 23, 24, 100.000000
64, 23, 25, 100.000000
64, 23, 26, 100.000000
64, 23, 27, 100.000000
64, 23, 28, 100.000000
64, 23, 29, 100.000000
64, 23, 30, 100.000000
64, 23, 31, 100.000000
64, 23, 32, 100.000000
64, 23, 33, 100.000000
64, 23, 34, 100.000000
64, 24, 0, 0.372865
64, 24, 1, -0.147331
64, 24, 2, -0.444256
64, 24, 3, -0.430969
64, 24, 4, -0.469752
64, 24, 5, -0.483894
64, 24, 6, -0.461148
64, 24, 7, -0.446205
64, 24, 8, -0.453774
64, 24, 9, -0.427135
64, 24, 10, -0.437593
64, 24, 11, -0.442161
64, 24, 12, -0.384040
64, 24, 13, -0.334089
64, 24, 14, -0.141417
64, 24, 15, 0.289453
64, 24, 16, 0.803459
64, 24, 17, 1.249063
64, 24, 18, 1.901461
64, 24, 19, 100.000000
64, 24, 20, 100.000000
64, 24, 21, 100.000000
64, 24, 22, 100.000000
64, 24, 23, 100.000000
64, 24, 24, 100.000000
64, 24, 25, 100.000000
64, 24, 26, 100.000000
64, 24, 27, 100.000000
64, 24, 28, 100.000000
64, 24, 29, 100.000000
64, 24, 30, 100.000000
64, 24, 31, 100.000000
64, 24, 32, 100.000000
64, 24, 33, 100.000000
64, 24, 34, 100.000000
64, 25, 0, 0.338960
64, 25, 1, -0.156331
64, 25, 2, -0.454323
64, 25, 3, -0.456257
64, 25, 4, -0.467082
64, 25, 5, -0.480634
64, 25, 6, -0.484234
64, 25, 7, -0.476945
64, 25, 8, -0.441934
64, 25, 9, -0.425098
64, 25, 10, -0.428934
64, 25, 11, -0.433752
64, 25, 12, -0.373471
64, 25, 13, -0.325002
64, 25, 14, -0.154008
64, 25, 15, 0.235805
64, 25, 16, 0.750886
64, 25, 17, 1.218072
64, 25, 18, 1.847320
64, 25, 19, 100.000000
64, 25, 20, 100.000000
64, 25, 21, 100.000000
64, 25, 22, 100.000000
64, 25, 23, 100.000000
64, 25, 24, 100.000000
64, 25, 25, 100.000000
64, 25, 26, 100.000000
64, 25, 27, 100.000000
64, 25, 28, 100.000000
64, 25, 29, 100.000000
64, 25, 30, 100.000000
64, 25, 31, 100.000000
64, 25, 32, 100.000000
64, 25, 33, 100.000000
64, 25, 34, 100.000000
64, 26, 0, 0.346916
64, 26, 1, -0.148978
64, 26, 2, -0.438607
64, 26, 3, -0.455526
64, 26, 4, -0.442360
64, 26, 5, -0.452748
64, 26, 6, -0.452176
64, 26, 7, -0.466753
64, 26, 8, -0.421701
64, 26, 9, -0.429056
64, 26, 10, -0.430593
64, 26, 11, -0.443635
64, 26, 12, -0.383368
64, 26, 13, -0.294005
64, 26, 14, -0.140247
64, 26, 15, 0.202442
64, 26, 16, 0.726901
64, 26, 17, 1.270525
64, 26, 18, 1.865031
64, 26, 19, 100.000000
64, 26, 20, 100.000000
64, 26, 21, 100.000000
64, 26, 22, 100.000000
64, 26, 23, 100.000000
64, 26, 24, 100.000000
64, 26, 25, 100.000000
64, 26, 26, 100.000000
64, 26, 27, 100.000000
64, 26, 28, 100.000000
64, 26, 29, 100.000000
64, 26, 30, 100.000000
64, 26, 31, 100.000000
64, 26, 32, 100.000000
64, 26, 33, 100.000000
64, 26, 34, 100.000000
64, 27, 0, 0.376980
64, 27, 1, -0.135769
64, 27, 2, -0.414517
64, 27, 3, -0.447337
64, 27, 4, -0.412472
64, 27, 5, -0.397793
64, 27, 6, -0.411372
64, 27, 7, -0.436473
64, 27, 8, -0.428421
64, 27, 9, -0.443158
64, 27, 10, -0.433823
64, 27, 11, -0.427113
64, 27, 12, -0.379397
64, 27, 13, -0.279039
64, 27, 14, -0.158032
64, 27, 15, 0.174897
64, 27, 16, 0.726905
64, 27, 17, 1.368524
64, 27, 18, 2.122170
64, 27, 19, 100.000000
64, 27, 20, 100.000000
64, 27, 21, 100.000000
64, 27, 22, 100.000000
64, 27, 23, 100.000000
64, 27, 24, 100.000000
64, 27, 25, 100.000000
64, 27, 26, 100.000000
64, 27, 27, 100.000000
64, 27, 28, 100.000000
64, 27, 29, 100.000000
64, 27, 30, 100.000000
64, 27, 31, 100.000000
64, 27, 32, 100.000000
64, 27, 33, 100.000000
64, 27, 34, 100.000000
64, 28, 0, 0.401774
64, 28, 1, -0.144229
64, 28, 2, -0.410914
64, 28, 3, -0.452176
64, 28, 4, -0.461852
64, 28, 5, -0.421100
64, 28, 6, -0.396342
64, 28, 7, -0.408100
64, 28, 8, -0.410628
64, 28, 9, -0.431028
64, 28, 10, -0.430004
64, 28, 11, -0.406023
64, 28, 12, -0.367093
64, 28, 13, -0.306493
64, 28, 14, -0.197953
64, 28, 15, 0.143909
64, 28, 16, 0.726267
64, 28, 17, 1.391216
64, 28, 18, 2.180683
64, 28, 19, 100.000000
64, 28, 20, 100.000000
64, 28, 21, 100.000000
64, 28, 22, 100.000000
64, 28, 23, 100.000000
64, 28, 24, 100.000000
64, 28, 25, 100.000000
64, 28, 26, 100.000000
64, 28, 27, 100.000000
64, 28, 28, 100.000000
64, 28, 29, 100.000000
64, 28, 30, 100.000000
64, 28, 31, 100.000000
64, 28, 32, 100.000000
64, 28, 33, 100.000000
64, 28, 34, 100.000000
64, 29, 0, 0.435131
64, 29, 1, -0.073194
64, 29, 2, -0.215031
64, 29, 3, -0.199931
64, 29, 4, -0.170480
64, 29, 5, -0.119800
64, 29, 6, -0.103952
64, 29, 7, -0.138094
64, 29, 8, -0.167101
64, 29, 9, -0.181260
64, 29, 10, -0.178022
64, 29, 11, -0.139811
64, 29, 12, -0.097704
64, 29, 13, -0.072503
64, 29, 14, -0.042535
64, 29, 15, 0.229318
64, 29, 16, 0.754590
64, 29, 17, 1.390552
64, 29, 18, 2.274676
64, 29, 19, 100.000000
64, 29, 20, 100.000000
64, 29, 21, 100.000000
64, 29, 22, 100.000000
64, 29, 23, 100.000000
64, 29, 24, 100.000000
64, 29, 25, 100.000000
64, 29, 26, 100.000000
64, 29, 27, 100.000000
64, 29, 28, 100.000000
64, 29, 29, 100.000000
64, 29, 30, 100.000000
64, 29, 31, 100.000000
64, 29, 32, 100.000000
64, 29, 33, 100.000000
64, 29, 34, 100.000000
65, 0, 0, 0.669782
65, 0, 1, 0.392271
65, 0, 2, 0.354303
65, 0, 3, 0.380486
65, 0, 4, 0.376289
65, 0, 5, 0.370446
65, 0, 6, 0.371222
65, 0, 7, 0.398455
65, 0, 8, 0.409302
65, 0, 9, 0.420102
65, 0, 10, 0.428750
65, 0, 11, 0.423755
65, 0, 12, 0.423491
65, 0, 13, 0.445924
65, 0, 14, 0.511224
65, 0, 15, 0.663607
65, 0, 16, 0.942493
65, 0, 17, 1.371202
65, 0, 18, 1.979480
65, 0, 19, 100.000000
65, 0, 20, 100.000000
65, 0, 21, 100.000000
65, 0, 22, 100.000000
65, 0, 23, 100.000000
65, 0, 24, 100.000000
65, 0, 25, 100.000000
65, 0, 26, 100.000000
65, 0, 27, 100.000000
65, 0, 28, 100.000000
65, 0, 29, 100.000000
65, 0, 30, 100.000000
65, 0, 31, 100.000000
65, 0, 32, 100.000000
65, 0, 33, 100.000000
65, 0, 34, 100.000000
65, 1, 0, 0.435866
65, 1, 1, -0.008078
65, 1, 2, -0.141566
65, 1, 3, -0.136182
65, 1, 4, -0.115965
65, 1, 5, -0.092421
65, 1, 6, -0.092726
65, 1, 7, -0.125007
65, 1, 8, -0.146047
65, 1, 9, -0.127804
65, 1, 10, -0.107086
65, 1, 11, -0.098504
65, 1, 12, -0.106579
65, 1, 13, -0.098267
65, 1, 14, 0.032047
65, 1, 15, 0.354657
65, 1, 16, 0.759168
65, 1, 17, 1.203722
65, 1, 18, 1.880983
65, 1, 19, 100.000000
65, 1, 20, 100.000000
65, 1, 21, 100.000000
65, 1, 22, 100.000000
65, 1, 23, 100.000000
65, 1, 24, 100.000000
65, 1, 25, 100.000000
65, 1, 26, 100.000000
65, 1, 27, 100.000000
65, 1, 28, 100.000000
65, 1, 29, 100.000000
65, 1, 30, 100.000000
65, 1, 31, 100.000000
65, 1, 32, 100.000000
65, 1, 33, 100.000000
65, 1, 34, 100.000000
65, 2, 0, 0.381776
65, 2, 1, -0.139845
65, 2, 2, -0.415150
65, 2, 3, -0.411075
65, 2, 4, -0.389758
65, 2, 5, -0.367921
65, 2, 6, -0.365311
65, 2, 7, -0.406522
65, 2, 8, -0.417824
65, 2, 9, -0.410726
65, 2, 10, -0.395256
65, 2, 11, -0.370141
65, 2, 12, -0.382755
65, 2, 13, -0.344238
65, 2, 14, -0.125652
65, 2, 15, 0.252187
65, 2, 16, 0.730066
65, 2, 17, 1.251432
65, 2, 18, 1.984500
65, 2, 19, 100.000000
65, 2, 20, 100.000000
65, 2, 21, 100.000000
65, 2, 22, 100.000000
65, 2, 23, 100.000000
65, 2, 24, 100.000000
65, 2, 25, 100.000000
65, 2, 26, 100.000000
65, 2, 27, 100.000000
65, 2, 28, 100.000000
65, 2, 29, 100.000000
65, 2, 30, 100.000000
65, 2, 31, 100.000000
65, 2, 32, 100.000000
65, 2, 33, 100.000000
65, 2, 34, 100.000000
65, 3, 0, 0.383450
65, 3, 1, -0.137967
65, 3, 2, -0.454659
65, 3, 3, -0.447795
65, 3, 4, -0.428398
65, 3, 5, -0.435282
65, 3, 6, -0.436160
65, 3, 7, -0.444501
65, 3, 8, -0.434588
65, 3, 9, -0.440570
65, 3, 10, -0.437412
65, 3, 11, -0.426008
65, 3, 12, -0.407965
65, 3, 13, -0.321424
65, 3, 14, -0.116093
65, 3, 15, 0.218610
65, 3, 16, 0.714207
65, 3, 17, 1.256816
65, 3, 18, 2.017459
65, 3, 19, 100.000000
65, 3, 20, 100.000000
65, 3, 21, 100.000000
65, 3, 22, 100.000000
65, 3, 23, 100.000000
65, 3, 24, 100.000000
65, 3, 25, 100.000000
65, 3, 26, 100.000000
65, 3, 27, 100.000000
65, 3, 28, 100.000000
65, 3, 29, 100.000000
65, 3, 30, 100.000000
65, 3, 31, 100.000000
65, 3, 32, 100.000000
65, 3, 33, 100.000000
65, 3, 34, 100.000000
65, 4, 0, 0.371505
65, 4, 1, -0.145618
65, 4, 2, -0.436058
65, 4, 3, -0.447192
65, 4, 4, -0.437843
65, 4, 5, -0.431945
65, 4, 6, -0.430890
65, 4, 7, -0.429794
65, 4, 8, -0.444872
65, 4, 9, -0.439914
65, 4, 10, -0.437021
65, 4, 11, -0.461500
65, 4, 12, -0.412350
65, 4, 13, -0.293917
65, 4, 14, -0.104202
65, 4, 15, 0.222487
65, 4, 16, 0.705132
65, 4, 17, 1.216571
65, 4, 18, 1.998585
65, 4, 19, 100.000000
65, 4, 20, 100.000000
65, 4, 21, 100.000000
65, 4, 22, 100.000000
65, 4, 23, 100.000000
65, 4, 24, 100.000000
65, 4, 25, 100.000000
65, 4, 26, 100.000000
65, 4, 27, 100.000000
65, 4, 28, 100.000000
65, 4, 29, 100.000000
65, 4, 30, 100.000000
65, 4, 31, 100.000000
65, 4, 32, 100.000000
65, 4, 33, 100.000000
65, 4, 34, 100.000000
65, 5, 0, 0.354829
65, 5, 1, -0.178900
65, 5, 2, -0.453604
65, 5, 3, -0.478048
65, 5, 4, -0.474598
65, 5, 5, -0.476136
65, 5, 6, -0.468301
65, 5, 7, -0.456455
65, 5, 8, -0.464248
65, 5, 9, -0.431514
65, 5, 10, -0.428149
65, 5, 11, -0.453342
65, 5, 12, -0.416859
65, 5, 13, -0.292094
65, 5, 14, -0.091281
65, 5, 15, 0.229201
65, 5, 16, 0.745135
65, 5, 17, 1.292811
65, 5, 18, 2.041948
65, 5, 19, 100.000000
65, 5, 20, 100.000000
65, 5, 21, 100.000000
65, 5, 22, 100.000000
65, 5, 23, 100.000000
65, 5, 24, 100.000000
65, 5, 25, 100.000000
65, 5, 26, 100.000000
65, 5, 27, 100.000000
65, 5, 28, 100.000000
65, 5, 29, 100.000000
65, 5, 30, 100.000000
65, 5, 31, 100.000000
65, 5, 32, 100.000000
65, 5, 33, 100.000000
65, 5, 34, 100.000000
65, 6, 0, 0.359234
65, 6, 1, -0.186059
65, 6, 2, -0.464782
65, 6, 3, -0.486739
65, 6, 4, -0.469843
65, 6, 5, -0.467379
65, 6, 6, -0.470272
65, 6, 7, -0.461304
65, 6, 8, -0.462023
65, 6, 9, -0.442756
65, 6, 10, -0.419521
65, 6, 11, -0.428832
65, 6, 12, -0.406232
65, 6, 13, -0.304817
65, 6, 14, -0.106101
65, 6, 15, 0.258624
65, 6, 16, 0.801056
65, 6, 17, 1.435251
65, 6, 18, 2.209890
65, 6, 19, 100.000000
65, 6, 20, 100.000000
65, 6, 21, 100.000000
65, 6, 22, 100.000000
65, 6, 23, 100.000000
65, 6, 24, 100.000000
65, 6, 25, 100.000000
65, 6, 26, 100.000000
65, 6, 27, 100.000000
65, 6, 28, 100.000000
65, 6, 29, 100.000000
65, 6, 30, 100.000000
65, 6, 31, 100.000000
65, 6, 32, 100.000000
65, 6, 33, 100.000000
65, 6, 34, 100.000000
65, 7, 0, 0.355042
65, 7, 1, -0.180967
65, 7, 2, -0.460156
65, 7, 3, -0.474713
65, 7, 4, -0.468252
65, 7, 5, -0.466504
65, 7, 6, -0.460722
65, 7, 7, -0.449655
65, 7, 8, -0.455572
65, 7, 9, -0.468945
65, 7, 10, -0.458373
65, 7, 11, -0.402261
65, 7, 12, -0.357223
65, 7, 13, -0.306628
65, 7, 14, -0.128248
65, 7, 15, 0.268789
65, 7, 16, 0.837805
65, 7, 17, 1.512505
65, 7, 18, 2.480266
65, 7, 19, 100.000000
65, 7, 20, 100.000000
65, 7, 21, 100.000000
65, 7, 22, 100.000000
65, 7, 23, 100.000000
65, 7, 24, 100.000000
65, 7, 25, 100.000000
65, 7, 26, 100.000000
65, 7, 27, 100.000000
65, 7, 28, 100.000000
65, 7, 29, 100.000000
65, 7, 30, 100.000000
65, 7, 31, 100.000000
65, 7, 32, 100.000000
65, 7, 33, 100.000000
65, 7, 34, 100.000000
65, 8, 0, 0.353227
65, 8, 1, -0.154337
65, 8, 2, -0.443485
65, 8, 3, -0.486067
65, 8, 4, -0.472253
65, 8, 5, -0.472623
65, 8, 6, -0.462452
65, 8, 7, -0.465163
65, 8, 8, -0.478160
65, 8, 9, -0.478123
65, 8, 10, -0.485186
65, 8, 11, -0.444352
65, 8, 12, -0.343638
65, 8, 13, -0.302269
65, 8, 14, -0.142941
65, 8, 15, 0.280659
65, 8, 16, 0.854498
65, 8, 17, 1.539715
65, 8, 18, 2.428353
65, 8, 19, 100.000000
65, 8, 20, 100.000000
65, 8, 21, 100.000000
65, 8, 22, 100.000000
65, 8, 23, 100.000000
65, 8, 24, 100.000000
65, 8, 25, 100.000000
65, 8, 26, 100.000000
65, 8, 27, 100.000000
65, 8, 28, 100.000000
65, 8, 29, 100.000000
65, 8, 30, 100.000000
65, 8, 31, 100.000000
65, 8, 32, 100.000000
65, 8, 33, 100.000000
65, 8, 34, 100.000000
65, 9, 0, 0.361758
65, 9, 1, -0.132979
65, 9, 2, -0.426845
65, 9, 3, -0.473393
65, 9, 4, -0.472667
65, 9, 5, -0.453210
65, 9, 6, -0.438784
65, 9, 7, -0.449023
65, 9, 8, -0.428483
65, 9, 9, -0.430182
65, 9, 10, -0.460050
65, 9, 11, -0.447939
65, 9, 12, -0.369518
65, 9, 13, -0.310086
65, 9, 14, -0.152778
65, 9, 15, 0.249097
65, 9, 16, 0.816104
65, 9, 17, 1.487756
65, 9, 18, 2.104678
65, 9, 19, 100.000000
65, 9, 20, 100.000000
65, 9, 21, 100.000000
65, 9, 22, 100.000000
65, 9, 23, 100.000000
65, 9, 24, 100.000000
65, 9, 25, 100.000000
65, 9, 26, 100.000000
65, 9, 27, 100.000000
65, 9, 28, 100.000000
65, 9, 29, 100.000000
65, 9, 30, 100.000000
65, 9, 31, 100.000000
65, 9, 32, 100.000000
65, 9, 33, 100.000000
65, 9, 34, 100.000000
65, 10, 0, 0.352398
65, 10, 1, -0.135741
65, 10, 2, -0.420798
65, 10, 3, -0.464818
65, 10, 4, -0.488786
65, 10, 5, -0.439703
65, 10, 6, -0.426554
65, 10, 7, -0.458961
65, 10, 8, -0.432729
65, 10, 9, -0.397215
65, 10, 10, -0.442637
65, 10, 11, -0.448873
65, 10, 12, -0.405575
65, 10, 13, -0.332026
65, 10, 14, -0.155797
65, 10, 15, 0.210870
65, 10, 16, 0.745640
65, 10, 17, 1.335448
65, 10, 18, 1.787019
65, 10, 19, 100.000000
65, 10, 20, 100.000000
65, 10, 21, 100.000000
65, 10, 22, 100.000000
65, 10, 23, 100.000000
65, 10, 24, 100.000000
65, 10, 25, 100.000000
65, 10, 26, 100.000000
65, 10, 27, 100.000000
65, 10, 28, 100.000000
65, 10, 29, 100.000000
65, 10, 30, 100.000000
65, 10, 31, 100.000000
65, 10, 32, 100.000000
65, 10, 33, 100.000000
65, 10, 34, 100.000000
65, 11, 0, 0.348066
65, 11, 1, -0.146258
65, 11, 2, -0.431933
65, 11, 3, -0.468448
65, 11, 4, -0.440580
65, 11, 5, -0.443489
65, 11, 6, -0.449538
65, 11, 7, -0.466750
65, 11, 8, -0.463437
65, 11, 9, -0.435265
65, 11, 10, -0.448988
65, 11, 11, -0.463947
65, 11, 12, -0.440654
65, 11, 13, -0.362562
65, 11, 14, -0.163759
65, 11, 15, 0.184826
65, 11, 16, 0.698186
65, 11, 17, 1.167366
65, 11, 18, 1.675667
65, 11, 19, 100.000000
65, 11, 20, 100.000000
65, 11, 21, 100.000000
65, 11, 22, 100.000000
65, 11, 23, 100.000000
65, 11, 24, 100.000000
65, 11, 25, 100.000000
65, 11, 26, 100.000000
65, 11, 27, 100.000000
65, 11, 28, 100.000000
65, 11, 29, 100.000000
65, 11, 30, 100.000000
65, 11, 31, 100.000000
65, 11, 32, 100.000000
65, 11, 33, 100.000000
65, 11, 34, 100.000000
65, 12, 0, 0.370365
65, 12, 1, -0.148956
65, 12, 2, -0.439479
65, 12, 3, -0.461081
65, 12, 4, -0.455925
65, 12, 5, -0.440483
65, 12, 6, -0.459002
65, 12, 7, -0.470240
65, 12, 8, -0.454211
65, 12, 9, -0.465561
65, 12, 10, -0.467813
65, 12, 11, -0.456592
65, 12, 12, -0.441005
65, 12, 13, -0.365169
65, 12, 14, -0.164170
65, 12, 15, 0.192379
65, 12, 16, 0.690680
65, 12, 17, 1.192039
65, 12, 18, 1.779945
65, 12, 19, 100.000000
65, 12, 20, 100.000000
65, 12, 21, 100.000000
65, 12, 22, 100.000000
65, 12, 23, 100.000000
65, 12, 24, 100.000000
65, 12, 25, 100.000000
65, 12, 26, 100.000000
65, 12, 27, 100.000000
65, 12, 28, 100.000000
65, 12, 29, 100.000000
65, 12, 30, 100.000000
65, 12, 31, 100.000000
65, 12, 32, 100.000000
65, 12, 33, 100.000000
65, 12, 34, 100.000000
65, 13, 0, 0.349835
65, 13, 1, -0.172302
65, 13, 2, -0.441837
65, 13, 3, -0.464483
65, 13, 4, -0.466403
65, 13, 5, -0.473680
65, 13, 6, -0.459749
65, 13, 7, -0.476587
65, 13, 8, -0.447740
65, 13, 9, -0.471862
65, 13, 10, -0.483769
65, 13, 11, -0.482916
65, 13, 12, -0.448575
65, 13, 13, -0.360506
65, 13, 14, -0.158981
65, 13, 15, 0.179933
65, 13, 16, 0.672153
65, 13, 17, 1.217435
65, 13, 18, 1.823624
65, 13, 19, 100.000000
65, 13, 20, 100.000000
65, 13, 21, 100.000000
65, 13, 22, 100.000000
65, 13, 23, 100.000000
65, 13, 24, 100.000000
65, 13, 25, 100.000000
65, 13, 26, 100.000000
65, 13, 27, 100.000000
65, 13, 28, 100.000000
65, 13, 29, 100.000000
65, 13, 30, 100.000000
65, 13, 31, 100.000000
65, 13, 32, 100.000000
65, 13, 33, 100.000000
65, 13, 34, 100.000000
65, 14, 0, 0.325756
65, 14, 1, -0.191282
65, 14, 2, -0.465902
65, 14, 3, -0.474782
65, 14, 4, -0.443880
65, 14, 5, -0.464537
65, 14, 6, -0.477686
65, 14, 7, -0.473697
65, 14, 8, -0.446442
65, 14, 9, -0.461321
65, 14, 10, -0.457786
65, 14, 11, -0.446859
65, 14, 12, -0.421327
65, 14, 13, -0.352511
65, 14, 14, -0.211572
65, 14, 15, 0.120842
65, 14, 16, 0.639825
65, 14, 17, 1.233297
65, 14, 18, 1.804832
65, 14, 19, 100.000000
65, 14, 20, 100.000000
65, 14, 21, 100.000000
65, 14, 22, 100.000000
65, 14, 23, 100.000000
65, 14, 24, 100.000000
65, 14, 25, 100.000000
65, 14, 26, 100.000000
65, 14, 27, 100.000000
65, 14, 28, 100.000000
65, 14, 29, 100.000000
65, 14, 30, 100.000000
65, 14, 31, 100.000000
65, 14, 32, 100.000000
65, 14, 33, 100.000000
65, 14, 34, 100.000000
65, 15, 0, 0.336075
65, 15, 1, -0.180999
65, 15, 2, -0.444812
65, 15, 3, -0.452947
65, 15, 4, -0.426932
65, 15, 5, -0.440220
65, 15, 6, -0.440512
65, 15, 7, -0.442085
65, 15, 8, -0.449013
65, 15, 9, -0.470750
65, 15, 10, -0.453501
65, 15, 11, -0.441610
65, 15, 12, -0.429672
65, 15, 13, -0.396908
65, 15, 14, -0.259011
65, 15, 15, 0.077194
65, 15, 16, 0.593429
65, 15, 17, 1.197818
65, 15, 18, 1.802332
65, 15, 19, 100.000000
65, 15, 20, 100.000000
65, 15, 21, 100.000000
65, 15, 22, 100.000000
65, 15, 23, 100.000000
65, 15, 24, 100.000000
65, 15, 25, 100.000000
65, 15, 26, 100.000000
65, 15, 27, 100.000000
65, 15, 28, 100.000000
65, 15, 29, 100.000000
65, 15, 30, 100.000000
65, 15, 31, 100.000000
65, 15, 32, 100.000000
65, 15, 33, 100.000000
65, 15, 34, 100.000000
65, 16, 0, 0.375998
65, 16, 1, -0.156873
65, 16, 2, -0.455837
65, 16, 3, -0.459441
65, 16, 4, -0.448458
65, 16, 5, -0.437301
65, 16, 6, -0.446949
65, 16, 7, -0.417154
65, 16, 8, -0.422545
65, 16, 9, -0.456401
65, 16, 10, -0.451727
65, 16, 11, -0.438285
65, 16, 12, -0.444002
65, 16, 13, -0.432764
65, 16, 14, -0.281647
65, 16, 15, 0.065357
65, 16, 16, 0.555927
65, 16, 17, 1.144008
65, 16, 18, 1.765415
65, 16, 19, 100.000000
65, 16, 20, 100.000000
65, 16, 21, 100.000000
65, 16, 22, 100.000000
65, 16, 23, 100.000000
65, 16, 24, 100.000000
65, 16, 25, 100.000000
65, 16, 26, 100.000000
65, 16, 27, 100.000000
65, 16, 28, 100.000000
65, 16, 29, 100.000000
65, 16, 30, 100.000000
65, 16, 31, 100.000000
65, 16, 32, 100.000000
65, 16, 33, 100.000000
65, 16, 34, 100.000000
65, 17, 0, 0.411956
65, 17, 1, -0.136239
65, 17, 2, -0.446578
65, 17, 3, -0.458627
65, 17, 4, -0.464255
65, 17, 5, -0.425709
65, 17, 6, -0.441816
65, 17, 7, -0.404649
65, 17, 8, -0.393272
65, 17, 9, -0.428502
65, 17, 10, -0.436375
65, 17, 11, -0.414080
65, 17, 12, -0.427559
65, 17, 13, -0.422194
65, 17, 14, -0.278808
65, 17, 15, 0.051402
65, 17, 16, 0.502176
65, 17, 17, 1.072785
65, 17, 18, 1.754536
65, 17, 19, 100.000000
65, 17, 20, 100.000000
65, 17, 21, 100.000000
65, 17, 22, 100.000000
65, 17, 23, 100.000000
65, 17, 24, 100.000000
65, 17, 25, 100.000000
65, 17, 26, 100.000000
65, 17, 27, 100.000000
65, 17, 28, 100.000000
65, 17, 29, 100.000000
65, 17, 30, 100.000000
65, 17, 31, 100.000000
65, 17, 32, 100.000000
65, 17, 33, 100.000000
65, 17, 34, 100.000000
65, 18, 0, 0.425235
65, 18, 1, -0.122931
65, 18, 2, -0.447837
65, 18, 3, -0.450749
65, 18, 4, -0.479426
65, 18, 5, -0.423909
65, 18, 6, -0.439962
65, 18, 7, -0.406702
65, 18, 8, -0.372816
65, 18, 9, -0.391635
65, 18, 10, -0.422786
65, 18, 11, -0.413649
65, 18, 12, -0.398753
65, 18, 13, -0.388134
65, 18, 14, -0.255020
65, 18, 15, 0.047144
65, 18, 16, 0.486105
65, 18, 17, 1.027792
65, 18, 18, 1.696769
65, 18, 19, 2.497568
65, 18, 20, 100.000000
65, 18, 21, 100.000000
65, 18, 22, 100.000000
65, 18, 23, 100.000000
65, 18, 24, 100.000000
65, 18, 25, 100.000000
65, 18, 26, 100.000000
65, 18, 27, 100.000000
65, 18, 28, 100.000000
65, 18, 29, 100.000000
65, 18, 30, 100.000000
65, 18, 31, 100.000000
65, 18, 32, 100.000000
65, 18, 33, 100.000000
65, 18, 34, 100.000000
65, 19, 0, 0.428626
65, 19, 1, -0.151940
65, 19, 2, -0.477115
65, 19, 3, -0.451432
65, 19, 4, -0.488644
65, 19, 5, -0.452167
65, 19, 6, -0.446568
65, 19, 7, -0.422184
65, 19, 8, -0.392292
65, 19, 9, -0.400102
65, 19, 10, -0.436067
65, 19, 11, -0.451271
65, 19, 12, -0.393222
65, 19, 13, -0.331102
65, 19, 14, -0.199618
65, 19, 15, 0.085029
65, 19, 16, 0.527988
65, 19, 17, 1.022498
65, 19, 18, 1.630585
65, 19, 19, 2.400552
65, 19, 20, 100.000000
65, 19, 21, 100.000000
65, 19, 22, 100.000000
65, 19, 23, 100.000000
65, 19, 24, 100.000000
65, 19, 25, 100.000000
65, 19, 26, 100.000000
65, 19, 27, 100.000000
65, 19, 28, 100.000000
65, 19, 29, 100.000000
65, 19, 30, 100.000000
65, 19, 31, 100.000000
65, 19, 32, 100.000000
65, 19, 33, 100.000000
65, 19, 34, 100.000000
65, 20, 0, 0.412618
65, 20, 1, -0.167079
65, 20, 2, -0.477268
65, 20, 3, -0.460287
65, 20, 4, -0.475534
65, 20, 5, -0.477008
65, 20, 6, -0.478105
65, 20, 7, -0.460601
65, 20, 8, -0.436318
65, 20, 9, -0.427826
65, 20, 10, -0.474096
65, 20, 11, -0.463079
65, 20, 12, -0.372708
65, 20, 13, -0.294510
65, 20, 14, -0.192259
65, 20, 15, 0.079924
65, 20, 16, 0.542487
65, 20, 17, 1.052353
65, 20, 18, 1.688207
65, 20, 19, 100.000000
65, 20, 20, 100.000000
65, 20, 21, 100.000000
65, 20, 22, 100.000000
65, 20, 23, 100.000000
65, 20, 24, 100.000000
65, 20, 25, 100.000000
65, 20, 26, 100.000000
65, 20, 27, 100.000000
65, 20, 28, 100.000000
65, 20, 29, 100.000000
65, 20, 30, 100.000000
65, 20, 31, 100.000000
65, 20, 32, 100.000000
65, 20, 33, 100.000000
65, 20, 34, 100.000000
65, 21, 0, 0.401197
65, 21, 1, -0.165083
65, 21, 2, -0.479746
65, 21, 3, -0.462524
65, 21, 4, -0.470146
65, 21, 5, -0.473038
65, 21, 6, -0.458122
65, 21, 7, -0.447612
65, 21, 8, -0.458744
65, 21, 9, -0.456656
65, 21, 10, -0.445405
65, 21, 11, -0.414973
65, 21, 12, -0.377392
65, 21, 13, -0.331519
65, 21, 14, -0.238355
65, 21, 15, 0.058155
65, 21, 16, 0.538530
65, 21, 17, 1.097854
65, 21, 18, 1.719509
65, 21, 19, 100.000000
65, 21, 20, 100.000000
65, 21, 21, 100.000000
65, 21, 22, 100.000000
65, 21, 23, 100.000000
65, 21, 24, 100.000000
65, 21, 25, 100.000000
65, 21, 26, 100.000000
65, 21, 27, 100.000000
65, 21, 28, 100.000000
65, 21, 29, 100.000000
65, 21, 30, 100.000000
65, 21, 31, 100.000000
65, 21, 32, 100.000000
65, 21, 33, 100.000000
65, 21, 34, 100.000000
65, 22, 0, 0.406789
65, 22, 1, -0.145127
65, 22, 2, -0.475687
65, 22, 3, -0.446572
65, 22, 4, -0.481551
65, 22, 5, -0.471079
65, 22, 6, -0.440697
65, 22, 7, -0.427240
65, 22, 8, -0.447761
65, 22, 9, -0.426971
65, 22, 10, -0.412645
65, 22, 11, -0.414701
65, 22, 12, -0.411354
65, 22, 13, -0.373370
65, 22, 14, -0.247112
65, 22, 15, 0.079381
65, 22, 16, 0.560254
65, 22, 17, 1.109183
65, 22, 18, 1.703078
65, 22, 19, 100.000000
65, 22, 20, 100.000000
65, 22, 21, 100.000000
65, 22, 22, 100.000000
65, 22, 23, 100.000000
65, 22, 24, 100.000000
65, 22, 25, 100.000000
65, 22, 26, 100.000000
65, 22, 27, 100.000000
65, 22, 28, 100.000000
65, 22, 29, 100.000000
65, 22, 30, 100.000000
65, 22, 31, 100.000000
65, 22, 32, 100.000000
65, 22, 33, 100.000000
65, 22, 34, 100.000000
65, 23, 0, 0.383848
65, 23, 1, -0.149146
65, 23, 2, -0.465308
65, 23, 3, -0.454861
65, 23, 4, -0.485215
65, 23, 5, -0.473100
65, 23, 6, -0.438375
65, 23, 7, -0.413302
65, 23, 8, -0.451276
65, 23, 9, -0.433045
65, 23, 10, -0.448938
65, 23, 11, -0.455978
65, 23, 12, -0.393350
65, 23, 13, -0.349476
65, 23, 14, -0.217165
65, 23, 15, 0.113562
65, 23, 16, 0.572169
65, 23, 17, 1.077984
65, 23, 18, 1.708712
65, 23, 19, 100.000000
65, 23, 20, 100.000000
65, 23, 21, 100.000000
65, 23, 22, 100.000000
65, 23, 23, 100.000000
65, 23, 24, 100.000000
65, 23, 25, 100.000000
65, 23, 26, 100.000000
65, 23, 27, 100.000000
65, 23, 28, 100.000000
65, 23, 29, 100.000000
65, 23, 30, 100.000000
65, 23, 31, 100.000000
65, 23, 32, 100.000000
65, 23, 33, 100.000000
65, 23, 34, 100.000000
65, 24, 0, 0.361913
65, 24, 1, -0.170665
65, 24, 2, -0.460031
65, 24, 3, -0.473465
65, 24, 4, -0.491030
65, 24, 5, -0.485573
65, 24, 6, -0.455284
65, 24, 7, -0.429978
65, 24, 8, -0.420988
65, 24, 9, -0.397158
65, 24, 10, -0.404585
65, 24, 11, -0.399184
65, 24, 12, -0.357559
65, 24, 13, -0.340283
65, 24, 14, -0.225436
65, 24, 15, 0.126233
65, 24, 16, 0.585992
65, 24, 17, 1.033119
65, 24, 18, 1.599610
65, 24, 19, 2.467497
65, 24, 20, 100.000000
65, 24, 21, 100.000000
65, 24, 22, 100.000000
65, 24, 23, 100.000000
65, 24, 24, 100.000000
65, 24, 25, 100.000000
65, 24, 26, 100.000000
65, 24, 27, 100.000000
65, 24, 28, 100.000000
65, 24, 29, 100.000000
65, 24, 30, 100.000000
65, 24, 31, 100.000000
65, 24, 32, 100.000000
65, 24, 33, 100.000000
65, 24, 34, 100.000000
65, 25, 0, 0.357308
65, 25, 1, -0.158405
65, 25, 2, -0.443680
65, 25, 3, -0.463355
65, 25, 4, -0.475859
65, 25, 5, -0.457762
65, 25, 6, -0.457204
65, 25, 7, -0.482685
65, 25, 8, -0.455451
65, 25, 9, -0.421573
65, 25, 10, -0.401463
65, 25, 11, -0.416231
65, 25, 12, -0.406219
65, 25, 13, -0.383072
65, 25, 14, -0.249471
65, 25, 15, 0.073470
65, 25, 16, 0.537075
65, 25, 17, 0.973747
65, 25, 18, 1.524202
65, 25, 19, 2.354176
65, 25, 20, 100.000000
65, 25, 21, 100.000000
65, 25, 22, 100.000000
65, 25, 23, 100.000000
65, 25, 24, 100.000000
65, 25, 25, 100.000000
65, 25, 26, 100.000000
65, 25, 27, 100.000000
65, 25, 28, 100.000000
65, 25, 29, 100.000000
65, 25, 30, 100.000000
65, 25, 31, 100.000000
65, 25, 32, 100.000000
65, 25, 33, 100.000000
65, 25, 34, 100.000000
65, 26, 0, 0.380989
65, 26, 1, -0.126260
65, 26, 2, -0.426519
65, 26, 3, -0.438602
65, 26, 4, -0.442400
65, 26, 5, -0.468875
65, 26, 6, -0.454340
65, 26, 7, -0.456170
65, 26, 8, -0.436773
65, 26, 9, -0.409788
65, 26, 10, -0.399965
65, 26, 11, -0.417360
65, 26, 12, -0.414409
65, 26, 13, -0.338254
65, 26, 14, -0.226350
65, 26, 15, 0.037845
65, 26, 16, 0.507807
65, 26, 17, 1.010424
65, 26, 18, 1.586195
65, 26, 19, 2.321486
65, 26, 20, 100.000000
65, 26, 21, 100.000000
65, 26, 22, 100.000000
65, 26, 23, 100.000000
65, 26, 24, 100.000000
65, 26, 25, 100.000000
65, 26, 26, 100.000000
65, 26, 27, 100.000000
65, 26, 28, 100.000000
65, 26, 29, 100.000000
65, 26, 30, 100.000000
65, 26, 31, 100.000000
65, 26, 32, 100.000000
65, 26, 33, 100.000000
65, 26, 34, 100.000000
65, 27, 0, 0.416028
65, 27, 1, -0.106904
65, 27, 2, -0.412363
65, 27, 3, -0.418477
65, 27, 4, -0.391103
65, 27, 5, -0.427380
65, 27, 6, -0.470245
65, 27, 7, -0.462999
65, 27, 8, -0.428561
65, 27, 9, -0.433592
65, 27, 10, -0.427693
65, 27, 11, -0.428163
65, 27, 12, -0.383344
65, 27, 13, -0.302365
65, 27, 14, -0.227014
65, 27, 15, 0.023489
65, 27, 16, 0.521831
65, 27, 17, 1.100840
65, 27, 18, 1.775539
65, 27, 19, 100.000000
65, 27, 20, 100.000000
65, 27, 21, 100.000000
65, 27, 22, 100.000000
65, 27, 23, 100.000000
65, 27, 24, 100.000000
65, 27, 25, 100.000000
65, 27, 26, 100.000000
65, 27, 27, 100.000000
65, 27, 28, 100.000000
65, 27, 29, 100.000000
65, 27, 30, 100.000000
65, 27, 31, 100.000000
65, 27, 32, 100.000000
65, 27, 33, 100.000000
65, 27, 34, 100.000000
65, 28, 0, 0.414955
65, 28, 1, -0.086099
65, 28, 2, -0.372934
65, 28, 3, -0.469541
65, 28, 4, -0.413315
65, 28, 5, -0.417021
65, 28, 6, -0.433294
65, 28, 7, -0.424262
65, 28, 8, -0.433993
65, 28, 9, -0.468585
65, 28, 10, -0.433228
65, 28, 11, -0.400580
65, 28, 12, -0.347700
65, 28, 13, -0.293687
65, 28, 14, -0.249029
65, 28, 15, 0.005484
65, 28, 16, 0.534873
65, 28, 17, 1.180335
65, 28, 18, 1.920112
65, 28, 19, 100.000000
65, 28, 20, 100.000000
65, 28, 21, 100.000000
65, 28, 22, 100.000000
65, 28, 23, 100.000000
65, 28, 24, 100.000000
65, 28, 25, 100.000000
65, 28, 26, 100.000000
65, 28, 27, 100.000000
65, 28, 28, 100.000000
65, 28, 29, 100.000000
65, 28, 30, 100.000000
65, 28, 31, 100.000000
65, 28, 32, 100.000000
65, 28, 33, 100.000000
65, 28, 34, 100.000000
65, 29, 0, 0.455164
65, 29, 1, 0.023554
65, 29, 2, -0.159979
65, 29, 3, -0.191658
65, 29, 4, -0.163566
65, 29, 5, -0.128632
65, 29, 6, -0.121736
65, 29, 7, -0.144987
65, 29, 8, -0.175235
65, 29, 9, -0.185209
65, 29, 10, -0.160290
65, 29, 11, -0.117932
65, 29, 12, -0.077936
65, 29, 13, -0.052337
65, 29, 14, -0.047765
65, 29, 15, 0.119720
65, 29, 16, 0.574666
65, 29, 17, 1.201029
65, 29, 18, 1.945809
65, 29, 19, 100.000000
65, 29, 20, 100.000000
65, 29, 21, 100.000000
65, 29, 22, 100.000000
65, 29, 23, 100.000000
65, 29, 24, 100.000000
65, 29, 25, 100.000000
65, 29, 26, 100.000000
65, 29, 27, 100.000000
65, 29, 28, 100.000000
65, 29, 29, 100.000000
65, 29, 30, 100.000000
65, 29, 31, 100.000000
65, 29, 32, 100.000000
65, 29, 33, 100.000000
65, 29, 34, 100.000000
66, 0, 0, 0.669843
66, 0, 1, 0.391527
66, 0, 2, 0.371385
66, 0, 3, 0.400544
66, 0, 4, 0.387161
66, 0, 5, 0.359361
66, 0, 6, 0.362776
66, 0, 7, 0.372711
66, 0, 8, 0.388816
66, 0, 9, 0.398108
66, 0, 10, 0.424682
66, 0, 11, 0.440730
66, 0, 12, 0.424748
66, 0, 13, 0.417464
66, 0, 14, 0.437529
66, 0, 15, 0.547545
66, 0, 16, 0.812152
66, 0, 17, 1.129292
66, 0, 18, 1.654076
66, 0, 19, 100.000000
66, 0, 20, 100.000000
66, 0, 21, 100.000000
66, 0, 22, 100.000000
66, 0, 23, 100.000000
66, 0, 24, 100.000000
66, 0, 25, 100.000000
66, 0, 26, 100.000000
66, 0, 27, 100.000000
66, 0, 28, 100.000000
66, 0, 29, 100.000000
66, 0, 30, 100.000000
66, 0, 31, 100.000000
66, 0, 32, 100.000000
66, 0, 33, 100.000000
66, 0, 34, 100.000000
66, 1, 0, 0.417107
66, 1, 1, -0.034457
66, 1, 2, -0.147093
66, 1, 3, -0.126231
66, 1, 4, -0.117289
66, 1, 5, -0.102514
66, 1, 6, -0.100698
66, 1, 7, -0.133219
66, 1, 8, -0.133813
66, 1, 9, -0.143422
66, 1, 10, -0.134699
66, 1, 11, -0.113011
66, 1, 12, -0.131906
66, 1, 13, -0.155919
66, 1, 14, -0.079945
66, 1, 15, 0.175367
66, 1, 16, 0.558539
66, 1, 17, 0.994253
66, 1, 18, 1.544902
66, 1, 19, 2.404341
66, 1, 20, 100.000000
66, 1, 21, 100.000000
66, 1, 22, 100.000000
66, 1, 23, 100.000000
66, 1, 24, 100.000000
66, 1, 25, 100.000000
66, 1, 26, 100.000000
66, 1, 27, 100.000000
66, 1, 28, 100.000000
66, 1, 29, 100.000000
66, 1, 30, 100.000000
66, 1, 31, 100.000000
66, 1, 32, 100.000000
66, 1, 33, 100.000000
66, 1, 34, 100.000000
66, 2, 0, 0.378111
66, 2, 1, -0.153790
66, 2, 2, -0.423825
66, 2, 3, -0.405374
66, 2, 4, -0.411371
66, 2, 5, -0.406717
66, 2, 6, -0.399978
66, 2, 7, -0.395548
66, 2, 8, -0.374605
66, 2, 9, -0.407919
66, 2, 10, -0.446031
66, 2, 11, -0.399398
66, 2, 12, -0.411370
66, 2, 13, -0.402125
66, 2, 14, -0.243383
66, 2, 15, 0.078317
66, 2, 16, 0.521474
66, 2, 17, 1.018370
66, 2, 18, 1.601390
66, 2, 19, 2.483445
66, 2, 20, 100.000000
66, 2, 21, 100.000000
66, 2, 22, 100.000000
66, 2, 23, 100.000000
66, 2, 24, 100.000000
66, 2, 25, 100.000000
66, 2, 26, 100.000000
66, 2, 27, 100.000000
66, 2, 28, 100.000000
66, 2, 29, 100.000000
66, 2, 30, 100.000000
66, 2, 31, 100.000000
66, 2, 32, 100.000000
66, 2, 33, 100.000000
66, 2, 34, 100.000000
66, 3, 0, 0.389691
66, 3, 1, -0.136929
66, 3, 2, -0.470334
66, 3, 3, -0.420128
66, 3, 4, -0.433660
66, 3, 5, -0.455667
66, 3, 6, -0.450645
66, 3, 7, -0.436512
66, 3, 8, -0.429439
66, 3, 9, -0.443143
66, 3, 10, -0.440507
66, 3, 11, -0.443421
66, 3, 12, -0.436160
66, 3, 13, -0.387892
66, 3, 14, -0.223180
66, 3, 15, 0.057766
66, 3, 16, 0.519476
66, 3, 17, 0.996511
66, 3, 18, 1.642375
66, 3, 19, 100.000000
66, 3, 20, 100.000000
66, 3, 21, 100.000000
66, 3, 22, 100.000000
66, 3, 23, 100.000000
66, 3, 24, 100.000000
66, 3, 25, 100.000000
66, 3, 26, 100.000000
66, 3, 27, 100.000000
66, 3, 28, 100.000000
66, 3, 29, 100.000000
66, 3, 30, 100.000000
66, 3, 31, 100.000000
66, 3, 32, 100.000000
66, 3, 33, 100.000000
66, 3, 34, 100.000000
66, 4, 0, 0.391113
66, 4, 1, -0.142978
66, 4, 2, -0.455421
66, 4, 3, -0.429481
66, 4, 4, -0.435674
66, 4, 5, -0.456870
66, 4, 6, -0.442530
66, 4, 7, -0.446666
66, 4, 8, -0.441105
66, 4, 9, -0.422103
66, 4, 10, -0.423260
66, 4, 11, -0.441536
66, 4, 12, -0.438402
66, 4, 13, -0.347632
66, 4, 14, -0.198759
66, 4, 15, 0.032001
66, 4, 16, 0.479481
66, 4, 17, 0.947898
66, 4, 18, 1.658672
66, 4, 19, 100.000000
66, 4, 20, 100.000000
66, 4, 21, 100.000000
66, 4, 22, 100.000000
66, 4, 23, 100.000000
66, 4, 24, 100.000000
66, 4, 25, 100.000000
66, 4, 26, 100.000000
66, 4, 27, 100.000000
66, 4, 28, 100.000000
66, 4, 29, 100.000000
66, 4, 30, 100.000000
66, 4, 31, 100.000000
66, 4, 32, 100.000000
66, 4, 33, 100.000000
66, 4, 34, 100.000000
66, 5, 0, 0.374526
66, 5, 1, -0.168454
66, 5, 2, -0.452717
66, 5, 3, -0.468940
66, 5, 4, -0.448255
66, 5, 5, -0.450008
66, 5, 6, -0.442483
66, 5, 7, -0.435932
66, 5, 8, -0.427032
66, 5, 9, -0.397756
66, 5, 10, -0.409899
66, 5, 11, -0.449525
66, 5, 12, -0.446065
66, 5, 13, -0.335645
66, 5, 14, -0.191224
66, 5, 15, 0.020970
66, 5, 16, 0.464687
66, 5, 17, 0.970801
66, 5, 18, 1.445111
66, 5, 19, 2.041908
66, 5, 20, 100.000000
66, 5, 21, 100.000000
66, 5, 22, 100.000000
66, 5, 23, 100.000000
66, 5, 24, 100.000000
66, 5, 25, 100.000000
66, 5, 26, 100.000000
66, 5, 27, 100.000000
66, 5, 28, 100.000000
66, 5, 29, 100.000000
66, 5, 30, 100.000000
66, 5, 31, 100.000000
66, 5, 32, 100.000000
66, 5, 33, 100.000000
66, 5, 34, 100.000000
66, 6, 0, 0.368545
66, 6, 1, -0.175016
66, 6, 2, -0.463967
66, 6, 3, -0.486199
66, 6, 4, -0.478557
66, 6, 5, -0.467070
66, 6, 6, -0.467450
66, 6, 7, -0.461759
66, 6, 8, -0.454035
66, 6, 9, -0.416526
66, 6, 10, -0.417686
66, 6, 11, -0.443956
66, 6, 12, -0.416968
66, 6, 13, -0.336264
66, 6, 14, -0.212163
66, 6, 15, 0.053720
66, 6, 16, 0.504558
66, 6, 17, 1.037443
66, 6, 18, 1.402312
66, 6, 19, 1.777922
66, 6, 20, 2.448578
66, 6, 21, 100.000000
66, 6, 22, 100.000000
66, 6, 23, 100.000000
66, 6, 24, 100.000000
66, 6, 25, 100.000000
66, 6, 26, 100.000000
66, 6, 27, 100.000000
66, 6, 28, 100.000000
66, 6, 29, 100.000000
66, 6, 30, 100.000000
66, 6, 31, 100.000000
66, 6, 32, 100.000000
66, 6, 33, 100.000000
66, 6, 34, 100.000000
66, 7, 0, 0.361035
66, 7, 1, -0.180976
66, 7, 2, -0.462140
66, 7, 3, -0.480558
66, 7, 4, -0.478587
66, 7, 5, -0.473015
66, 7, 6, -0.449500
66, 7, 7, -0.455516
66, 7, 8, -0.441882
66, 7, 9, -0.420695
66, 7, 10, -0.433404
66, 7, 11, -0.412643
66, 7, 12, -0.390744
66, 7, 13, -0.351576
66, 7, 14, -0.230962
66, 7, 15, 0.079710
66, 7, 16, 0.554006
66, 7, 17, 1.128269
66, 7, 18, 1.582067
66, 7, 19, 1.932363
66, 7, 20, 100.000000
66, 7, 21, 100.000000
66, 7, 22, 100.000000
66, 7, 23, 100.000000
66, 7, 24, 100.000000
66, 7, 25, 100.000000
66, 7, 26, 100.000000
66, 7, 27, 100.000000
66, 7, 28, 100.000000
66, 7, 29, 100.000000
66, 7, 30, 100.000000
66, 7, 31, 100.000000
66, 7, 32, 100.000000
66, 7, 33, 100.000000
66, 7, 34, 100.000000
66, 8, 0, 0.367475
66, 8, 1, -0.153666
66, 8, 2, -0.446003
66, 8, 3, -0.483267
66, 8, 4, -0.475813
66, 8, 5, -0.461424
66, 8, 6, -0.457557
66, 8, 7, -0.461674
66, 8, 8, -0.448619
66, 8, 9, -0.438282
66, 8, 10, -0.435467
66, 8, 11, -0.411842
66, 8, 12, -0.373075
66, 8, 13, -0.337876
66, 8, 14, -0.217977
66, 8, 15, 0.101784
66, 8, 16, 0.590497
66, 8, 17, 1.145607
66, 8, 18, 1.796828
66, 8, 19, 2.440060
66, 8, 20, 100.000000
66, 8, 21, 100.000000
66, 8, 22, 100.000000
66, 8, 23, 100.000000
66, 8, 24, 100.000000
66, 8, 25, 100.000000
66, 8, 26, 100.000000
66, 8, 27, 100.000000
66, 8, 28, 100.000000
66, 8, 29, 100.000000
66, 8, 30, 100.000000
66, 8, 31, 100.000000
66, 8, 32, 100.000000
66, 8, 33, 100.000000
66, 8, 34, 100.000000
66, 9, 0, 0.387846
66, 9, 1, -0.112941
66, 9, 2, -0.404776
66, 9, 3, -0.472557
66, 9, 4, -0.452024
66, 9, 5, -0.467540
66, 9, 6, -0.457499
66, 9, 7, -0.440902
66, 9, 8, -0.418210
66, 9, 9, -0.397048
66, 9, 10, -0.432409
66, 9, 11, -0.433947
66, 9, 12, -0.404895
66, 9, 13, -0.378716
66, 9, 14, -0.248546
66, 9, 15, 0.068294
66, 9, 16, 0.530563
66, 9, 17, 1.075126
66, 9, 18, 1.685734
66, 9, 19, 2.457922
66, 9, 20, 100.000000
66, 9, 21, 100.000000
66, 9, 22, 100.000000
66, 9, 23, 100.000000
66, 9, 24, 100.000000
66, 9, 25, 100.000000
66, 9, 26, 100.000000
66, 9, 27, 100.000000
66, 9, 28, 100.000000
66, 9, 29, 100.000000
66, 9, 30, 100.000000
66, 9, 31, 100.000000
66, 9, 32, 100.000000
66, 9, 33, 100.000000
66, 9, 34, 100.000000
66, 10, 0, 0.385053
66, 10, 1, -0.107824
66, 10, 2, -0.394549
66, 10, 3, -0.458203
66, 10, 4, -0.468053
66, 10, 5, -0.475808
66, 10, 6, -0.452963
66, 10, 7, -0.453934
66, 10, 8, -0.464651
66, 10, 9, -0.422324
66, 10, 10, -0.468276
66, 10, 11, -0.480703
66, 10, 12, -0.431540
66, 10, 13, -0.399865
66, 10, 14, -0.254494
66, 10, 15, 0.038582
66, 10, 16, 0.456521
66, 10, 17, 0.973897
66, 10, 18, 1.515882
66, 10, 19, 2.405393
66, 10, 20, 100.000000
66, 10, 21, 100.000000
66, 10, 22, 100.000000
66, 10, 23, 100.000000
66, 10, 24, 100.000000
66, 10, 25, 100.000000
66, 10, 26, 100.000000
66, 10, 27, 100.000000
66, 10, 28, 100.000000
66, 10, 29, 100.000000
66, 10, 30, 100.000000
66, 10, 31, 100.000000
66, 10, 32, 100.000000
66, 10, 33, 100.000000
66, 10, 34, 100.000000
66, 11, 0, 0.372369
66, 11, 1, -0.134063
66, 11, 2, -0.411915
66, 11, 3, -0.435727
66, 11, 4, -0.449624
66, 11, 5, -0.470496
66, 11, 6, -0.476912
66, 11, 7, -0.478608
66, 11, 8, -0.455721
66, 11, 9, -0.418248
66, 11, 10, -0.470594
66, 11, 11, -0.461746
66, 11, 12, -0.427263
66, 11, 13, -0.417916
66, 11, 14, -0.262245
66, 11, 15, 0.016462
66, 11, 16, 0.419819
66, 11, 17, 0.895644
66, 11, 18, 1.448615
66, 11, 19, 2.133472
66, 11, 20, 100.000000
66, 11, 21, 100.000000
66, 11, 22, 100.000000
66, 11, 23, 100.000000
66, 11, 24, 100.000000
66, 11, 25, 100.000000
66, 11, 26, 100.000000
66, 11, 27, 100.000000
66, 11, 28, 100.000000
66, 11, 29, 100.000000
66, 11, 30, 100.000000
66, 11, 31, 100.000000
66, 11, 32, 100.000000
66, 11, 33, 100.000000
66, 11, 34, 100.000000
66, 12, 0, 0.370257
66, 12, 1, -0.160834
66, 12, 2, -0.438129
66, 12, 3, -0.474271
66, 12, 4, -0.458028
66, 12, 5, -0.455362
66, 12, 6, -0.479296
66, 12, 7, -0.479238
66, 12, 8, -0.447360
66, 12, 9, -0.452975
66, 12, 10, -0.466729
66, 12, 11, -0.445429
66, 12, 12, -0.418637
66, 12, 13, -0.425397
66, 12, 14, -0.277186
66, 12, 15, 0.008007
66, 12, 16, 0.396142
66, 12, 17, 0.860298
66, 12, 18, 1.399640
66, 12, 19, 2.266256
66, 12, 20, 100.000000
66, 12, 21, 100.000000
66, 12, 22, 100.000000
66, 12, 23, 100.000000
66, 12, 24, 100.000000
66, 12, 25, 100.000000
66, 12, 26, 100.000000
66, 12, 27, 100.000000
66, 12, 28, 100.000000
66, 12, 29, 100.000000
66, 12, 30, 100.000000
66, 12, 31, 100.000000
66, 12, 32, 100.000000
66, 12, 33, 100.000000
66, 12, 34, 100.000000
66, 13, 0, 0.344472
66, 13, 1, -0.175516
66, 13, 2, -0.449480
66, 13, 3, -0.462610
66, 13, 4, -0.434540
66, 13, 5, -0.446766
66, 13, 6, -0.466215
66, 13, 7, -0.479022
66, 13, 8, -0.451042
66, 13, 9, -0.441695
66, 13, 10, -0.457168
66, 13, 11, -0.448012
66, 13, 12, -0.407750
66, 13, 13, -0.388977
66, 13, 14, -0.280948
66, 13, 15, -0.019679
66, 13, 16, 0.379630
66, 13, 17, 0.846225
66, 13, 18, 1.397985
66, 13, 19, 2.148033
66, 13, 20, 100.000000
66, 13, 21, 100.000000
66, 13, 22, 100.000000
66, 13, 23, 100.000000
66, 13, 24, 100.000000
66, 13, 25, 100.000000
66, 13, 26, 100.000000
66, 13, 27, 100.000000
66, 13, 28, 100.000000
66, 13, 29, 100.000000
66, 13, 30, 100.000000
66, 13, 31, 100.000000
66, 13, 32, 100.000000
66, 13, 33, 100.000000
66, 13, 34, 100.000000
66, 14, 0, 0.321364
66, 14, 1, -0.184615
66, 14, 2, -0.441779
66, 14, 3, -0.437107
66, 14, 4, -0.428626
66, 14, 5, -0.450148
66, 14, 6, -0.463006
66, 14, 7, -0.479464
66, 14, 8, -0.451589
66, 14, 9, -0.432501
66, 14, 10, -0.427189
66, 14, 11, -0.445427
66, 14, 12, -0.425243
66, 14, 13, -0.397995
66, 14, 14, -0.307848
66, 14, 15, -0.069332
66, 14, 16, 0.368766
66, 14, 17, 0.885324
66, 14, 18, 1.380300
66, 14, 19, 2.064059
66, 14, 20, 100.000000
66, 14, 21, 100.000000
66, 14, 22, 100.000000
66, 14, 23, 100.000000
66, 14, 24, 100.000000
66, 14, 25, 100.000000
66, 14, 26, 100.000000
66, 14, 27, 100.000000
66, 14, 28, 100.000000
66, 14, 29, 100.000000
66, 14, 30, 100.000000
66, 14, 31, 100.000000
66, 14, 32, 100.000000
66, 14, 33, 100.000000
66, 14, 34, 100.000000
66, 15, 0, 0.348312
66, 15, 1, -0.174673
66, 15, 2, -0.421442
66, 15, 3, -0.423249
66, 15, 4, -0.415122
66, 15, 5, -0.435716
66, 15, 6, -0.440328
66, 15, 7, -0.444350
66, 15, 8, -0.451953
66, 15, 9, -0.442587
66, 15, 10, -0.428156
66, 15, 11, -0.426134
66, 15, 12, -0.420095
66, 15, 13, -0.411667
66, 15, 14, -0.339544
66, 15, 15, -0.104499
66, 15, 16, 0.334488
66, 15, 17, 0.901924
66, 15, 18, 1.439759
66, 15, 19, 2.103027
66, 15, 20, 100.000000
66, 15, 21, 100.000000
66, 15, 22, 100.000000
66, 15, 23, 100.000000
66, 15, 24, 100.000000
66, 15, 25, 100.000000
66, 15, 26, 100.000000
66, 15, 27, 100.000000
66, 15, 28, 100.000000
66, 15, 29, 100.000000
66, 15, 30, 100.000000
66, 15, 31, 100.000000
66, 15, 32, 100.000000
66, 15, 33, 100.000000
66, 15, 34, 100.000000
66, 16, 0, 0.385656
66, 16, 1, -0.159520
66, 16, 2, -0.455250
66, 16, 3, -0.461778
66, 16, 4, -0.436778
66, 16, 5, -0.439503
66, 16, 6, -0.468930
66, 16, 7, -0.429737
66, 16, 8, -0.417599
66, 16, 9, -0.437874
66, 16, 10, -0.419926
66, 16, 11, -0.405829
66, 16, 12, -0.428067
66, 16, 13, -0.432625
66, 16, 14, -0.345991
66, 16, 15, -0.113892
66, 16, 16, 0.296018
66, 16, 17, 0.852489
66, 16, 18, 1.454575
66, 16, 19, 2.168662
66, 16, 20, 100.000000
66, 16, 21, 100.000000
66, 16, 22, 100.000000
66, 16, 23, 100.000000
66, 16, 24, 100.000000
66, 16, 25, 100.000000
66, 16, 26, 100.000000
66, 16, 27, 100.000000
66, 16, 28, 100.000000
66, 16, 29, 100.000000
66, 16, 30, 100.000000
66, 16, 31, 100.000000
66, 16, 32, 100.000000
66, 16, 33, 100.000000
66, 16, 34, 100.000000
66, 17, 0, 0.402486
66, 17, 1, -0.143143
66, 17, 2, -0.448420
66, 17, 3, -0.477166
66, 17, 4, -0.443571
66, 17, 5, -0.423931
66, 17, 6, -0.468899
66, 17, 7, -0.465125
66, 17, 8, -0.421825
66, 17, 9, -0.422883
66, 17, 10, -0.403190
66, 17, 11, -0.362481
66, 17, 12, -0.377960
66, 17, 13, -0.414938
66, 17, 14, -0.342145
66, 17, 15, -0.128284
66, 17, 16, 0.256860
66, 17, 17, 0.785106
66, 17, 18, 1.417610
66, 17, 19, 2.184789
66, 17, 20, 100.000000
66, 17, 21, 100.000000
66, 17, 22, 100.000000
66, 17, 23, 100.000000
66, 17, 24, 100.000000
66, 17, 25, 100.000000
66, 17, 26, 100.000000
66, 17, 27, 100.000000
66, 17, 28, 100.000000
66, 17, 29, 100.000000
66, 17, 30, 100.000000
66, 17, 31, 100.000000
66, 17, 32, 100.000000
66, 17, 33, 100.000000
66, 17, 34, 100.000000
66, 18, 0, 0.407369
66, 18, 1, -0.131455
66, 18, 2, -0.446769
66, 18, 3, -0.461807
66, 18, 4, -0.464925
66, 18, 5, -0.415125
66, 18, 6, -0.438703
66, 18, 7, -0.460978
66, 18, 8, -0.433327
66, 18, 9, -0.413735
66, 18, 10, -0.416640
66, 18, 11, -0.386252
66, 18, 12, -0.371646
66, 18, 13, -0.385544
66, 18, 14, -0.345182
66, 18, 15, -0.132404
66, 18, 16, 0.248358
66, 18, 17, 0.751643
66, 18, 18, 1.351391
66, 18, 19, 2.187427
66, 18, 20, 100.000000
66, 18, 21, 100.000000
66, 18, 22, 100.000000
66, 18, 23, 100.000000
66, 18, 24, 100.000000
66, 18, 25, 100.000000
66, 18, 26, 100.000000
66, 18, 27, 100.000000
66, 18, 28, 100.000000
66, 18, 29, 100.000000
66, 18, 30, 100.000000
66, 18, 31, 100.000000
66, 18, 32, 100.000000
66, 18, 33, 100.000000
66, 18, 34, 100.000000
66, 19, 0, 0.405223
66, 19, 1, -0.149504
66, 19, 2, -0.469747
66, 19, 3, -0.455816
66, 19, 4, -0.485755
66, 19, 5, -0.445503
66, 19, 6, -0.435833
66, 19, 7, -0.433952
66, 19, 8, -0.413437
66, 19, 9, -0.397026
66, 19, 10, -0.410815
66, 19, 11, -0.422390
66, 19, 12, -0.402478
66, 19, 13, -0.388479
66, 19, 14, -0.331557
66, 19, 15, -0.113053
66, 19, 16, 0.290845
66, 19, 17, 0.793086
66, 19, 18, 1.358728
66, 19, 19, 2.081001
66, 19, 20, 100.000000
66, 19, 21, 100.000000
66, 19, 22, 100.000000
66, 19, 23, 100.000000
66, 19, 24, 100.000000
66, 19, 25, 100.000000
66, 19, 26, 100.000000
66, 19, 27, 100.000000
66, 19, 28, 100.000000
66, 19, 29, 100.000000
66, 19, 30, 100.000000
66, 19, 31, 100.000000
66, 19, 32, 100.000000
66, 19, 33, 100.000000
66, 19, 34, 100.000000
66, 20, 0, 0.395093
66, 20, 1, -0.160528
66, 20, 2, -0.467746
66, 20, 3, -0.461843
66, 20, 4, -0.472335
66, 20, 5, -0.477490
66, 20, 6, -0.493982
66, 20, 7, -0.465389
66, 20, 8, -0.434277
66, 20, 9, -0.422430
66, 20, 10, -0.436936
66, 20, 11, -0.445953
66, 20, 12, -0.409901
66, 20, 13, -0.373423
66, 20, 14, -0.312643
66, 20, 15, -0.108250
66, 20, 16, 0.310819
66, 20, 17, 0.831394
66, 20, 18, 1.419954
66, 20, 19, 2.145546
66, 20, 20, 100.000000
66, 20, 21, 100.000000
66, 20, 22, 100.000000
66, 20, 23, 100.000000
66, 20, 24, 100.000000
66, 20, 25, 100.000000
66, 20, 26, 100.000000
66, 20, 27, 100.000000
66, 20, 28, 100.000000
66, 20, 29, 100.000000
66, 20, 30, 100.000000
66, 20, 31, 100.000000
66, 20, 32, 100.000000
66, 20, 33, 100.000000
66, 20, 34, 100.000000
66, 21, 0, 0.403291
66, 21, 1, -0.151427
66, 21, 2, -0.458695
66, 21, 3, -0.466348
66, 21, 4, -0.463295
66, 21, 5, -0.490457
66, 21, 6, -0.487004
66, 21, 7, -0.455785
66, 21, 8, -0.442755
66, 21, 9, -0.427569
66, 21, 10, -0.428471
66, 21, 11, -0.439863
66, 21, 12, -0.407544
66, 21, 13, -0.354849
66, 21, 14, -0.315631
66, 21, 15, -0.118933
66, 21, 16, 0.310293
66, 21, 17, 0.858060
66, 21, 18, 1.558559
66, 21, 19, 2.305628
66, 21, 20, 100.000000
66, 21, 21, 100.000000
66, 21, 22, 100.000000
66, 21, 23, 100.000000
66, 21, 24, 100.000000
66, 21, 25, 100.000000
66, 21, 26, 100.000000
66, 21, 27, 100.000000
66, 21, 28, 100.000000
66, 21, 29, 100.000000
66, 21, 30, 100.000000
66, 21, 31, 100.000000
66, 21, 32, 100.000000
66, 21, 33, 100.000000
66, 21, 34, 100.000000
66, 22, 0, 0.413633
66, 22, 1, -0.129554
66, 22, 2, -0.440338
66, 22, 3, -0.472823
66, 22, 4, -0.466927
66, 22, 5, -0.475219
66, 22, 6, -0.475611
66, 22, 7, -0.446715
66, 22, 8, -0.419049
66, 22, 9, -0.407625
66, 22, 10, -0.411167
66, 22, 11, -0.413268
66, 22, 12, -0.394171
66, 22, 13, -0.363730
66, 22, 14, -0.315019
66, 22, 15, -0.084359
66, 22, 16, 0.347042
66, 22, 17, 0.900177
66, 22, 18, 1.580649
66, 22, 19, 2.356471
66, 22, 20, 100.000000
66, 22, 21, 100.000000
66, 22, 22, 100.000000
66, 22, 23, 100.000000
66, 22, 24, 100.000000
66, 22, 25, 100.000000
66, 22, 26, 100.000000
66, 22, 27, 100.000000
66, 22, 28, 100.000000
66, 22, 29, 100.000000
66, 22, 30, 100.000000
66, 22, 31, 100.000000
66, 22, 32, 100.000000
66, 22, 33, 100.000000
66, 22, 34, 100.000000
66, 23, 0, 0.396651
66, 23, 1, -0.137431
66, 23, 2, -0.441544
66, 23, 3, -0.471534
66, 23, 4, -0.468429
66, 23, 5, -0.489055
66, 23, 6, -0.478068
66, 23, 7, -0.445128
66, 23, 8, -0.411363
66, 23, 9, -0.397326
66, 23, 10, -0.424145
66, 23, 11, -0.424938
66, 23, 12, -0.402615
66, 23, 13, -0.371948
66, 23, 14, -0.293063
66, 23, 15, -0.030265
66, 23, 16, 0.391203
66, 23, 17, 0.914288
66, 23, 18, 1.528527
66, 23, 19, 100.000000
66, 23, 20, 100.000000
66, 23, 21, 100.000000
66, 23, 22, 100.000000
66, 23, 23, 100.000000
66, 23, 24, 100.000000
66, 23, 25, 100.000000
66, 23, 26, 100.000000
66, 23, 27, 100.000000
66, 23, 28, 100.000000
66, 23, 29, 100.000000
66, 23, 30, 100.000000
66, 23, 31, 100.000000
66, 23, 32, 100.000000
66, 23, 33, 100.000000
66, 23, 34, 100.000000
66, 24, 0, 0.381349
66, 24, 1, -0.161976
66, 24, 2, -0.442958
66, 24, 3, -0.461701
66, 24, 4, -0.471091
66, 24, 5, -0.476832
66, 24, 6, -0.467759
66, 24, 7, -0.454744
66, 24, 8, -0.413610
66, 24, 9, -0.383753
66, 24, 10, -0.389785
66, 24, 11, -0.422608
66, 24, 12, -0.429432
66, 24, 13, -0.403754
66, 24, 14, -0.285903
66, 24, 15, -0.021022
66, 24, 16, 0.382214
66, 24, 17, 0.876491
66, 24, 18, 1.419798
66, 24, 19, 2.091338
66, 24, 20, 100.000000
66, 24, 21, 100.000000
66, 24, 22, 100.000000
66, 24, 23, 100.000000
66, 24, 24, 100.000000
66, 24, 25, 100.000000
66, 24, 26, 100.000000
66, 24, 27, 100.000000
66, 24, 28, 100.000000
66, 24, 29, 100.000000
66, 24, 30, 100.000000
66, 24, 31, 100.000000
66, 24, 32, 100.000000
66, 24, 33, 100.000000
66, 24, 34, 100.000000
66, 25, 0, 0.379143
66, 25, 1, -0.151879
66, 25, 2, -0.434776
66, 25, 3, -0.482433
66, 25, 4, -0.456829
66, 25, 5, -0.459250
66, 25, 6, -0.441404
66, 25, 7, -0.452053
66, 25, 8, -0.456627
66, 25, 9, -0.444645
66, 25, 10, -0.414805
66, 25, 11, -0.446992
66, 25, 12, -0.462871
66, 25, 13, -0.410143
66, 25, 14, -0.301886
66, 25, 15, -0.076285
66, 25, 16, 0.316472
66, 25, 17, 0.788819
66, 25, 18, 1.330249
66, 25, 19, 2.090454
66, 25, 20, 100.000000
66, 25, 21, 100.000000
66, 25, 22, 100.000000
66, 25, 23, 100.000000
66, 25, 24, 100.000000
66, 25, 25, 100.000000
66, 25, 26, 100.000000
66, 25, 27, 100.000000
66, 25, 28, 100.000000
66, 25, 29, 100.000000
66, 25, 30, 100.000000
66, 25, 31, 100.000000
66, 25, 32, 100.000000
66, 25, 33, 100.000000
66, 25, 34, 100.000000
66, 26, 0, 0.399897
66, 26, 1, -0.119136
66, 26, 2, -0.419380
66, 26, 3, -0.460173
66, 26, 4, -0.439546
66, 26, 5, -0.470383
66, 26, 6, -0.455598
66, 26, 7, -0.445338
66, 26, 8, -0.423499
66, 26, 9, -0.415015
66, 26, 10, -0.390933
66, 26, 11, -0.399643
66, 26, 12, -0.425553
66, 26, 13, -0.370410
66, 26, 14, -0.291662
66, 26, 15, -0.119589
66, 26, 16, 0.260673
66, 26, 17, 0.764706
66, 26, 18, 1.319895
66, 26, 19, 2.057931
66, 26, 20, 100.000000
66, 26, 21, 100.000000
66, 26, 22, 100.000000
66, 26, 23, 100.000000
66, 26, 24, 100.000000
66, 26, 25, 100.000000
66, 26, 26, 100.000000
66, 26, 27, 100.000000
66, 26, 28, 100.000000
66, 26, 29, 100.000000
66, 26, 30, 100.000000
66, 26, 31, 100.000000
66, 26, 32, 100.000000
66, 26, 33, 100.000000
66, 26, 34, 100.000000
66, 27, 0, 0.400316
66, 27, 1, -0.108551
66, 27, 2, -0.404709
66, 27, 3, -0.441502
66, 27, 4, -0.418934
66, 27, 5, -0.437263
66, 27, 6, -0.479352
66, 27, 7, -0.448877
66, 27, 8, -0.439202
66, 27, 9, -0.429878
66, 27, 10, -0.395595
66, 27, 11, -0.390917
66, 27, 12, -0.403425
66, 27, 13, -0.358952
66, 27, 14, -0.291998
66, 27, 15, -0.135097
66, 27, 16, 0.268501
66, 27, 17, 0.807769
66, 27, 18, 1.382235
66, 27, 19, 2.173640
66, 27, 20, 100.000000
66, 27, 21, 100.000000
66, 27, 22, 100.000000
66, 27, 23, 100.000000
66, 27, 24, 100.000000
66, 27, 25, 100.000000
66, 27, 26, 100.000000
66, 27, 27, 100.000000
66, 27, 28, 100.000000
66, 27, 29, 100.000000
66, 27, 30, 100.000000
66, 27, 31, 100.000000
66, 27, 32, 100.000000
66, 27, 33, 100.000000
66, 27, 34, 100.000000
66, 28, 0, 0.386864
66, 28, 1, -0.071905
66, 28, 2, -0.334159
66, 28, 3, -0.425271
66, 28, 4, -0.438392
66, 28, 5, -0.444550
66, 28, 6, -0.431873
66, 28, 7, -0.420040
66, 28, 8, -0.443362
66, 28, 9, -0.452964
66, 28, 10, -0.418025
66, 28, 11, -0.377931
66, 28, 12, -0.352842
66, 28, 13, -0.322829
66, 28, 14, -0.294669
66, 28, 15, -0.118197
66, 28, 16, 0.300792
66, 28, 17, 0.835834
66, 28, 18, 1.456169
66, 28, 19, 2.191444
66, 28, 20, 100.000000
66, 28, 21, 100.000000
66, 28, 22, 100.000000
66, 28, 23, 100.000000
66, 28, 24, 100.000000
66, 28, 25, 100.000000
66, 28, 26, 100.000000
66, 28, 27, 100.000000
66, 28, 28, 100.000000
66, 28, 29, 100.000000
66, 28, 30, 100.000000
66, 28, 31, 100.000000
66, 28, 32, 100.000000
66, 28, 33, 100.000000
66, 28, 34, 100.000000
66, 29, 0, 0.421390
66, 29, 1, 0.037700
66, 29, 2, -0.131435
66, 29, 3, -0.159306
66, 29, 4, -0.149560
66, 29, 5, -0.139474
66, 29, 6, -0.135225
66, 29, 7, -0.150635
66, 29, 8, -0.175470
66, 29, 9, -0.172080
66, 29, 10, -0.147451
66, 29, 11, -0.119444
66, 29, 12, -0.079909
66, 29, 13, -0.045559
66, 29, 14, -0.059717
66, 29, 15, 0.022290
66, 29, 16, 0.363168
66, 29, 17, 0.864345
66, 29, 18, 1.444902
66, 29, 19, 2.114470
66, 29, 20, 100.000000
66, 29, 21, 100.000000
66, 29, 22, 100.000000
66, 29, 23, 100.000000
66, 29, 24, 100.000000
66, 29, 25, 100.000000
66, 29, 26, 100.000000
66, 29, 27, 100.000000
66, 29, 28, 100.000000
66, 29, 29, 100.000000
66, 29, 30, 100.000000
66, 29, 31, 100.000000
66, 29, 32, 100.000000
66, 29, 33, 100.000000
66, 29, 34, 100.000000
67, 0, 0, 0.673620
67, 0, 1, 0.415307
67, 0, 2, 0.397186
67, 0, 3, 0.416577
67, 0, 4, 0.401462
67, 0, 5, 0.370811
67, 0, 6, 0.364930
67, 0, 7, 0.371033
67, 0, 8, 0.373268
67, 0, 9, 0.385244
67, 0, 10, 0.420169
67, 0, 11, 0.447434
67, 0, 12, 0.438946
67, 0, 13, 0.420054
67, 0, 14, 0.432843
67, 0, 15, 0.474002
67, 0, 16, 0.656760
67, 0, 17, 1.008531
67, 0, 18, 1.552773
67, 0, 19, 2.242314
67, 0, 20, 100.000000
67, 0, 21, 100.000000
67, 0, 22, 100.000000
67, 0, 23, 100.000000
67, 0, 24, 100.000000
67, 0, 25, 100.000000
67, 0, 26, 100.000000
67, 0, 27, 100.000000
67, 0, 28, 100.000000
67, 0, 29, 100.000000
67, 0, 30, 100.000000
67, 0, 31, 100.000000
67, 0, 32, 100.000000
67, 0, 33, 100.000000
67, 0, 34, 100.000000
67, 1, 0, 0.426122
67, 1, 1, -0.019734
67, 1, 2, -0.134660
67, 1, 3, -0.111778
67, 1, 4, -0.103638
67, 1, 5, -0.118032
67, 1, 6, -0.125596
67, 1, 7, -0.126655
67, 1, 8, -0.138633
67, 1, 9, -0.144984
67, 1, 10, -0.136999
67, 1, 11, -0.126562
67, 1, 12, -0.139620
67, 1, 13, -0.159000
67, 1, 14, -0.101462
67, 1, 15, 0.031550
67, 1, 16, 0.307970
67, 1, 17, 0.777784
67, 1, 18, 1.314053
67, 1, 19, 1.873722
67, 1, 20, 100.000000
67, 1, 21, 100.000000
67, 1, 22, 100.000000
67, 1, 23, 100.000000
67, 1, 24, 100.000000
67, 1, 25, 100.000000
67, 1, 26, 100.000000
67, 1, 27, 100.000000
67, 1, 28, 100.000000
67, 1, 29, 100.000000
67, 1, 30, 100.000000
67, 1, 31, 100.000000
67, 1, 32, 100.000000
67, 1, 33, 100.000000
67, 1, 34, 100.000000
67, 2, 0, 0.378954
67, 2, 1, -0.138729
67, 2, 2, -0.414793
67, 2, 3, -0.424010
67, 2, 4, -0.410070
67, 2, 5, -0.432009
67, 2, 6, -0.434676
67, 2, 7, -0.368452
67, 2, 8, -0.372486
67, 2, 9, -0.395559
67, 2, 10, -0.440096
67, 2, 11, -0.404504
67, 2, 12, -0.412893
67, 2, 13, -0.417550
67, 2, 14, -0.340267
67, 2, 15, -0.117505
67, 2, 16, 0.268769
67, 2, 17, 0.763050
67, 2, 18, 1.308279
67, 2, 19, 1.754955
67, 2, 20, 2.461479
67, 2, 21, 100.000000
67, 2, 22, 100.000000
67, 2, 23, 100.000000
67, 2, 24, 100.000000
67, 2, 25, 100.000000
67, 2, 26, 100.000000
67, 2, 27, 100.000000
67, 2, 28, 100.000000
67, 2, 29, 100.000000
67, 2, 30, 100.000000
67, 2, 31, 100.000000
67, 2, 32, 100.000000
67, 2, 33, 100.000000
67, 2, 34, 100.000000
67, 3, 0, 0.381068
67, 3, 1, -0.135932
67, 3, 2, -0.435194
67, 3, 3, -0.435747
67, 3, 4, -0.416113
67, 3, 5, -0.444893
67, 3, 6, -0.435326
67, 3, 7, -0.431434
67, 3, 8, -0.439744
67, 3, 9, -0.457352
67, 3, 10, -0.420841
67, 3, 11, -0.408492
67, 3, 12, -0.455769
67, 3, 13, -0.420105
67, 3, 14, -0.317831
67, 3, 15, -0.109996
67, 3, 16, 0.306548
67, 3, 17, 0.840621
67, 3, 18, 1.413322
67, 3, 19, 2.027250
67, 3, 20, 100.000000
67, 3, 21, 100.000000
67, 3, 22, 100.000000
67, 3, 23, 100.000000
67, 3, 24, 100.000000
67, 3, 25, 100.000000
67, 3, 26, 100.000000
67, 3, 27, 100.000000
67, 3, 28, 100.000000
67, 3, 29, 100.000000
67, 3, 30, 100.000000
67, 3, 31, 100.000000
67, 3, 32, 100.000000
67, 3, 33, 100.000000
67, 3, 34, 100.000000
67, 4, 0, 0.383432
67, 4, 1, -0.143053
67, 4, 2, -0.452843
67, 4, 3, -0.444478
67, 4, 4, -0.427511
67, 4, 5, -0.450832
67, 4, 6, -0.472211
67, 4, 7, -0.464831
67, 4, 8, -0.450386
67, 4, 9, -0.428777
67, 4, 10, -0.434461
67, 4, 11, -0.456380
67, 4, 12, -0.457893
67, 4, 13, -0.390178
67, 4, 14, -0.283308
67, 4, 15, -0.109594
67, 4, 16, 0.284182
67, 4, 17, 0.805406
67, 4, 18, 1.382604
67, 4, 19, 2.121097
67, 4, 20, 100.000000
67, 4, 21, 100.000000
67, 4, 22, 100.000000
67, 4, 23, 100.000000
67, 4, 24, 100.000000
67, 4, 25, 100.000000
67, 4, 26, 100.000000
67, 4, 27, 100.000000
67, 4, 28, 100.000000
67, 4, 29, 100.000000
67, 4, 30, 100.000000
67, 4, 31, 100.000000
67, 4, 32, 100.000000
67, 4, 33, 100.000000
67, 4, 34, 100.000000
67, 5, 0, 0.377230
67, 5, 1, -0.160070
67, 5, 2, -0.454140
67, 5, 3, -0.471691
67, 5, 4, -0.453008
67, 5, 5, -0.438006
67, 5, 6, -0.443370
67, 5, 7, -0.441714
67, 5, 8, -0.413719
67, 5, 9, -0.402615
67, 5, 10, -0.432913
67, 5, 11, -0.440872
67, 5, 12, -0.443985
67, 5, 13, -0.381939
67, 5, 14, -0.280316
67, 5, 15, -0.108242
67, 5, 16, 0.253786
67, 5, 17, 0.720308
67, 5, 18, 1.101960
67, 5, 19, 1.445453
67, 5, 20, 2.177909
67, 5, 21, 100.000000
67, 5, 22, 100.000000
67, 5, 23, 100.000000
67, 5, 24, 100.000000
67, 5, 25, 100.000000
67, 5, 26, 100.000000
67, 5, 27, 100.000000
67, 5, 28, 100.000000
67, 5, 29, 100.000000
67, 5, 30, 100.000000
67, 5, 31, 100.000000
67, 5, 32, 100.000000
67, 5, 33, 100.000000
67, 5, 34, 100.000000
67, 6, 0, 0.375996
67, 6, 1, -0.158767
67, 6, 2, -0.457344
67, 6, 3, -0.485829
67, 6, 4, -0.468547
67, 6, 5, -0.439321
67, 6, 6, -0.448617
67, 6, 7, -0.452304
67, 6, 8, -0.413678
67, 6, 9, -0.393848
67, 6, 10, -0.435412
67, 6, 11, -0.452580
67, 6, 12, -0.431503
67, 6, 13, -0.373107
67, 6, 14, -0.304384
67, 6, 15, -0.104849
67, 6, 16, 0.252741
67, 6, 17, 0.642960
67, 6, 18, 0.942009
67, 6, 19, 1.208774
67, 6, 20, 1.928798
67, 6, 21, 100.000000
67, 6, 22, 100.000000
67, 6, 23, 100.000000
67, 6, 24, 100.000000
67, 6, 25, 100.000000
67, 6, 26, 100.000000
67, 6, 27, 100.000000
67, 6, 28, 100.000000
67, 6, 29, 100.000000
67, 6, 30, 100.000000
67, 6, 31, 100.000000
67, 6, 32, 100.000000
67, 6, 33, 100.000000
67, 6, 34, 100.000000
67, 7, 0, 0.388563
67, 7, 1, -0.157248
67, 7, 2, -0.453428
67, 7, 3, -0.474177
67, 7, 4, -0.451683
67, 7, 5, -0.432979
67, 7, 6, -0.446523
67, 7, 7, -0.462661
67, 7, 8, -0.433198
67, 7, 9, -0.426696
67, 7, 10, -0.459537
67, 7, 11, -0.448164
67, 7, 12, -0.427995
67, 7, 13, -0.376551
67, 7, 14, -0.311617
67, 7, 15, -0.102077
67, 7, 16, 0.276591
67, 7, 17, 0.655905
67, 7, 18, 1.012063
67, 7, 19, 1.392521
67, 7, 20, 2.067083
67, 7, 21, 100.000000
67, 7, 22, 100.000000
67, 7, 23, 100.000000
67, 7, 24, 100.000000
67, 7, 25, 100.000000
67, 7, 26, 100.000000
67, 7, 27, 100.000000
67, 7, 28, 100.000000
67, 7, 29, 100.000000
67, 7, 30, 100.000000
67, 7, 31, 100.000000
67, 7, 32, 100.000000
67, 7, 33, 100.000000
67, 7, 34, 100.000000
67, 8, 0, 0.407104
67, 8, 1, -0.138286
67, 8, 2, -0.448907
67, 8, 3, -0.474026
67, 8, 4, -0.446452
67, 8, 5, -0.446804
67, 8, 6, -0.463693
67, 8, 7, -0.445477
67, 8, 8, -0.414631
67, 8, 9, -0.430892
67, 8, 10, -0.463104
67, 8, 11, -0.445243
67, 8, 12, -0.418124
67, 8, 13, -0.362437
67, 8, 14, -0.269901
67, 8, 15, -0.090497
67, 8, 16, 0.270333
67, 8, 17, 0.700568
67, 8, 18, 1.131137
67, 8, 19, 1.683529
67, 8, 20, 2.426442
67, 8, 21, 100.000000
67, 8, 22, 100.000000
67, 8, 23, 100.000000
67, 8, 24, 100.000000
67, 8, 25, 100.000000
67, 8, 26, 100.000000
67, 8, 27, 100.000000
67, 8, 28, 100.000000
67, 8, 29, 100.000000
67, 8, 30, 100.000000
67, 8, 31, 100.000000
67, 8, 32, 100.000000
67, 8, 33, 100.000000
67, 8, 34, 100.000000
67, 9, 0, 0.418102
67, 9, 1, -0.102328
67, 9, 2, -0.411283
67, 9, 3, -0.456712
67, 9, 4, -0.441444
67, 9, 5, -0.463648
67, 9, 6, -0.442962
67, 9, 7, -0.434697
67, 9, 8, -0.402393
67, 9, 9, -0.401975
67, 9, 10, -0.427606
67, 9, 11, -0.416037
67, 9, 12, -0.430134
67, 9, 13, -0.423266
67, 9, 14, -0.311618
67, 9, 15, -0.111469
67, 9, 16, 0.226150
67, 9, 17, 0.664642
67, 9, 18, 1.200709
67, 9, 19, 1.832391
67, 9, 20, 100.000000
67, 9, 21, 100.000000
67, 9, 22, 100.000000
67, 9, 23, 100.000000
67, 9, 24, 100.000000
67, 9, 25, 100.000000
67, 9, 26, 100.000000
67, 9, 27, 100.000000
67, 9, 28, 100.000000
67, 9, 29, 100.000000
67, 9, 30, 100.000000
67, 9, 31, 100.000000
67, 9, 32, 100.000000
67, 9, 33, 100.000000
67, 9, 34, 100.000000
67, 10, 0, 0.415232
67, 10, 1, -0.099547
67, 10, 2, -0.394152
67, 10, 3, -0.460805
67, 10, 4, -0.464479
67, 10, 5, -0.466042
67, 10, 6, -0.464581
67, 10, 7, -0.461895
67, 10, 8, -0.413511
67, 10, 9, -0.415719
67, 10, 10, -0.445769
67, 10, 11, -0.441114
67, 10, 12, -0.440183
67, 10, 13, -0.465271
67, 10, 14, -0.352277
67, 10, 15, -0.121473
67, 10, 16, 0.207385
67, 10, 17, 0.630906
67, 10, 18, 1.200505
67, 10, 19, 1.672485
67, 10, 20, 2.466053
67, 10, 21, 100.000000
67, 10, 22, 100.000000
67, 10, 23, 100.000000
67, 10, 24, 100.000000
67, 10, 25, 100.000000
67, 10, 26, 100.000000
67, 10, 27, 100.000000
67, 10, 28, 100.000000
67, 10, 29, 100.000000
67, 10, 30, 100.000000
67, 10, 31, 100.000000
67, 10, 32, 100.000000
67, 10, 33, 100.000000
67, 10, 34, 100.000000
67, 11, 0, 0.387603
67, 11, 1, -0.134924
67, 11, 2, -0.401925
67, 11, 3, -0.435802
67, 11, 4, -0.469573
67, 11, 5, -0.462888
67, 11, 6, -0.488957
67, 11, 7, -0.441175
67, 11, 8, -0.399708
67, 11, 9, -0.426374
67, 11, 10, -0.463023
67, 11, 11, -0.438362
67, 11, 12, -0.422129
67, 11, 13, -0.485654
67, 11, 14, -0.352797
67, 11, 15, -0.122593
67, 11, 16, 0.190897
67, 11, 17, 0.611520
67, 11, 18, 1.163214
67, 11, 19, 1.572797
67, 11, 20, 2.280981
67, 11, 21, 100.000000
67, 11, 22, 100.000000
67, 11, 23, 100.000000
67, 11, 24, 100.000000
67, 11, 25, 100.000000
67, 11, 26, 100.000000
67, 11, 27, 100.000000
67, 11, 28, 100.000000
67, 11, 29, 100.000000
67, 11, 30, 100.000000
67, 11, 31, 100.000000
67, 11, 32, 100.000000
67, 11, 33, 100.000000
67, 11, 34, 100.000000
67, 12, 0, 0.369862
67, 12, 1, -0.162279
67, 12, 2, -0.442308
67, 12, 3, -0.477264
67, 12, 4, -0.446793
67, 12, 5, -0.469094
67, 12, 6, -0.498124
67, 12, 7, -0.454716
67, 12, 8, -0.414437
67, 12, 9, -0.407961
67, 12, 10, -0.420705
67, 12, 11, -0.407806
67, 12, 12, -0.434631
67, 12, 13, -0.464372
67, 12, 14, -0.340576
67, 12, 15, -0.117786
67, 12, 16, 0.161306
67, 12, 17, 0.569353
67, 12, 18, 1.078376
67, 12, 19, 1.689971
67, 12, 20, 2.444526
67, 12, 21, 100.000000
67, 12, 22, 100.000000
67, 12, 23, 100.000000
67, 12, 24, 100.000000
67, 12, 25, 100.000000
67, 12, 26, 100.000000
67, 12, 27, 100.000000
67, 12, 28, 100.000000
67, 12, 29, 100.000000
67, 12, 30, 100.000000
67, 12, 31, 100.000000
67, 12, 32, 100.000000
67, 12, 33, 100.000000
67, 12, 34, 100.000000
67, 13, 0, 0.366604
67, 13, 1, -0.148805
67, 13, 2, -0.420358
67, 13, 3, -0.450157
67, 13, 4, -0.453125
67, 13, 5, -0.487367
67, 13, 6, -0.491456
67, 13, 7, -0.479636
67, 13, 8, -0.470091
67, 13, 9, -0.423287
67, 13, 10, -0.415271
67, 13, 11, -0.383113
67, 13, 12, -0.421191
67, 13, 13, -0.448880
67, 13, 14, -0.342022
67, 13, 15, -0.146851
67, 13, 16, 0.144550
67, 13, 17, 0.540815
67, 13, 18, 0.992084
67, 13, 19, 1.646882
67, 13, 20, 2.414150
67, 13, 21, 100.000000
67, 13, 22, 100.000000
67, 13, 23, 100.000000
67, 13, 24, 100.000000
67, 13, 25, 100.000000
67, 13, 26, 100.000000
67, 13, 27, 100.000000
67, 13, 28, 100.000000
67, 13, 29, 100.000000
67, 13, 30, 100.000000
67, 13, 31, 100.000000
67, 13, 32, 100.000000
67, 13, 33, 100.000000
67, 13, 34, 100.000000
67, 14, 0, 0.362580
67, 14, 1, -0.140912
67, 14, 2, -0.421318
67, 14, 3, -0.469238
67, 14, 4, -0.467708
67, 14, 5, -0.471498
67, 14, 6, -0.475383
67, 14, 7, -0.452929
67, 14, 8, -0.458759
67, 14, 9, -0.451860
67, 14, 10, -0.416313
67, 14, 11, -0.407176
67, 14, 12, -0.426786
67, 14, 13, -0.396206
67, 14, 14, -0.335554
67, 14, 15, -0.181770
67, 14, 16, 0.134169
67, 14, 17, 0.573083
67, 14, 18, 0.989098
67, 14, 19, 1.502327
67, 14, 20, 2.214176
67, 14, 21, 100.000000
67, 14, 22, 100.000000
67, 14, 23, 100.000000
67, 14, 24, 100.000000
67, 14, 25, 100.000000
67, 14, 26, 100.000000
67, 14, 27, 100.000000
67, 14, 28, 100.000000
67, 14, 29, 100.000000
67, 14, 30, 100.000000
67, 14, 31, 100.000000
67, 14, 32, 100.000000
67, 14, 33, 100.000000
67, 14, 34, 100.000000
67, 15, 0, 0.384352
67, 15, 1, -0.127131
67, 15, 2, -0.427391
67, 15, 3, -0.472584
67, 15, 4, -0.445477
67, 15, 5, -0.438955
67, 15, 6, -0.430450
67, 15, 7, -0.427400
67, 15, 8, -0.485068
67, 15, 9, -0.444744
67, 15, 10, -0.419027
67, 15, 11, -0.411033
67, 15, 12, -0.428116
67, 15, 13, -0.389578
67, 15, 14, -0.354957
67, 15, 15, -0.225275
67, 15, 16, 0.117034
67, 15, 17, 0.613446
67, 15, 18, 1.064127
67, 15, 19, 1.516798
67, 15, 20, 2.230961
67, 15, 21, 100.000000
67, 15, 22, 100.000000
67, 15, 23, 100.000000
67, 15, 24, 100.000000
67, 15, 25, 100.000000
67, 15, 26, 100.000000
67, 15, 27, 100.000000
67, 15, 28, 100.000000
67, 15, 29, 100.000000
67, 15, 30, 100.000000
67, 15, 31, 100.000000
67, 15, 32, 100.000000
67, 15, 33, 100.000000
67, 15, 34, 100.000000
67, 16, 0, 0.408873
67, 16, 1, -0.135038
67, 16, 2, -0.439067
67, 16, 3, -0.485842
67, 16, 4, -0.457209
67, 16, 5, -0.434654
67, 16, 6, -0.426303
67, 16, 7, -0.404074
67, 16, 8, -0.441864
67, 16, 9, -0.477854
67, 16, 10, -0.439869
67, 16, 11, -0.391426
67, 16, 12, -0.392659
67, 16, 13, -0.393755
67, 16, 14, -0.361709
67, 16, 15, -0.248577
67, 16, 16, 0.079776
67, 16, 17, 0.593418
67, 16, 18, 1.126160
67, 16, 19, 1.666521
67, 16, 20, 2.457421
67, 16, 21, 100.000000
67, 16, 22, 100.000000
67, 16, 23, 100.000000
67, 16, 24, 100.000000
67, 16, 25, 100.000000
67, 16, 26, 100.000000
67, 16, 27, 100.000000
67, 16, 28, 100.000000
67, 16, 29, 100.000000
67, 16, 30, 100.000000
67, 16, 31, 100.000000
67, 16, 32, 100.000000
67, 16, 33, 100.000000
67, 16, 34, 100.000000
67, 17, 0, 0.406481
67, 17, 1, -0.151330
67, 17, 2, -0.452618
67, 17, 3, -0.464596
67, 17, 4, -0.443708
67, 17, 5, -0.415321
67, 17, 6, -0.411203
67, 17, 7, -0.413115
67, 17, 8, -0.421068
67, 17, 9, -0.451822
67, 17, 10, -0.452973
67, 17, 11, -0.392325
67, 17, 12, -0.363527
67, 17, 13, -0.383601
67, 17, 14, -0.363132
67, 17, 15, -0.247413
67, 17, 16, 0.040285
67, 17, 17, 0.520772
67, 17, 18, 1.095325
67, 17, 19, 1.809553
67, 17, 20, 100.000000
67, 17, 21, 100.000000
67, 17, 22, 100.000000
67, 17, 23, 100.000000
67, 17, 24, 100.000000
67, 17, 25, 100.000000
67, 17, 26, 100.000000
67, 17, 27, 100.000000
67, 17, 28, 100.000000
67, 17, 29, 100.000000
67, 17, 30, 100.000000
67, 17, 31, 100.000000
67, 17, 32, 100.000000
67, 17, 33, 100.000000
67, 17, 34, 100.000000
67, 18, 0, 0.395823
67, 18, 1, -0.154224
67, 18, 2, -0.455322
67, 18, 3, -0.448265
67, 18, 4, -0.469976
67, 18, 5, -0.411225
67, 18, 6, -0.400196
67, 18, 7, -0.416774
67, 18, 8, -0.448076
67, 18, 9, -0.454954
67, 18, 10, -0.484489
67, 18, 11, -0.446961
67, 18, 12, -0.378229
67, 18, 13, -0.376474
67, 18, 14, -0.380485
67, 18, 15, -0.258933
67, 18, 16, 0.052963
67, 18, 17, 0.508251
67, 18, 18, 1.039934
67, 18, 19, 1.733532
67, 18, 20, 2.389462
67, 18, 21, 100.000000
67, 18, 22, 100.000000
67, 18, 23, 100.000000
67, 18, 24, 100.000000
67, 18, 25, 100.000000
67, 18, 26, 100.000000
67, 18, 27, 100.000000
67, 18, 28, 100.000000
67, 18, 29, 100.000000
67, 18, 30, 100.000000
67, 18, 31, 100.000000
67, 18, 32, 100.000000
67, 18, 33, 100.000000
67, 18, 34, 100.000000
67, 19, 0, 0.381499
67, 19, 1, -0.157459
67, 19, 2, -0.465018
67, 19, 3, -0.445821
67, 19, 4, -0.467827
67, 19, 5, -0.445236
67, 19, 6, -0.440338
67, 19, 7, -0.426798
67, 19, 8, -0.458189
67, 19, 9, -0.441389
67, 19, 10, -0.430136
67, 19, 11, -0.420947
67, 19, 12, -0.396182
67, 19, 13, -0.396027
67, 19, 14, -0.398955
67, 19, 15, -0.240920
67, 19, 16, 0.107426
67, 19, 17, 0.547367
67, 19, 18, 1.023130
67, 19, 19, 1.632095
67, 19, 20, 2.338814
67, 19, 21, 100.000000
67, 19, 22, 100.000000
67, 19, 23, 100.000000
67, 19, 24, 100.000000
67, 19, 25, 100.000000
67, 19, 26, 100.000000
67, 19, 27, 100.000000
67, 19, 28, 100.000000
67, 19, 29, 100.000000
67, 19, 30, 100.000000
67, 19, 31, 100.000000
67, 19, 32, 100.000000
67, 19, 33, 100.000000
67, 19, 34, 100.000000
67, 20, 0, 0.391596
67, 20, 1, -0.151722
67, 20, 2, -0.449421
67, 20, 3, -0.464440
67, 20, 4, -0.447949
67, 20, 5, -0.452674
67, 20, 6, -0.466824
67, 20, 7, -0.463503
67, 20, 8, -0.463987
67, 20, 9, -0.414243
67, 20, 10, -0.432196
67, 20, 11, -0.424536
67, 20, 12, -0.409119
67, 20, 13, -0.392397
67, 20, 14, -0.367888
67, 20, 15, -0.214106
67, 20, 16, 0.112112
67, 20, 17, 0.546310
67, 20, 18, 1.070627
67, 20, 19, 1.642094
67, 20, 20, 2.218297
67, 20, 21, 100.000000
67, 20, 22, 100.000000
67, 20, 23, 100.000000
67, 20, 24, 100.000000
67, 20, 25, 100.000000
67, 20, 26, 100.000000
67, 20, 27, 100.000000
67, 20, 28, 100.000000
67, 20, 29, 100.000000
67, 20, 30, 100.000000
67, 20, 31, 100.000000
67, 20, 32, 100.000000
67, 20, 33, 100.000000
67, 20, 34, 100.000000
67, 21, 0, 0.411177
67, 21, 1, -0.135138
67, 21, 2, -0.429380
67, 21, 3, -0.477885
67, 21, 4, -0.478841
67, 21, 5, -0.475876
67, 21, 6, -0.478551
67, 21, 7, -0.487456
67, 21, 8, -0.455569
67, 21, 9, -0.429170
67, 21, 10, -0.465884
67, 21, 11, -0.430007
67, 21, 12, -0.406767
67, 21, 13, -0.382932
67, 21, 14, -0.350661
67, 21, 15, -0.206853
67, 21, 16, 0.117866
67, 21, 17, 0.563890
67, 21, 18, 1.138112
67, 21, 19, 1.810148
67, 21, 20, 2.452865
67, 21, 21, 100.000000
67, 21, 22, 100.000000
67, 21, 23, 100.000000
67, 21, 24, 100.000000
67, 21, 25, 100.000000
67, 21, 26, 100.000000
67, 21, 27, 100.000000
67, 21, 28, 100.000000
67, 21, 29, 100.000000
67, 21, 30, 100.000000
67, 21, 31, 100.000000
67, 21, 32, 100.000000
67, 21, 33, 100.000000
67, 21, 34, 100.000000
67, 22, 0, 0.414773
67, 22, 1, -0.111940
67, 22, 2, -0.407254
67, 22, 3, -0.472552
67, 22, 4, -0.486591
67, 22, 5, -0.464626
67, 22, 6, -0.472047
67, 22, 7, -0.481768
67, 22, 8, -0.449963
67, 22, 9, -0.431457
67, 22, 10, -0.427450
67, 22, 11, -0.391714
67, 22, 12, -0.395868
67, 22, 13, -0.390753
67, 22, 14, -0.349347
67, 22, 15, -0.184170
67, 22, 16, 0.149154
67, 22, 17, 0.630468
67, 22, 18, 1.231156
67, 22, 19, 1.815634
67, 22, 20, 100.000000
67, 22, 21, 100.000000
67, 22, 22, 100.000000
67, 22, 23, 100.000000
67, 22, 24, 100.000000
67, 22, 25, 100.000000
67, 22, 26, 100.000000
67, 22, 27, 100.000000
67, 22, 28, 100.000000
67, 22, 29, 100.000000
67, 22, 30, 100.000000
67, 22, 31, 100.000000
67, 22, 32, 100.000000
67, 22, 33, 100.000000
67, 22, 34, 100.000000
67, 23, 0, 0.415164
67, 23, 1, -0.111718
67, 23, 2, -0.403778
67, 23, 3, -0.478236
67, 23, 4, -0.469463
67, 23, 5, -0.464362
67, 23, 6, -0.466926
67, 23, 7, -0.484411
67, 23, 8, -0.451215
67, 23, 9, -0.405391
67, 23, 10, -0.400870
67, 23, 11, -0.406382
67, 23, 12, -0.431964
67, 23, 13, -0.414617
67, 23, 14, -0.354712
67, 23, 15, -0.157793
67, 23, 16, 0.186983
67, 23, 17, 0.660115
67, 23, 18, 1.221228
67, 23, 19, 1.730716
67, 23, 20, 2.340384
67, 23, 21, 100.000000
67, 23, 22, 100.000000
67, 23, 23, 100.000000
67, 23, 24, 100.000000
67, 23, 25, 100.000000
67, 23, 26, 100.000000
67, 23, 27, 100.000000
67, 23, 28, 100.000000
67, 23, 29, 100.000000
67, 23, 30, 100.000000
67, 23, 31, 100.000000
67, 23, 32, 100.000000
67, 23, 33, 100.000000
67, 23, 34, 100.000000
67, 24, 0, 0.401500
67, 24, 1, -0.131825
67, 24, 2, -0.418707
67, 24, 3, -0.488114
67, 24, 4, -0.457925
67, 24, 5, -0.481332
67, 24, 6, -0.442384
67, 24, 7, -0.460298
67, 24, 8, -0.474886
67, 24, 9, -0.422726
67, 24, 10, -0.400235
67, 24, 11, -0.430110
67, 24, 12, -0.443686
67, 24, 13, -0.420980
67, 24, 14, -0.341096
67, 24, 15, -0.150519
67, 24, 16, 0.176074
67, 24, 17, 0.627083
67, 24, 18, 1.157586
67, 24, 19, 1.694638
67, 24, 20, 2.376526
67, 24, 21, 100.000000
67, 24, 22, 100.000000
67, 24, 23, 100.000000
67, 24, 24, 100.000000
67, 24, 25, 100.000000
67, 24, 26, 100.000000
67, 24, 27, 100.000000
67, 24, 28, 100.000000
67, 24, 29, 100.000000
67, 24, 30, 100.000000
67, 24, 31, 100.000000
67, 24, 32, 100.000000
67, 24, 33, 100.000000
67, 24, 34, 100.000000
67, 25, 0, 0.384891
67, 25, 1, -0.152313
67, 25, 2, -0.419313
67, 25, 3, -0.480362
67, 25, 4, -0.455620
67, 25, 5, -0.486159
67, 25, 6, -0.448638
67, 25, 7, -0.442455
67, 25, 8, -0.450287
67, 25, 9, -0.488521
67, 25, 10, -0.427200
67, 25, 11, -0.437825
67, 25, 12, -0.466935
67, 25, 13, -0.398398
67, 25, 14, -0.331895
67, 25, 15, -0.206582
67, 25, 16, 0.105810
67, 25, 17, 0.566993
67, 25, 18, 1.090128
67, 25, 19, 1.693113
67, 25, 20, 2.484951
67, 25, 21, 100.000000
67, 25, 22, 100.000000
67, 25, 23, 100.000000
67, 25, 24, 100.000000
67, 25, 25, 100.000000
67, 25, 26, 100.000000
67, 25, 27, 100.000000
67, 25, 28, 100.000000
67, 25, 29, 100.000000
67, 25, 30, 100.000000
67, 25, 31, 100.000000
67, 25, 32, 100.000000
67, 25, 33, 100.000000
67, 25, 34, 100.000000
67, 26, 0, 0.368449
67, 26, 1, -0.150029
67, 26, 2, -0.417938
67, 26, 3, -0.486212
67, 26, 4, -0.460043
67, 26, 5, -0.472118
67, 26, 6, -0.481850
67, 26, 7, -0.442759
67, 26, 8, -0.425255
67, 26, 9, -0.422303
67, 26, 10, -0.429821
67, 26, 11, -0.400533
67, 26, 12, -0.406292
67, 26, 13, -0.361979
67, 26, 14, -0.323566
67, 26, 15, -0.249918
67, 26, 16, 0.048048
67, 26, 17, 0.535889
67, 26, 18, 1.081122
67, 26, 19, 1.743421
67, 26, 20, 100.000000
67, 26, 21, 100.000000
67, 26, 22, 100.000000
67, 26, 23, 100.000000
67, 26, 24, 100.000000
67, 26, 25, 100.000000
67, 26, 26, 100.000000
67, 26, 27, 100.000000
67, 26, 28, 100.000000
67, 26, 29, 100.000000
67, 26, 30, 100.000000
67, 26, 31, 100.000000
67, 26, 32, 100.000000
67, 26, 33, 100.000000
67, 26, 34, 100.000000
67, 27, 0, 0.347987
67, 27, 1, -0.141420
67, 27, 2, -0.399552
67, 27, 3, -0.479764
67, 27, 4, -0.456544
67, 27, 5, -0.456177
67, 27, 6, -0.454566
67, 27, 7, -0.451158
67, 27, 8, -0.442847
67, 27, 9, -0.402867
67, 27, 10, -0.390322
67, 27, 11, -0.369193
67, 27, 12, -0.393788
67, 27, 13, -0.377077
67, 27, 14, -0.341304
67, 27, 15, -0.248193
67, 27, 16, 0.056523
67, 27, 17, 0.530977
67, 27, 18, 1.063320
67, 27, 19, 1.693003
67, 27, 20, 100.000000
67, 27, 21, 100.000000
67, 27, 22, 100.000000
67, 27, 23, 100.000000
67, 27, 24, 100.000000
67, 27, 25, 100.000000
67, 27, 26, 100.000000
67, 27, 27, 100.000000
67, 27, 28, 100.000000
67, 27, 29, 100.000000
67, 27, 30, 100.000000
67, 27, 31, 100.000000
67, 27, 32, 100.000000
67, 27, 33, 100.000000
67, 27, 34, 100.000000
67, 28, 0, 0.347920
67, 28, 1, -0.107071
67, 28, 2, -0.340131
67, 28, 3, -0.416643
67, 28, 4, -0.437989
67, 28, 5, -0.435310
67, 28, 6, -0.410908
67, 28, 7, -0.420629
67, 28, 8, -0.427906
67, 28, 9, -0.401785
67, 28, 10, -0.379541
67, 28, 11, -0.358550
67, 28, 12, -0.380049
67, 28, 13, -0.372789
67, 28, 14, -0.318537
67, 28, 15, -0.196935
67, 28, 16, 0.090276
67, 28, 17, 0.526460
67, 28, 18, 1.035765
67, 28, 19, 1.653034
67, 28, 20, 100.000000
67, 28, 21, 100.000000
67, 28, 22, 100.000000
67, 28, 23, 100.000000
67, 28, 24, 100.000000
67, 28, 25, 100.000000
67, 28, 26, 100.000000
67, 28, 27, 100.000000
67, 28, 28, 100.000000
67, 28, 29, 100.000000
67, 28, 30, 100.000000
67, 28, 31, 100.000000
67, 28, 32, 100.000000
67, 28, 33, 100.000000
67, 28, 34, 100.000000
67, 29, 0, 0.398664
67, 29, 1, 0.007155
67, 29, 2, -0.136972
67, 29, 3, -0.123266
67, 29, 4, -0.115051
67, 29, 5, -0.128339
67, 29, 6, -0.144956
67, 29, 7, -0.160189
67, 29, 8, -0.156105
67, 29, 9, -0.130741
67, 29, 10, -0.112030
67, 29, 11, -0.105620
67, 29, 12, -0.101066
67, 29, 13, -0.092339
67, 29, 14, -0.096477
67, 29, 15, -0.047438
67, 29, 16, 0.168157
67, 29, 17, 0.554536
67, 29, 18, 1.054364
67, 29, 19, 1.669106
67, 29, 20, 100.000000
67, 29, 21, 100.000000
67, 29, 22, 100.000000
67, 29, 23, 100.000000
67, 29, 24, 100.000000
67, 29, 25, 100.000000
67, 29, 26, 100.000000
67, 29, 27, 100.000000
67, 29, 28, 100.000000
67, 29, 29, 100.000000
67, 29, 30, 100.000000
67, 29, 31, 100.000000
67, 29, 32, 100.000000
67, 29, 33, 100.000000
67, 29, 34, 100.000000
68, 0, 0, 0.671871
68, 0, 1, 0.418930
68, 0, 2, 0.388728
68, 0, 3, 0.408602
68, 0, 4, 0.399434
68, 0, 5, 0.366646
68, 0, 6, 0.365772
68, 0, 7, 0.392520
68, 0, 8, 0.419910
68, 0, 9, 0.406369
68, 0, 10, 0.418025
68, 0, 11, 0.441370
68, 0, 12, 0.436042
68, 0, 13, 0.434530
68, 0, 14, 0.444652
68, 0, 15, 0.467101
68, 0, 16, 0.567996
68, 0, 17, 0.842670
68, 0, 18, 1.333339
68, 0, 19, 1.845678
68, 0, 20, 100.000000
68, 0, 21, 100.000000
68, 0, 22, 100.000000
68, 0, 23, 100.000000
68, 0, 24, 100.000000
68, 0, 25, 100.000000
68, 0, 26, 100.000000
68, 0, 27, 100.000000
68, 0, 28, 100.000000
68, 0, 29, 100.000000
68, 0, 30, 100.000000
68, 0, 31, 100.000000
68, 0, 32, 100.000000
68, 0, 33, 100.000000
68, 0, 34, 100.000000
68, 1, 0, 0.431257
68, 1, 1, -0.021190
68, 1, 2, -0.145329
68, 1, 3, -0.123631
68, 1, 4, -0.108392
68, 1, 5, -0.132444
68, 1, 6, -0.148468
68, 1, 7, -0.136805
68, 1, 8, -0.112475
68, 1, 9, -0.124810
68, 1, 10, -0.138902
68, 1, 11, -0.139922
68, 1, 12, -0.143041
68, 1, 13, -0.132373
68, 1, 14, -0.089642
68, 1, 15, -0.027907
68, 1, 16, 0.152224
68, 1, 17, 0.533312
68, 1, 18, 1.018244
68, 1, 19, 1.425376
68, 1, 20, 2.118599
68, 1, 21, 100.000000
68, 1, 22, 100.000000
68, 1, 23, 100.000000
68, 1, 24, 100.000000
68, 1, 25, 100.000000
68, 1, 26, 100.000000
68, 1, 27, 100.000000
68, 1, 28, 100.000000
68, 1, 29, 100.000000
68, 1, 30, 100.000000
68, 1, 31, 100.000000
68, 1, 32, 100.000000
68, 1, 33, 100.000000
68, 1, 34, 100.000000
68, 2, 0, 0.374892
68, 2, 1, -0.150055
68, 2, 2, -0.409981
68, 2, 3, -0.460193
68, 2, 4, -0.416123
68, 2, 5, -0.439756
68, 2, 6, -0.462844
68, 2, 7, -0.404509
68, 2, 8, -0.355830
68, 2, 9, -0.387238
68, 2, 10, -0.435399
68, 2, 11, -0.406733
68, 2, 12, -0.425142
68, 2, 13, -0.403395
68, 2, 14, -0.359630
68, 2, 15, -0.263236
68, 2, 16, 0.056504
68, 2, 17, 0.520664
68, 2, 18, 0.956453
68, 2, 19, 1.268583
68, 2, 20, 1.989462
68, 2, 21, 100.000000
68, 2, 22, 100.000000
68, 2, 23, 100.000000
68, 2, 24, 100.000000
68, 2, 25, 100.000000
68, 2, 26, 100.000000
68, 2, 27, 100.000000
68, 2, 28, 100.000000
68, 2, 29, 100.000000
68, 2, 30, 100.000000
68, 2, 31, 100.000000
68, 2, 32, 100.000000
68, 2, 33, 100.000000
68, 2, 34, 100.000000
68, 3, 0, 0.359011
68, 3, 1, -0.155845
68, 3, 2, -0.412160
68, 3, 3, -0.455242
68, 3, 4, -0.434507
68, 3, 5, -0.444777
68, 3, 6, -0.450283
68, 3, 7, -0.435487
68, 3, 8, -0.424571
68, 3, 9, -0.438924
68, 3, 10, -0.428475
68, 3, 11, -0.395362
68, 3, 12, -0.455303
68, 3, 13, -0.426800
68, 3, 14, -0.352604
68, 3, 15, -0.233289
68, 3, 16, 0.117796
68, 3, 17, 0.615193
68, 3, 18, 1.003460
68, 3, 19, 1.254382
68, 3, 20, 1.925098
68, 3, 21, 100.000000
68, 3, 22, 100.000000
68, 3, 23, 100.000000
68, 3, 24, 100.000000
68, 3, 25, 100.000000
68, 3, 26, 100.000000
68, 3, 27, 100.000000
68, 3, 28, 100.000000
68, 3, 29, 100.000000
68, 3, 30, 100.000000
68, 3, 31, 100.000000
68, 3, 32, 100.000000
68, 3, 33, 100.000000
68, 3, 34, 100.000000
68, 4, 0, 0.355204
68, 4, 1, -0.162813
68, 4, 2, -0.440237
68, 4, 3, -0.466367
68, 4, 4, -0.464444
68, 4, 5, -0.435315
68, 4, 6, -0.442011
68, 4, 7, -0.430644
68, 4, 8, -0.400029
68, 4, 9, -0.404375
68, 4, 10, -0.415130
68, 4, 11, -0.433732
68, 4, 12, -0.480795
68, 4, 13, -0.426385
68, 4, 14, -0.327556
68, 4, 15, -0.208979
68, 4, 16, 0.127648
68, 4, 17, 0.614489
68, 4, 18, 1.001508
68, 4, 19, 1.377520
68, 4, 20, 1.912766
68, 4, 21, 100.000000
68, 4, 22, 100.000000
68, 4, 23, 100.000000
68, 4, 24, 100.000000
68, 4, 25, 100.000000
68, 4, 26, 100.000000
68, 4, 27, 100.000000
68, 4, 28, 100.000000
68, 4, 29, 100.000000
68, 4, 30, 100.000000
68, 4, 31, 100.000000
68, 4, 32, 100.000000
68, 4, 33, 100.000000
68, 4, 34, 100.000000
68, 5, 0, 0.367557
68, 5, 1, -0.162853
68, 5, 2, -0.461489
68, 5, 3, -0.464194
68, 5, 4, -0.476034
68, 5, 5, -0.450691
68, 5, 6, -0.442726
68, 5, 7, -0.425537
68, 5, 8, -0.413747
68, 5, 9, -0.443035
68, 5, 10, -0.479959
68, 5, 11, -0.463327
68, 5, 12, -0.474980
68, 5, 13, -0.424525
68, 5, 14, -0.336802
68, 5, 15, -0.185379
68, 5, 16, 0.111018
68, 5, 17, 0.505691
68, 5, 18, 0.880995
68, 5, 19, 1.109734
68, 5, 20, 1.523324
68, 5, 21, 2.316585
68, 5, 22, 100.000000
68, 5, 23, 100.000000
68, 5, 24, 100.000000
68, 5, 25, 100.000000
68, 5, 26, 100.000000
68, 5, 27, 100.000000
68, 5, 28, 100.000000
68, 5, 29, 100.000000
68, 5, 30, 100.000000
68, 5, 31, 100.000000
68, 5, 32, 100.000000
68, 5, 33, 100.000000
68, 5, 34, 100.000000
68, 6, 0, 0.391666
68, 6, 1, -0.144141
68, 6, 2, -0.456098
68, 6, 3, -0.466941
68, 6, 4, -0.455172
68, 6, 5, -0.444497
68, 6, 6, -0.464061
68, 6, 7, -0.445043
68, 6, 8, -0.404377
68, 6, 9, -0.427530
68, 6, 10, -0.463835
68, 6, 11, -0.463993
68, 6, 12, -0.451465
68, 6, 13, -0.401904
68, 6, 14, -0.351144
68, 6, 15, -0.213959
68, 6, 16, 0.072025
68, 6, 17, 0.365937
68, 6, 18, 0.686342
68, 6, 19, 1.082884
68, 6, 20, 1.543249
68, 6, 21, 2.461768
68, 6, 22, 100.000000
68, 6, 23, 100.000000
68, 6, 24, 100.000000
68, 6, 25, 100.000000
68, 6, 26, 100.000000
68, 6, 27, 100.000000
68, 6, 28, 100.000000
68, 6, 29, 100.000000
68, 6, 30, 100.000000
68, 6, 31, 100.000000
68, 6, 32, 100.000000
68, 6, 33, 100.000000
68, 6, 34, 100.000000
68, 7, 0, 0.418572
68, 7, 1, -0.134443
68, 7, 2, -0.467078
68, 7, 3, -0.442286
68, 7, 4, -0.439625
68, 7, 5, -0.449493
68, 7, 6, -0.493069
68, 7, 7, -0.467676
68, 7, 8, -0.414276
68, 7, 9, -0.428471
68, 7, 10, -0.471852
68, 7, 11, -0.472866
68, 7, 12, -0.429915
68, 7, 13, -0.382085
68, 7, 14, -0.360714
68, 7, 15, -0.247270
68, 7, 16, 0.049728
68, 7, 17, 0.329606
68, 7, 18, 0.610966
68, 7, 19, 1.032498
68, 7, 20, 1.703863
68, 7, 21, 2.478297
68, 7, 22, 100.000000
68, 7, 23, 100.000000
68, 7, 24, 100.000000
68, 7, 25, 100.000000
68, 7, 26, 100.000000
68, 7, 27, 100.000000
68, 7, 28, 100.000000
68, 7, 29, 100.000000
68, 7, 30, 100.000000
68, 7, 31, 100.000000
68, 7, 32, 100.000000
68, 7, 33, 100.000000
68, 7, 34, 100.000000
68, 8, 0, 0.436535
68, 8, 1, -0.125262
68, 8, 2, -0.450399
68, 8, 3, -0.437934
68, 8, 4, -0.447546
68, 8, 5, -0.479245
68, 8, 6, -0.449740
68, 8, 7, -0.433583
68, 8, 8, -0.386380
68, 8, 9, -0.417311
68, 8, 10, -0.459074
68, 8, 11, -0.460232
68, 8, 12, -0.439180
68, 8, 13, -0.380038
68, 8, 14, -0.324535
68, 8, 15, -0.238548
68, 8, 16, 0.028493
68, 8, 17, 0.341320
68, 8, 18, 0.673807
68, 8, 19, 1.175526
68, 8, 20, 1.778194
68, 8, 21, 2.472533
68, 8, 22, 100.000000
68, 8, 23, 100.000000
68, 8, 24, 100.000000
68, 8, 25, 100.000000
68, 8, 26, 100.000000
68, 8, 27, 100.000000
68, 8, 28, 100.000000
68, 8, 29, 100.000000
68, 8, 30, 100.000000
68, 8, 31, 100.000000
68, 8, 32, 100.000000
68, 8, 33, 100.000000
68, 8, 34, 100.000000
68, 9, 0, 0.426285
68, 9, 1, -0.110774
68, 9, 2, -0.437614
68, 9, 3, -0.459756
68, 9, 4, -0.450453
68, 9, 5, -0.442178
68, 9, 6, -0.429193
68, 9, 7, -0.457244
68, 9, 8, -0.404510
68, 9, 9, -0.397961
68, 9, 10, -0.428076
68, 9, 11, -0.456379
68, 9, 12, -0.474876
68, 9, 13, -0.448482
68, 9, 14, -0.350142
68, 9, 15, -0.236766
68, 9, 16, 0.017448
68, 9, 17, 0.367811
68, 9, 18, 0.794194
68, 9, 19, 1.320359
68, 9, 20, 1.772311
68, 9, 21, 2.319914
68, 9, 22, 100.000000
68, 9, 23, 100.000000
68, 9, 24, 100.000000
68, 9, 25, 100.000000
68, 9, 26, 100.000000
68, 9, 27, 100.000000
68, 9, 28, 100.000000
68, 9, 29, 100.000000
68, 9, 30, 100.000000
68, 9, 31, 100.000000
68, 9, 32, 100.000000
68, 9, 33, 100.000000
68, 9, 34, 100.000000
68, 10, 0, 0.392317
68, 10, 1, -0.120494
68, 10, 2, -0.410617
68, 10, 3, -0.489905
68, 10, 4, -0.466687
68, 10, 5, -0.439072
68, 10, 6, -0.468768
68, 10, 7, -0.441785
68, 10, 8, -0.424787
68, 10, 9, -0.423540
68, 10, 10, -0.448697
68, 10, 11, -0.453025
68, 10, 12, -0.458994
68, 10, 13, -0.478399
68, 10, 14, -0.405501
68, 10, 15, -0.238148
68, 10, 16, 0.027541
68, 10, 17, 0.383762
68, 10, 18, 0.833333
68, 10, 19, 1.326397
68, 10, 20, 1.825191
68, 10, 21, 100.000000
68, 10, 22, 100.000000
68, 10, 23, 100.000000
68, 10, 24, 100.000000
68, 10, 25, 100.000000
68, 10, 26, 100.000000
68, 10, 27, 100.000000
68, 10, 28, 100.000000
68, 10, 29, 100.000000
68, 10, 30, 100.000000
68, 10, 31, 100.000000
68, 10, 32, 100.000000
68, 10, 33, 100.000000
68, 10, 34, 100.000000
68, 11, 0, 0.356525
68, 11, 1, -0.152255
68, 11, 2, -0.407409
68, 11, 3, -0.448940
68, 11, 4, -0.466130
68, 11, 5, -0.472492
68, 11, 6, -0.474314
68, 11, 7, -0.439398
68, 11, 8, -0.428506
68, 11, 9, -0.422505
68, 11, 10, -0.435056
68, 11, 11, -0.422324
68, 11, 12, -0.462347
68, 11, 13, -0.444850
68, 11, 14, -0.451014
68, 11, 15, -0.257684
68, 11, 16, 0.019385
68, 11, 17, 0.384054
68, 11, 18, 0.850021
68, 11, 19, 1.289073
68, 11, 20, 1.812102
68, 11, 21, 100.000000
68, 11, 22, 100.000000
68, 11, 23, 100.000000
68, 11, 24, 100.000000
68, 11, 25, 100.000000
68, 11, 26, 100.000000
68, 11, 27, 100.000000
68, 11, 28, 100.000000
68, 11, 29, 100.000000
68, 11, 30, 100.000000
68, 11, 31, 100.000000
68, 11, 32, 100.000000
68, 11, 33, 100.000000
68, 11, 34, 100.000000
68, 12, 0, 0.359269
68, 12, 1, -0.163809
68, 12, 2, -0.443688
68, 12, 3, -0.476510
68, 12, 4, -0.449908
68, 12, 5, -0.480883
68, 12, 6, -0.488261
68, 12, 7, -0.457641
68, 12, 8, -0.417995
68, 12, 9, -0.385058
68, 12, 10, -0.390534
68, 12, 11, -0.373673
68, 12, 12, -0.439347
68, 12, 13, -0.454509
68, 12, 14, -0.436485
68, 12, 15, -0.271050
68, 12, 16, -0.032202
68, 12, 17, 0.337254
68, 12, 18, 0.813743
68, 12, 19, 1.328557
68, 12, 20, 2.024956
68, 12, 21, 100.000000
68, 12, 22, 100.000000
68, 12, 23, 100.000000
68, 12, 24, 100.000000
68, 12, 25, 100.000000
68, 12, 26, 100.000000
68, 12, 27, 100.000000
68, 12, 28, 100.000000
68, 12, 29, 100.000000
68, 12, 30, 100.000000
68, 12, 31, 100.000000
68, 12, 32, 100.000000
68, 12, 33, 100.000000
68, 12, 34, 100.000000
68, 13, 0, 0.392131
68, 13, 1, -0.140886
68, 13, 2, -0.434568
68, 13, 3, -0.467837
68, 13, 4, -0.466201
68, 13, 5, -0.475548
68, 13, 6, -0.481210
68, 13, 7, -0.480526
68, 13, 8, -0.478576
68, 13, 9, -0.438489
68, 13, 10, -0.420104
68, 13, 11, -0.359705
68, 13, 12, -0.408237
68, 13, 13, -0.426439
68, 13, 14, -0.390013
68, 13, 15, -0.263951
68, 13, 16, -0.055345
68, 13, 17, 0.288833
68, 13, 18, 0.718247
68, 13, 19, 1.286028
68, 13, 20, 1.979570
68, 13, 21, 100.000000
68, 13, 22, 100.000000
68, 13, 23, 100.000000
68, 13, 24, 100.000000
68, 13, 25, 100.000000
68, 13, 26, 100.000000
68, 13, 27, 100.000000
68, 13, 28, 100.000000
68, 13, 29, 100.000000
68, 13, 30, 100.000000
68, 13, 31, 100.000000
68, 13, 32, 100.000000
68, 13, 33, 100.000000
68, 13, 34, 100.000000
68, 14, 0, 0.403247
68, 14, 1, -0.108242
68, 14, 2, -0.425597
68, 14, 3, -0.474624
68, 14, 4, -0.469775
68, 14, 5, -0.471797
68, 14, 6, -0.470370
68, 14, 7, -0.463934
68, 14, 8, -0.441244
68, 14, 9, -0.461681
68, 14, 10, -0.432695
68, 14, 11, -0.385249
68, 14, 12, -0.417051
68, 14, 13, -0.418535
68, 14, 14, -0.377199
68, 14, 15, -0.275255
68, 14, 16, -0.070084
68, 14, 17, 0.269212
68, 14, 18, 0.668145
68, 14, 19, 1.129636
68, 14, 20, 1.776338
68, 14, 21, 100.000000
68, 14, 22, 100.000000
68, 14, 23, 100.000000
68, 14, 24, 100.000000
68, 14, 25, 100.000000
68, 14, 26, 100.000000
68, 14, 27, 100.000000
68, 14, 28, 100.000000
68, 14, 29, 100.000000
68, 14, 30, 100.000000
68, 14, 31, 100.000000
68, 14, 32, 100.000000
68, 14, 33, 100.000000
68, 14, 34, 100.000000
68, 15, 0, 0.394352
68, 15, 1, -0.103693
68, 15, 2, -0.414184
68, 15, 3, -0.477173
68, 15, 4, -0.469574
68, 15, 5, -0.462532
68, 15, 6, -0.461831
68, 15, 7, -0.471732
68, 15, 8, -0.446261
68, 15, 9, -0.445078
68, 15, 10, -0.452663
68, 15, 11, -0.410580
68, 15, 12, -0.426862
68, 15, 13, -0.424191
68, 15, 14, -0.392011
68, 15, 15, -0.310366
68, 15, 16, -0.072627
68, 15, 17, 0.297553
68, 15, 18, 0.702462
68, 15, 19, 1.142919
68, 15, 20, 1.771511
68, 15, 21, 100.000000
68, 15, 22, 100.000000
68, 15, 23, 100.000000
68, 15, 24, 100.000000
68, 15, 25, 100.000000
68, 15, 26, 100.000000
68, 15, 27, 100.000000
68, 15, 28, 100.000000
68, 15, 29, 100.000000
68, 15, 30, 100.000000
68, 15, 31, 100.000000
68, 15, 32, 100.000000
68, 15, 33, 100.000000
68, 15, 34, 100.000000
68, 16, 0, 0.410917
68, 16, 1, -0.121302
68, 16, 2, -0.425341
68, 16, 3, -0.488593
68, 16, 4, -0.477035
68, 16, 5, -0.449393
68, 16, 6, -0.430164
68, 16, 7, -0.446893
68, 16, 8, -0.470442
68, 16, 9, -0.449800
68, 16, 10, -0.472446
68, 16, 11, -0.437100
68, 16, 12, -0.426339
68, 16, 13, -0.412318
68, 16, 14, -0.396354
68, 16, 15, -0.335310
68, 16, 16, -0.089374
68, 16, 17, 0.308271
68, 16, 18, 0.749705
68, 16, 19, 1.264101
68, 16, 20, 1.831806
68, 16, 21, 100.000000
68, 16, 22, 100.000000
68, 16, 23, 100.000000
68, 16, 24, 100.000000
68, 16, 25, 100.000000
68, 16, 26, 100.000000
68, 16, 27, 100.000000
68, 16, 28, 100.000000
68, 16, 29, 100.000000
68, 16, 30, 100.000000
68, 16, 31, 100.000000
68, 16, 32, 100.000000
68, 16, 33, 100.000000
68, 16, 34, 100.000000
68, 17, 0, 0.397804
68, 17, 1, -0.155040
68, 17, 2, -0.453199
68, 17, 3, -0.466857
68, 17, 4, -0.458325
68, 17, 5, -0.433739
68, 17, 6, -0.411208
68, 17, 7, -0.430580
68, 17, 8, -0.461146
68, 17, 9, -0.471817
68, 17, 10, -0.472698
68, 17, 11, -0.451356
68, 17, 12, -0.422413
68, 17, 13, -0.404272
68, 17, 14, -0.397172
68, 17, 15, -0.324296
68, 17, 16, -0.107046
68, 17, 17, 0.267421
68, 17, 18, 0.736615
68, 17, 19, 1.333847
68, 17, 20, 1.878987
68, 17, 21, 100.000000
68, 17, 22, 100.000000
68, 17, 23, 100.000000
68, 17, 24, 100.000000
68, 17, 25, 100.000000
68, 17, 26, 100.000000
68, 17, 27, 100.000000
68, 17, 28, 100.000000
68, 17, 29, 100.000000
68, 17, 30, 100.000000
68, 17, 31, 100.000000
68, 17, 32, 100.000000
68, 17, 33, 100.000000
68, 17, 34, 100.000000
68, 18, 0, 0.363851
68, 18, 1, -0.180093
68, 18, 2, -0.461954
68, 18, 3, -0.456061
68, 18, 4, -0.473566
68, 18, 5, -0.457248
68, 18, 6, -0.427865
68, 18, 7, -0.431014
68, 18, 8, -0.443954
68, 18, 9, -0.476694
68, 18, 10, -0.470563
68, 18, 11, -0.480238
68, 18, 12, -0.416128
68, 18, 13, -0.400805
68, 18, 14, -0.394163
68, 18, 15, -0.315315
68, 18, 16, -0.095982
68, 18, 17, 0.248244
68, 18, 18, 0.705302
68, 18, 19, 1.275049
68, 18, 20, 1.725076
68, 18, 21, 100.000000
68, 18, 22, 100.000000
68, 18, 23, 100.000000
68, 18, 24, 100.000000
68, 18, 25, 100.000000
68, 18, 26, 100.000000
68, 18, 27, 100.000000
68, 18, 28, 100.000000
68, 18, 29, 100.000000
68, 18, 30, 100.000000
68, 18, 31, 100.000000
68, 18, 32, 100.000000
68, 18, 33, 100.000000
68, 18, 34, 100.000000
68, 19, 0, 0.353188
68, 19, 1, -0.180053
68, 19, 2, -0.456680
68, 19, 3, -0.457711
68, 19, 4, -0.469059
68, 19, 5, -0.473690
68, 19, 6, -0.457959
68, 19, 7, -0.445979
68, 19, 8, -0.446370
68, 19, 9, -0.433923
68, 19, 10, -0.436779
68, 19, 11, -0.454982
68, 19, 12, -0.429008
68, 19, 13, -0.396215
68, 19, 14, -0.386076
68, 19, 15, -0.302628
68, 19, 16, -0.070585
68, 19, 17, 0.258195
68, 19, 18, 0.684239
68, 19, 19, 1.197943
68, 19, 20, 1.798784
68, 19, 21, 100.000000
68, 19, 22, 100.000000
68, 19, 23, 100.000000
68, 19, 24, 100.000000
68, 19, 25, 100.000000
68, 19, 26, 100.000000
68, 19, 27, 100.000000
68, 19, 28, 100.000000
68, 19, 29, 100.000000
68, 19, 30, 100.000000
68, 19, 31, 100.000000
68, 19, 32, 100.000000
68, 19, 33, 100.000000
68, 19, 34, 100.000000
68, 20, 0, 0.371397
68, 20, 1, -0.167809
68, 20, 2, -0.453212
68, 20, 3, -0.475594
68, 20, 4, -0.454968
68, 20, 5, -0.441310
68, 20, 6, -0.451115
68, 20, 7, -0.477392
68, 20, 8, -0.457636
68, 20, 9, -0.437602
68, 20, 10, -0.451518
68, 20, 11, -0.440285
68, 20, 12, -0.451418
68, 20, 13, -0.397797
68, 20, 14, -0.355341
68, 20, 15, -0.279434
68, 20, 16, -0.085113
68, 20, 17, 0.260367
68, 20, 18, 0.704430
68, 20, 19, 1.208898
68, 20, 20, 1.856811
68, 20, 21, 100.000000
68, 20, 22, 100.000000
68, 20, 23, 100.000000
68, 20, 24, 100.000000
68, 20, 25, 100.000000
68, 20, 26, 100.000000
68, 20, 27, 100.000000
68, 20, 28, 100.000000
68, 20, 29, 100.000000
68, 20, 30, 100.000000
68, 20, 31, 100.000000
68, 20, 32, 100.000000
68, 20, 33, 100.000000
68, 20, 34, 100.000000
68, 21, 0, 0.395615
68, 21, 1, -0.156997
68, 21, 2, -0.444344
68, 21, 3, -0.486146
68, 21, 4, -0.462179
68, 21, 5, -0.453599
68, 21, 6, -0.469727
68, 21, 7, -0.475518
68, 21, 8, -0.453982
68, 21, 9, -0.464506
68, 21, 10, -0.453342
68, 21, 11, -0.438656
68, 21, 12, -0.455277
68, 21, 13, -0.406169
68, 21, 14, -0.352108
68, 21, 15, -0.249435
68, 21, 16, -0.059312
68, 21, 17, 0.283891
68, 21, 18, 0.765057
68, 21, 19, 1.334009
68, 21, 20, 1.859813
68, 21, 21, 100.000000
68, 21, 22, 100.000000
68, 21, 23, 100.000000
68, 21, 24, 100.000000
68, 21, 25, 100.000000
68, 21, 26, 100.000000
68, 21, 27, 100.000000
68, 21, 28, 100.000000
68, 21, 29, 100.000000
68, 21, 30, 100.000000
68, 21, 31, 100.000000
68, 21, 32, 100.000000
68, 21, 33, 100.000000
68, 21, 34, 100.000000
68, 22, 0, 0.401436
68, 22, 1, -0.135916
68, 22, 2, -0.433593
68, 22, 3, -0.466977
68, 22, 4, -0.467950
68, 22, 5, -0.471251
68, 22, 6, -0.466338
68, 22, 7, -0.485121
68, 22, 8, -0.459369
68, 22, 9, -0.445510
68, 22, 10, -0.426345
68, 22, 11, -0.432193
68, 22, 12, -0.426857
68, 22, 13, -0.408973
68, 22, 14, -0.375525
68, 22, 15, -0.242131
68, 22, 16, -0.020378
68, 22, 17, 0.332868
68, 22, 18, 0.832290
68, 22, 19, 1.406799
68, 22, 20, 1.873124
68, 22, 21, 100.000000
68, 22, 22, 100.000000
68, 22, 23, 100.000000
68, 22, 24, 100.000000
68, 22, 25, 100.000000
68, 22, 26, 100.000000
68, 22, 27, 100.000000
68, 22, 28, 100.000000
68, 22, 29, 100.000000
68, 22, 30, 100.000000
68, 22, 31, 100.000000
68, 22, 32, 100.000000
68, 22, 33, 100.000000
68, 22, 34, 100.000000
68, 23, 0, 0.405149
68, 23, 1, -0.130334
68, 23, 2, -0.425669
68, 23, 3, -0.467709
68, 23, 4, -0.475827
68, 23, 5, -0.454532
68, 23, 6, -0.455597
68, 23, 7, -0.464714
68, 23, 8, -0.488635
68, 23, 9, -0.456070
68, 23, 10, -0.414241
68, 23, 11, -0.406818
68, 23, 12, -0.423563
68, 23, 13, -0.412070
68, 23, 14, -0.371870
68, 23, 15, -0.239290
68, 23, 16, -0.002105
68, 23, 17, 0.340017
68, 23, 18, 0.801789
68, 23, 19, 1.340274
68, 23, 20, 1.829636
68, 23, 21, 100.000000
68, 23, 22, 100.000000
68, 23, 23, 100.000000
68, 23, 24, 100.000000
68, 23, 25, 100.000000
68, 23, 26, 100.000000
68, 23, 27, 100.000000
68, 23, 28, 100.000000
68, 23, 29, 100.000000
68, 23, 30, 100.000000
68, 23, 31, 100.000000
68, 23, 32, 100.000000
68, 23, 33, 100.000000
68, 23, 34, 100.000000
68, 24, 0, 0.404479
68, 24, 1, -0.138030
68, 24, 2, -0.426457
68, 24, 3, -0.479894
68, 24, 4, -0.480125
68, 24, 5, -0.468081
68, 24, 6, -0.485371
68, 24, 7, -0.456041
68, 24, 8, -0.462569
68, 24, 9, -0.469933
68, 24, 10, -0.410491
68, 24, 11, -0.408249
68, 24, 12, -0.423768
68, 24, 13, -0.408146
68, 24, 14, -0.351560
68, 24, 15, -0.238665
68, 24, 16, -0.014705
68, 24, 17, 0.320394
68, 24, 18, 0.770186
68, 24, 19, 1.292576
68, 24, 20, 1.942538
68, 24, 21, 100.000000
68, 24, 22, 100.000000
68, 24, 23, 100.000000
68, 24, 24, 100.000000
68, 24, 25, 100.000000
68, 24, 26, 100.000000
68, 24, 27, 100.000000
68, 24, 28, 100.000000
68, 24, 29, 100.000000
68, 24, 30, 100.000000
68, 24, 31, 100.000000
68, 24, 32, 100.000000
68, 24, 33, 100.000000
68, 24, 34, 100.000000
68, 25, 0, 0.378784
68, 25, 1, -0.149982
68, 25, 2, -0.412192
68, 25, 3, -0.478575
68, 25, 4, -0.469464
68, 25, 5, -0.471833
68, 25, 6, -0.487227
68, 25, 7, -0.472365
68, 25, 8, -0.457859
68, 25, 9, -0.472875
68, 25, 10, -0.436358
68, 25, 11, -0.418509
68, 25, 12, -0.427581
68, 25, 13, -0.383896
68, 25, 14, -0.323491
68, 25, 15, -0.262664
68, 25, 16, -0.063592
68, 25, 17, 0.316607
68, 25, 18, 0.820543
68, 25, 19, 1.380798
68, 25, 20, 2.144219
68, 25, 21, 100.000000
68, 25, 22, 100.000000
68, 25, 23, 100.000000
68, 25, 24, 100.000000
68, 25, 25, 100.000000
68, 25, 26, 100.000000
68, 25, 27, 100.000000
68, 25, 28, 100.000000
68, 25, 29, 100.000000
68, 25, 30, 100.000000
68, 25, 31, 100.000000
68, 25, 32, 100.000000
68, 25, 33, 100.000000
68, 25, 34, 100.000000
68, 26, 0, 0.342266
68, 26, 1, -0.160767
68, 26, 2, -0.402583
68, 26, 3, -0.474720
68, 26, 4, -0.470283
68, 26, 5, -0.472675
68, 26, 6, -0.480355
68, 26, 7, -0.471611
68, 26, 8, -0.456980
68, 26, 9, -0.431624
68, 26, 10, -0.458072
68, 26, 11, -0.414472
68, 26, 12, -0.386606
68, 26, 13, -0.338182
68, 26, 14, -0.299408
68, 26, 15, -0.272413
68, 26, 16, -0.087966
68, 26, 17, 0.328327
68, 26, 18, 0.853479
68, 26, 19, 1.403019
68, 26, 20, 2.182116
68, 26, 21, 100.000000
68, 26, 22, 100.000000
68, 26, 23, 100.000000
68, 26, 24, 100.000000
68, 26, 25, 100.000000
68, 26, 26, 100.000000
68, 26, 27, 100.000000
68, 26, 28, 100.000000
68, 26, 29, 100.000000
68, 26, 30, 100.000000
68, 26, 31, 100.000000
68, 26, 32, 100.000000
68, 26, 33, 100.000000
68, 26, 34, 100.000000
68, 27, 0, 0.322885
68, 27, 1, -0.157688
68, 27, 2, -0.390634
68, 27, 3, -0.469927
68, 27, 4, -0.481766
68, 27, 5, -0.471003
68, 27, 6, -0.459664
68, 27, 7, -0.447794
68, 27, 8, -0.434117
68, 27, 9, -0.411693
68, 27, 10, -0.415995
68, 27, 11, -0.398192
68, 27, 12, -0.364502
68, 27, 13, -0.338902
68, 27, 14, -0.321304
68, 27, 15, -0.264726
68, 27, 16, -0.058757
68, 27, 17, 0.347989
68, 27, 18, 0.835137
68, 27, 19, 1.379015
68, 27, 20, 2.118818
68, 27, 21, 100.000000
68, 27, 22, 100.000000
68, 27, 23, 100.000000
68, 27, 24, 100.000000
68, 27, 25, 100.000000
68, 27, 26, 100.000000
68, 27, 27, 100.000000
68, 27, 28, 100.000000
68, 27, 29, 100.000000
68, 27, 30, 100.000000
68, 27, 31, 100.000000
68, 27, 32, 100.000000
68, 27, 33, 100.000000
68, 27, 34, 100.000000
68, 28, 0, 0.338117
68, 28, 1, -0.130030
68, 28, 2, -0.344496
68, 28, 3, -0.371678
68, 28, 4, -0.375360
68, 28, 5, -0.391577
68, 28, 6, -0.404982
68, 28, 7, -0.401611
68, 28, 8, -0.379165
68, 28, 9, -0.349245
68, 28, 10, -0.342241
68, 28, 11, -0.363239
68, 28, 12, -0.375947
68, 28, 13, -0.348958
68, 28, 14, -0.305724
68, 28, 15, -0.213737
68, 28, 16, -0.017068
68, 28, 17, 0.351385
68, 28, 18, 0.815448
68, 28, 19, 1.383599
68, 28, 20, 2.041795
68, 28, 21, 100.000000
68, 28, 22, 100.000000
68, 28, 23, 100.000000
68, 28, 24, 100.000000
68, 28, 25, 100.000000
68, 28, 26, 100.000000
68, 28, 27, 100.000000
68, 28, 28, 100.000000
68, 28, 29, 100.000000
68, 28, 30, 100.000000
68, 28, 31, 100.000000
68, 28, 32, 100.000000
68, 28, 33, 100.000000
68, 28, 34, 100.000000
68, 29, 0, 0.416778
68, 29, 1, -0.006038
68, 29, 2, -0.125125
68, 29, 3, -0.075236
68, 29, 4, -0.067048
68, 29, 5, -0.115019
68, 29, 6, -0.146245
68, 29, 7, -0.144182
68, 29, 8, -0.108850
68, 29, 9, -0.082947
68, 29, 10, -0.070446
68, 29, 11, -0.079971
68, 29, 12, -0.105501
68, 29, 13, -0.119390
68, 29, 14, -0.102856
68, 29, 15, -0.055471
68, 29, 16, 0.058569
68, 29, 17, 0.366441
68, 29, 18, 0.834439
68, 29, 19, 1.357472
68, 29, 20, 1.983124
68, 29, 21, 100.000000
68, 29, 22, 100.000000
68, 29, 23, 100.000000
68, 29, 24, 100.000000
68, 29, 25, 100.000000
68, 29, 26, 100.000000
68, 29, 27, 100.000000
68, 29, 28, 100.000000
68, 29, 29, 100.000000
68, 29, 30, 100.000000
68, 29, 31, 100.000000
68, 29, 32, 100.000000
68, 29, 33, 100.000000
68, 29, 34, 100.000000
69, 0, 0, 0.705213
69, 0, 1, 0.437454
69, 0, 2, 0.392412
69, 0, 3, 0.400166
69, 0, 4, 0.392484
69, 0, 5, 0.371141
69, 0, 6, 0.379523
69, 0, 7, 0.403127
69, 0, 8, 0.431293
69, 0, 9, 0.419751
69, 0, 10, 0.422247
69, 0, 11, 0.436790
69, 0, 12, 0.437849
69, 0, 13, 0.437260
69, 0, 14, 0.433639
69, 0, 15, 0.452593
69, 0, 16, 0.524140
69, 0, 17, 0.724057
69, 0, 18, 1.051878
69, 0, 19, 1.507463
69, 0, 20, 1.868165
69, 0, 21, 2.289995
69, 0, 22, 100.000000
69, 0, 23, 100.000000
69, 0, 24, 100.000000
69, 0, 25, 100.000000
69, 0, 26, 100.000000
69, 0, 27, 100.000000
69, 0, 28, 100.000000
69, 0, 29, 100.000000
69, 0, 30, 100.000000
69, 0, 31, 100.000000
69, 0, 32, 100.000000
69, 0, 33, 100.000000
69, 0, 34, 100.000000
69, 1, 0, 0.429014
69, 1, 1, -0.037467
69, 1, 2, -0.162697
69, 1, 3, -0.127107
69, 1, 4, -0.112916
69, 1, 5, -0.140195
69, 1, 6, -0.157023
69, 1, 7, -0.145032
69, 1, 8, -0.127220
69, 1, 9, -0.129598
69, 1, 10, -0.160582
69, 1, 11, -0.159322
69, 1, 12, -0.136241
69, 1, 13, -0.097243
69, 1, 14, -0.073614
69, 1, 15, -0.062427
69, 1, 16, 0.044939
69, 1, 17, 0.329626
69, 1, 18, 0.705062
69, 1, 19, 1.142917
69, 1, 20, 1.565195
69, 1, 21, 2.029115
69, 1, 22, 100.000000
69, 1, 23, 100.000000
69, 1, 24, 100.000000
69, 1, 25, 100.000000
69, 1, 26, 100.000000
69, 1, 27, 100.000000
69, 1, 28, 100.000000
69, 1, 29, 100.000000
69, 1, 30, 100.000000
69, 1, 31, 100.000000
69, 1, 32, 100.000000
69, 1, 33, 100.000000
69, 1, 34, 100.000000
69, 2, 0, 0.363721
69, 2, 1, -0.162869
69, 2, 2, -0.433471
69, 2, 3, -0.455524
69, 2, 4, -0.416775
69, 2, 5, -0.427143
69, 2, 6, -0.453882
69, 2, 7, -0.456154
69, 2, 8, -0.420604
69, 2, 9, -0.402531
69, 2, 10, -0.419300
69, 2, 11, -0.417477
69, 2, 12, -0.437248
69, 2, 13, -0.398103
69, 2, 14, -0.351164
69, 2, 15, -0.330138
69, 2, 16, -0.109108
69, 2, 17, 0.278397
69, 2, 18, 0.640658
69, 2, 19, 0.975412
69, 2, 20, 1.433910
69, 2, 21, 2.071691
69, 2, 22, 100.000000
69, 2, 23, 100.000000
69, 2, 24, 100.000000
69, 2, 25, 100.000000
69, 2, 26, 100.000000
69, 2, 27, 100.000000
69, 2, 28, 100.000000
69, 2, 29, 100.000000
69, 2, 30, 100.000000
69, 2, 31, 100.000000
69, 2, 32, 100.000000
69, 2, 33, 100.000000
69, 2, 34, 100.000000
69, 3, 0, 0.345746
69, 3, 1, -0.169404
69, 3, 2, -0.423807
69, 3, 3, -0.459831
69, 3, 4, -0.448725
69, 3, 5, -0.456248
69, 3, 6, -0.481997
69, 3, 7, -0.471109
69, 3, 8, -0.430665
69, 3, 9, -0.412414
69, 3, 10, -0.420425
69, 3, 11, -0.415293
69, 3, 12, -0.486633
69, 3, 13, -0.463410
69, 3, 14, -0.367990
69, 3, 15, -0.306729
69, 3, 16, -0.049397
69, 3, 17, 0.353434
69, 3, 18, 0.634007
69, 3, 19, 0.846293
69, 3, 20, 1.348332
69, 3, 21, 1.918510
69, 3, 22, 100.000000
69, 3, 23, 100.000000
69, 3, 24, 100.000000
69, 3, 25, 100.000000
69, 3, 26, 100.000000
69, 3, 27, 100.000000
69, 3, 28, 100.000000
69, 3, 29, 100.000000
69, 3, 30, 100.000000
69, 3, 31, 100.000000
69, 3, 32, 100.000000
69, 3, 33, 100.000000
69, 3, 34, 100.000000
69, 4, 0, 0.345846
69, 4, 1, -0.172889
69, 4, 2, -0.450220
69, 4, 3, -0.470622
69, 4, 4, -0.465787
69, 4, 5, -0.476738
69, 4, 6, -0.453937
69, 4, 7, -0.421619
69, 4, 8, -0.374968
69, 4, 9, -0.392313
69, 4, 10, -0.417639
69, 4, 11, -0.429944
69, 4, 12, -0.481128
69, 4, 13, -0.463965
69, 4, 14, -0.370848
69, 4, 15, -0.292086
69, 4, 16, -0.024357
69, 4, 17, 0.356484
69, 4, 18, 0.621675
69, 4, 19, 0.810644
69, 4, 20, 1.207634
69, 4, 21, 1.727335
69, 4, 22, 2.363447
69, 4, 23, 100.000000
69, 4, 24, 100.000000
69, 4, 25, 100.000000
69, 4, 26, 100.000000
69, 4, 27, 100.000000
69, 4, 28, 100.000000
69, 4, 29, 100.000000
69, 4, 30, 100.000000
69, 4, 31, 100.000000
69, 4, 32, 100.000000
69, 4, 33, 100.000000
69, 4, 34, 100.000000
69, 5, 0, 0.354624
69, 5, 1, -0.157439
69, 5, 2, -0.455935
69, 5, 3, -0.475198
69, 5, 4, -0.474875
69, 5, 5, -0.477081
69, 5, 6, -0.465986
69, 5, 7, -0.403642
69, 5, 8, -0.373697
69, 5, 9, -0.426154
69, 5, 10, -0.444437
69, 5, 11, -0.460850
69, 5, 12, -0.457151
69, 5, 13, -0.462680
69, 5, 14, -0.412511
69, 5, 15, -0.299095
69, 5, 16, -0.031201
69, 5, 17, 0.293416
69, 5, 18, 0.535276
69, 5, 19, 0.728440
69, 5, 20, 1.183869
69, 5, 21, 1.613254
69, 5, 22, 2.245407
69, 5, 23, 100.000000
69, 5, 24, 100.000000
69, 5, 25, 100.000000
69, 5, 26, 100.000000
69, 5, 27, 100.000000
69, 5, 28, 100.000000
69, 5, 29, 100.000000
69, 5, 30, 100.000000
69, 5, 31, 100.000000
69, 5, 32, 100.000000
69, 5, 33, 100.000000
69, 5, 34, 100.000000
69, 6, 0, 0.385138
69, 6, 1, -0.127146
69, 6, 2, -0.440534
69, 6, 3, -0.451719
69, 6, 4, -0.454002
69, 6, 5, -0.463704
69, 6, 6, -0.468317
69, 6, 7, -0.426790
69, 6, 8, -0.382600
69, 6, 9, -0.442577
69, 6, 10, -0.476333
69, 6, 11, -0.470571
69, 6, 12, -0.460830
69, 6, 13, -0.441214
69, 6, 14, -0.427747
69, 6, 15, -0.335290
69, 6, 16, -0.095315
69, 6, 17, 0.152882
69, 6, 18, 0.446439
69, 6, 19, 0.771882
69, 6, 20, 1.125152
69, 6, 21, 1.785049
69, 6, 22, 2.367002
69, 6, 23, 100.000000
69, 6, 24, 100.000000
69, 6, 25, 100.000000
69, 6, 26, 100.000000
69, 6, 27, 100.000000
69, 6, 28, 100.000000
69, 6, 29, 100.000000
69, 6, 30, 100.000000
69, 6, 31, 100.000000
69, 6, 32, 100.000000
69, 6, 33, 100.000000
69, 6, 34, 100.000000
69, 7, 0, 0.420461
69, 7, 1, -0.127285
69, 7, 2, -0.471283
69, 7, 3, -0.440677
69, 7, 4, -0.450447
69, 7, 5, -0.472189
69, 7, 6, -0.475966
69, 7, 7, -0.456480
69, 7, 8, -0.392908
69, 7, 9, -0.436481
69, 7, 10, -0.459321
69, 7, 11, -0.457521
69, 7, 12, -0.450165
69, 7, 13, -0.412881
69, 7, 14, -0.418857
69, 7, 15, -0.350812
69, 7, 16, -0.158747
69, 7, 17, 0.054494
69, 7, 18, 0.370225
69, 7, 19, 0.786786
69, 7, 20, 1.255019
69, 7, 21, 1.887617
69, 7, 22, 100.000000
69, 7, 23, 100.000000
69, 7, 24, 100.000000
69, 7, 25, 100.000000
69, 7, 26, 100.000000
69, 7, 27, 100.000000
69, 7, 28, 100.000000
69, 7, 29, 100.000000
69, 7, 30, 100.000000
69, 7, 31, 100.000000
69, 7, 32, 100.000000
69, 7, 33, 100.000000
69, 7, 34, 100.000000
69, 8, 0, 0.438673
69, 8, 1, -0.143229
69, 8, 2, -0.477186
69, 8, 3, -0.440499
69, 8, 4, -0.454350
69, 8, 5, -0.454471
69, 8, 6, -0.459388
69, 8, 7, -0.441748
69, 8, 8, -0.383120
69, 8, 9, -0.390299
69, 8, 10, -0.420072
69, 8, 11, -0.455552
69, 8, 12, -0.458926
69, 8, 13, -0.408824
69, 8, 14, -0.383069
69, 8, 15, -0.343575
69, 8, 16, -0.172519
69, 8, 17, 0.039660
69, 8, 18, 0.381889
69, 8, 19, 0.797795
69, 8, 20, 1.257198
69, 8, 21, 1.723105
69, 8, 22, 2.441266
69, 8, 23, 100.000000
69, 8, 24, 100.000000
69, 8, 25, 100.000000
69, 8, 26, 100.000000
69, 8, 27, 100.000000
69, 8, 28, 100.000000
69, 8, 29, 100.000000
69, 8, 30, 100.000000
69, 8, 31, 100.000000
69, 8, 32, 100.000000
69, 8, 33, 100.000000
69, 8, 34, 100.000000
69, 9, 0, 0.418835
69, 9, 1, -0.133527
69, 9, 2, -0.445536
69, 9, 3, -0.432988
69, 9, 4, -0.435349
69, 9, 5, -0.438654
69, 9, 6, -0.459437
69, 9, 7, -0.478291
69, 9, 8, -0.428809
69, 9, 9, -0.384644
69, 9, 10, -0.395495
69, 9, 11, -0.441303
69, 9, 12, -0.478124
69, 9, 13, -0.466687
69, 9, 14, -0.412635
69, 9, 15, -0.337092
69, 9, 16, -0.151645
69, 9, 17, 0.083028
69, 9, 18, 0.439829
69, 9, 19, 0.865217
69, 9, 20, 1.286096
69, 9, 21, 1.594969
69, 9, 22, 2.286935
69, 9, 23, 100.000000
69, 9, 24, 100.000000
69, 9, 25, 100.000000
69, 9, 26, 100.000000
69, 9, 27, 100.000000
69, 9, 28, 100.000000
69, 9, 29, 100.000000
69, 9, 30, 100.000000
69, 9, 31, 100.000000
69, 9, 32, 100.000000
69, 9, 33, 100.000000
69, 9, 34, 100.000000
69, 10, 0, 0.366572
69, 10, 1, -0.126989
69, 10, 2, -0.397903
69, 10, 3, -0.455625
69, 10, 4, -0.439214
69, 10, 5, -0.454223
69, 10, 6, -0.476154
69, 10, 7, -0.459283
69, 10, 8, -0.467509
69, 10, 9, -0.429142
69, 10, 10, -0.396169
69, 10, 11, -0.395638
69, 10, 12, -0.451216
69, 10, 13, -0.458021
69, 10, 14, -0.445385
69, 10, 15, -0.345150
69, 10, 16, -0.148119
69, 10, 17, 0.111992
69, 10, 18, 0.505310
69, 10, 19, 0.922785
69, 10, 20, 1.297110
69, 10, 21, 1.718801
69, 10, 22, 2.480431
69, 10, 23, 100.000000
69, 10, 24, 100.000000
69, 10, 25, 100.000000
69, 10, 26, 100.000000
69, 10, 27, 100.000000
69, 10, 28, 100.000000
69, 10, 29, 100.000000
69, 10, 30, 100.000000
69, 10, 31, 100.000000
69, 10, 32, 100.000000
69, 10, 33, 100.000000
69, 10, 34, 100.000000
69, 11, 0, 0.333465
69, 11, 1, -0.148423
69, 11, 2, -0.376227
69, 11, 3, -0.437414
69, 11, 4, -0.473857
69, 11, 5, -0.491479
69, 11, 6, -0.459986
69, 11, 7, -0.455696
69, 11, 8, -0.485661
69, 11, 9, -0.435093
69, 11, 10, -0.411875
69, 11, 11, -0.371871
69, 11, 12, -0.420503
69, 11, 13, -0.464144
69, 11, 14, -0.439419
69, 11, 15, -0.372658
69, 11, 16, -0.169001
69, 11, 17, 0.116252
69, 11, 18, 0.518830
69, 11, 19, 0.960529
69, 11, 20, 1.295226
69, 11, 21, 1.806717
69, 11, 22, 2.373249
69, 11, 23, 100.000000
69, 11, 24, 100.000000
69, 11, 25, 100.000000
69, 11, 26, 100.000000
69, 11, 27, 100.000000
69, 11, 28, 100.000000
69, 11, 29, 100.000000
69, 11, 30, 100.000000
69, 11, 31, 100.000000
69, 11, 32, 100.000000
69, 11, 33, 100.000000
69, 11, 34, 100.000000
69, 12, 0, 0.348944
69, 12, 1, -0.164742
69, 12, 2, -0.419220
69, 12, 3, -0.449588
69, 12, 4, -0.456625
69, 12, 5, -0.475292
69, 12, 6, -0.473419
69, 12, 7, -0.462810
69, 12, 8, -0.441988
69, 12, 9, -0.435696
69, 12, 10, -0.426327
69, 12, 11, -0.372323
69, 12, 12, -0.369484
69, 12, 13, -0.426596
69, 12, 14, -0.457964
69, 12, 15, -0.411865
69, 12, 16, -0.227421
69, 12, 17, 0.087279
69, 12, 18, 0.524295
69, 12, 19, 0.986300
69, 12, 20, 1.368227
69, 12, 21, 1.798299
69, 12, 22, 2.486094
69, 12, 23, 100.000000
69, 12, 24, 100.000000
69, 12, 25, 100.000000
69, 12, 26, 100.000000
69, 12, 27, 100.000000
69, 12, 28, 100.000000
69, 12, 29, 100.000000
69, 12, 30, 100.000000
69, 12, 31, 100.000000
69, 12, 32, 100.000000
69, 12, 33, 100.000000
69, 12, 34, 100.000000
69, 13, 0, 0.403381
69, 13, 1, -0.140099
69, 13, 2, -0.436579
69, 13, 3, -0.480196
69, 13, 4, -0.467656
69, 13, 5, -0.478911
69, 13, 6, -0.475955
69, 13, 7, -0.465317
69, 13, 8, -0.473500
69, 13, 9, -0.467406
69, 13, 10, -0.450276
69, 13, 11, -0.398133
69, 13, 12, -0.380689
69, 13, 13, -0.419909
69, 13, 14, -0.436054
69, 13, 15, -0.390205
69, 13, 16, -0.243044
69, 13, 17, 0.053744
69, 13, 18, 0.482164
69, 13, 19, 0.973341
69, 13, 20, 1.319614
69, 13, 21, 1.800741
69, 13, 22, 2.425254
69, 13, 23, 100.000000
69, 13, 24, 100.000000
69, 13, 25, 100.000000
69, 13, 26, 100.000000
69, 13, 27, 100.000000
69, 13, 28, 100.000000
69, 13, 29, 100.000000
69, 13, 30, 100.000000
69, 13, 31, 100.000000
69, 13, 32, 100.000000
69, 13, 33, 100.000000
69, 13, 34, 100.000000
69, 14, 0, 0.433691
69, 14, 1, -0.100263
69, 14, 2, -0.434500
69, 14, 3, -0.464934
69, 14, 4, -0.465550
69, 14, 5, -0.476124
69, 14, 6, -0.471935
69, 14, 7, -0.474173
69, 14, 8, -0.444126
69, 14, 9, -0.458166
69, 14, 10, -0.459235
69, 14, 11, -0.417823
69, 14, 12, -0.408934
69, 14, 13, -0.426907
69, 14, 14, -0.422669
69, 14, 15, -0.359445
69, 14, 16, -0.219041
69, 14, 17, 0.033045
69, 14, 18, 0.404807
69, 14, 19, 0.875853
69, 14, 20, 1.356525
69, 14, 21, 1.903905
69, 14, 22, 100.000000
69, 14, 23, 100.000000
69, 14, 24, 100.000000
69, 14, 25, 100.000000
69, 14, 26, 100.000000
69, 14, 27, 100.000000
69, 14, 28, 100.000000
69, 14, 29, 100.000000
69, 14, 30, 100.000000
69, 14, 31, 100.000000
69, 14, 32, 100.000000
69, 14, 33, 100.000000
69, 14, 34, 100.000000
69, 15, 0, 0.430712
69, 15, 1, -0.076073
69, 15, 2, -0.397124
69, 15, 3, -0.435408
69, 15, 4, -0.442969
69, 15, 5, -0.457548
69, 15, 6, -0.463837
69, 15, 7, -0.492365
69, 15, 8, -0.447175
69, 15, 9, -0.454947
69, 15, 10, -0.480186
69, 15, 11, -0.438751
69, 15, 12, -0.420928
69, 15, 13, -0.429954
69, 15, 14, -0.413412
69, 15, 15, -0.336848
69, 15, 16, -0.185239
69, 15, 17, 0.042750
69, 15, 18, 0.387547
69, 15, 19, 0.858067
69, 15, 20, 1.328913
69, 15, 21, 2.056604
69, 15, 22, 100.000000
69, 15, 23, 100.000000
69, 15, 24, 100.000000
69, 15, 25, 100.000000
69, 15, 26, 100.000000
69, 15, 27, 100.000000
69, 15, 28, 100.000000
69, 15, 29, 100.000000
69, 15, 30, 100.000000
69, 15, 31, 100.000000
69, 15, 32, 100.000000
69, 15, 33, 100.000000
69, 15, 34, 100.000000
69, 16, 0, 0.426702
69, 16, 1, -0.085384
69, 16, 2, -0.395804
69, 16, 3, -0.442421
69, 16, 4, -0.449881
69, 16, 5, -0.451802
69, 16, 6, -0.458903
69, 16, 7, -0.479242
69, 16, 8, -0.444197
69, 16, 9, -0.469490
69, 16, 10, -0.492554
69, 16, 11, -0.468623
69, 16, 12, -0.430599
69, 16, 13, -0.416162
69, 16, 14, -0.387887
69, 16, 15, -0.339691
69, 16, 16, -0.185961
69, 16, 17, 0.073635
69, 16, 18, 0.430168
69, 16, 19, 0.899165
69, 16, 20, 1.372968
69, 16, 21, 2.042310
69, 16, 22, 100.000000
69, 16, 23, 100.000000
69, 16, 24, 100.000000
69, 16, 25, 100.000000
69, 16, 26, 100.000000
69, 16, 27, 100.000000
69, 16, 28, 100.000000
69, 16, 29, 100.000000
69, 16, 30, 100.000000
69, 16, 31, 100.000000
69, 16, 32, 100.000000
69, 16, 33, 100.000000
69, 16, 34, 100.000000
69, 17, 0, 0.397194
69, 17, 1, -0.139130
69, 17, 2, -0.427949
69, 17, 3, -0.446227
69, 17, 4, -0.439211
69, 17, 5, -0.442418
69, 17, 6, -0.474605
69, 17, 7, -0.454836
69, 17, 8, -0.443080
69, 17, 9, -0.459107
69, 17, 10, -0.490671
69, 17, 11, -0.463005
69, 17, 12, -0.445652
69, 17, 13, -0.417136
69, 17, 14, -0.375827
69, 17, 15, -0.338392
69, 17, 16, -0.219150
69, 17, 17, 0.058163
69, 17, 18, 0.458700
69, 17, 19, 0.942774
69, 17, 20, 1.421580
69, 17, 21, 2.178809
69, 17, 22, 100.000000
69, 17, 23, 100.000000
69, 17, 24, 100.000000
69, 17, 25, 100.000000
69, 17, 26, 100.000000
69, 17, 27, 100.000000
69, 17, 28, 100.000000
69, 17, 29, 100.000000
69, 17, 30, 100.000000
69, 17, 31, 100.000000
69, 17, 32, 100.000000
69, 17, 33, 100.000000
69, 17, 34, 100.000000
69, 18, 0, 0.353142
69, 18, 1, -0.168975
69, 18, 2, -0.444636
69, 18, 3, -0.476776
69, 18, 4, -0.464254
69, 18, 5, -0.464059
69, 18, 6, -0.464180
69, 18, 7, -0.459300
69, 18, 8, -0.455604
69, 18, 9, -0.454737
69, 18, 10, -0.474516
69, 18, 11, -0.465331
69, 18, 12, -0.432754
69, 18, 13, -0.426727
69, 18, 14, -0.367897
69, 18, 15, -0.343369
69, 18, 16, -0.244018
69, 18, 17, 0.035924
69, 18, 18, 0.454107
69, 18, 19, 0.932985
69, 18, 20, 1.455861
69, 18, 21, 2.092050
69, 18, 22, 100.000000
69, 18, 23, 100.000000
69, 18, 24, 100.000000
69, 18, 25, 100.000000
69, 18, 26, 100.000000
69, 18, 27, 100.000000
69, 18, 28, 100.000000
69, 18, 29, 100.000000
69, 18, 30, 100.000000
69, 18, 31, 100.000000
69, 18, 32, 100.000000
69, 18, 33, 100.000000
69, 18, 34, 100.000000
69, 19, 0, 0.348832
69, 19, 1, -0.173654
69, 19, 2, -0.439358
69, 19, 3, -0.481200
69, 19, 4, -0.455714
69, 19, 5, -0.453383
69, 19, 6, -0.461600
69, 19, 7, -0.474259
69, 19, 8, -0.457219
69, 19, 9, -0.460222
69, 19, 10, -0.442638
69, 19, 11, -0.481226
69, 19, 12, -0.441290
69, 19, 13, -0.413835
69, 19, 14, -0.359129
69, 19, 15, -0.327040
69, 19, 16, -0.247993
69, 19, 17, 0.027111
69, 19, 18, 0.423642
69, 19, 19, 0.853992
69, 19, 20, 1.402850
69, 19, 21, 2.171513
69, 19, 22, 100.000000
69, 19, 23, 100.000000
69, 19, 24, 100.000000
69, 19, 25, 100.000000
69, 19, 26, 100.000000
69, 19, 27, 100.000000
69, 19, 28, 100.000000
69, 19, 29, 100.000000
69, 19, 30, 100.000000
69, 19, 31, 100.000000
69, 19, 32, 100.000000
69, 19, 33, 100.000000
69, 19, 34, 100.000000
69, 20, 0, 0.369113
69, 20, 1, -0.161657
69, 20, 2, -0.439307
69, 20, 3, -0.478610
69, 20, 4, -0.461836
69, 20, 5, -0.473018
69, 20, 6, -0.470078
69, 20, 7, -0.469734
69, 20, 8, -0.473403
69, 20, 9, -0.479632
69, 20, 10, -0.443625
69, 20, 11, -0.461794
69, 20, 12, -0.466106
69, 20, 13, -0.406823
69, 20, 14, -0.354026
69, 20, 15, -0.306076
69, 20, 16, -0.227564
69, 20, 17, 0.023052
69, 20, 18, 0.407241
69, 20, 19, 0.819364
69, 20, 20, 1.362931
69, 20, 21, 2.085160
69, 20, 22, 100.000000
69, 20, 23, 100.000000
69, 20, 24, 100.000000
69, 20, 25, 100.000000
69, 20, 26, 100.000000
69, 20, 27, 100.000000
69, 20, 28, 100.000000
69, 20, 29, 100.000000
69, 20, 30, 100.000000
69, 20, 31, 100.000000
69, 20, 32, 100.000000
69, 20, 33, 100.000000
69, 20, 34, 100.000000
69, 21, 0, 0.387084
69, 21, 1, -0.155952
69, 21, 2, -0.442810
69, 21, 3, -0.470743
69, 21, 4, -0.489411
69, 21, 5, -0.453897
69, 21, 6, -0.453038
69, 21, 7, -0.475123
69, 21, 8, -0.476268
69, 21, 9, -0.445975
69, 21, 10, -0.420715
69, 21, 11, -0.440411
69, 21, 12, -0.455245
69, 21, 13, -0.421294
69, 21, 14, -0.376390
69, 21, 15, -0.297292
69, 21, 16, -0.202900
69, 21, 17, 0.033908
69, 21, 18, 0.436641
69, 21, 19, 0.889097
69, 21, 20, 1.338082
69, 21, 21, 1.912580
69, 21, 22, 100.000000
69, 21, 23, 100.000000
69, 21, 24, 100.000000
69, 21, 25, 100.000000
69, 21, 26, 100.000000
69, 21, 27, 100.000000
69, 21, 28, 100.000000
69, 21, 29, 100.000000
69, 21, 30, 100.000000
69, 21, 31, 100.000000
69, 21, 32, 100.000000
69, 21, 33, 100.000000
69, 21, 34, 100.000000
69, 22, 0, 0.396541
69, 22, 1, -0.148959
69, 22, 2, -0.431348
69, 22, 3, -0.465343
69, 22, 4, -0.482246
69, 22, 5, -0.467175
69, 22, 6, -0.478595
69, 22, 7, -0.485167
69, 22, 8, -0.482868
69, 22, 9, -0.441523
69, 22, 10, -0.428780
69, 22, 11, -0.458416
69, 22, 12, -0.439280
69, 22, 13, -0.423627
69, 22, 14, -0.404816
69, 22, 15, -0.298439
69, 22, 16, -0.179689
69, 22, 17, 0.050951
69, 22, 18, 0.463758
69, 22, 19, 0.968192
69, 22, 20, 1.378002
69, 22, 21, 2.002024
69, 22, 22, 100.000000
69, 22, 23, 100.000000
69, 22, 24, 100.000000
69, 22, 25, 100.000000
69, 22, 26, 100.000000
69, 22, 27, 100.000000
69, 22, 28, 100.000000
69, 22, 29, 100.000000
69, 22, 30, 100.000000
69, 22, 31, 100.000000
69, 22, 32, 100.000000
69, 22, 33, 100.000000
69, 22, 34, 100.000000
69, 23, 0, 0.403777
69, 23, 1, -0.140948
69, 23, 2, -0.434758
69, 23, 3, -0.470335
69, 23, 4, -0.471584
69, 23, 5, -0.474621
69, 23, 6, -0.470014
69, 23, 7, -0.468392
69, 23, 8, -0.475471
69, 23, 9, -0.430699
69, 23, 10, -0.420557
69, 23, 11, -0.436483
69, 23, 12, -0.433834
69, 23, 13, -0.419920
69, 23, 14, -0.391616
69, 23, 15, -0.295970
69, 23, 16, -0.171503
69, 23, 17, 0.037453
69, 23, 18, 0.439311
69, 23, 19, 0.961398
69, 23, 20, 1.493564
69, 23, 21, 2.122173
69, 23, 22, 100.000000
69, 23, 23, 100.000000
69, 23, 24, 100.000000
69, 23, 25, 100.000000
69, 23, 26, 100.000000
69, 23, 27, 100.000000
69, 23, 28, 100.000000
69, 23, 29, 100.000000
69, 23, 30, 100.000000
69, 23, 31, 100.000000
69, 23, 32, 100.000000
69, 23, 33, 100.000000
69, 23, 34, 100.000000
69, 24, 0, 0.404435
69, 24, 1, -0.144255
69, 24, 2, -0.438656
69, 24, 3, -0.489285
69, 24, 4, -0.475397
69, 24, 5, -0.449873
69, 24, 6, -0.438734
69, 24, 7, -0.451576
69, 24, 8, -0.452213
69, 24, 9, -0.420328
69, 24, 10, -0.408141
69, 24, 11, -0.415658
69, 24, 12, -0.427600
69, 24, 13, -0.418000
69, 24, 14, -0.393212
69, 24, 15, -0.316866
69, 24, 16, -0.190116
69, 24, 17, 0.038807
69, 24, 18, 0.448032
69, 24, 19, 0.984818
69, 24, 20, 1.609606
69, 24, 21, 2.421133
69, 24, 22, 100.000000
69, 24, 23, 100.000000
69, 24, 24, 100.000000
69, 24, 25, 100.000000
69, 24, 26, 100.000000
69, 24, 27, 100.000000
69, 24, 28, 100.000000
69, 24, 29, 100.000000
69, 24, 30, 100.000000
69, 24, 31, 100.000000
69, 24, 32, 100.000000
69, 24, 33, 100.000000
69, 24, 34, 100.000000
69, 25, 0, 0.368790
69, 25, 1, -0.150625
69, 25, 2, -0.419154
69, 25, 3, -0.475028
69, 25, 4, -0.494206
69, 25, 5, -0.457707
69, 25, 6, -0.442579
69, 25, 7, -0.447054
69, 25, 8, -0.458745
69, 25, 9, -0.424861
69, 25, 10, -0.441623
69, 25, 11, -0.434571
69, 25, 12, -0.423657
69, 25, 13, -0.407264
69, 25, 14, -0.362456
69, 25, 15, -0.316036
69, 25, 16, -0.201210
69, 25, 17, 0.083271
69, 25, 18, 0.543364
69, 25, 19, 1.092548
69, 25, 20, 1.717565
69, 25, 21, 2.497930
69, 25, 22, 100.000000
69, 25, 23, 100.000000
69, 25, 24, 100.000000
69, 25, 25, 100.000000
69, 25, 26, 100.000000
69, 25, 27, 100.000000
69, 25, 28, 100.000000
69, 25, 29, 100.000000
69, 25, 30, 100.000000
69, 25, 31, 100.000000
69, 25, 32, 100.000000
69, 25, 33, 100.000000
69, 25, 34, 100.000000
69, 26, 0, 0.324855
69, 26, 1, -0.161627
69, 26, 2, -0.391442
69, 26, 3, -0.469707
69, 26, 4, -0.486539
69, 26, 5, -0.484378
69, 26, 6, -0.452503
69, 26, 7, -0.430771
69, 26, 8, -0.448165
69, 26, 9, -0.433128
69, 26, 10, -0.464790
69, 26, 11, -0.446673
69, 26, 12, -0.401120
69, 26, 13, -0.355287
69, 26, 14, -0.326911
69, 26, 15, -0.315130
69, 26, 16, -0.181042
69, 26, 17, 0.136461
69, 26, 18, 0.576425
69, 26, 19, 1.088620
69, 26, 20, 1.700758
69, 26, 21, 2.241419
69, 26, 22, 100.000000
69, 26, 23, 100.000000
69, 26, 24, 100.000000
69, 26, 25, 100.000000
69, 26, 26, 100.000000
69, 26, 27, 100.000000
69, 26, 28, 100.000000
69, 26, 29, 100.000000
69, 26, 30, 100.000000
69, 26, 31, 100.000000
69, 26, 32, 100.000000
69, 26, 33, 100.000000
69, 26, 34, 100.000000
69, 27, 0, 0.307716
69, 27, 1, -0.166350
69, 27, 2, -0.386584
69, 27, 3, -0.437394
69, 27, 4, -0.452094
69, 27, 5, -0.457857
69, 27, 6, -0.437936
69, 27, 7, -0.436390
69, 27, 8, -0.446685
69, 27, 9, -0.435037
69, 27, 10, -0.444968
69, 27, 11, -0.442001
69, 27, 12, -0.388181
69, 27, 13, -0.335939
69, 27, 14, -0.326352
69, 27, 15, -0.304345
69, 27, 16, -0.148099
69, 27, 17, 0.184126
69, 27, 18, 0.554642
69, 27, 19, 1.034910
69, 27, 20, 1.597313
69, 27, 21, 2.149519
69, 27, 22, 100.000000
69, 27, 23, 100.000000
69, 27, 24, 100.000000
69, 27, 25, 100.000000
69, 27, 26, 100.000000
69, 27, 27, 100.000000
69, 27, 28, 100.000000
69, 27, 29, 100.000000
69, 27, 30, 100.000000
69, 27, 31, 100.000000
69, 27, 32, 100.000000
69, 27, 33, 100.000000
69, 27, 34, 100.000000
69, 28, 0, 0.335503
69, 28, 1, -0.150831
69, 28, 2, -0.333084
69, 28, 3, -0.334811
69, 28, 4, -0.360005
69, 28, 5, -0.393477
69, 28, 6, -0.394465
69, 28, 7, -0.377551
69, 28, 8, -0.363508
69, 28, 9, -0.344668
69, 28, 10, -0.348325
69, 28, 11, -0.381689
69, 28, 12, -0.393583
69, 28, 13, -0.357047
69, 28, 14, -0.326322
69, 28, 15, -0.265324
69, 28, 16, -0.104847
69, 28, 17, 0.178997
69, 28, 18, 0.533375
69, 28, 19, 1.018183
69, 28, 20, 1.573877
69, 28, 21, 2.248700
69, 28, 22, 100.000000
69, 28, 23, 100.000000
69, 28, 24, 100.000000
69, 28, 25, 100.000000
69, 28, 26, 100.000000
69, 28, 27, 100.000000
69, 28, 28, 100.000000
69, 28, 29, 100.000000
69, 28, 30, 100.000000
69, 28, 31, 100.000000
69, 28, 32, 100.000000
69, 28, 33, 100.000000
69, 28, 34, 100.000000
69, 29, 0, 0.434594
69, 29, 1, 0.001392
69, 29, 2, -0.095979
69, 29, 3, -0.062068
69, 29, 4, -0.077317
69, 29, 5, -0.127138
69, 29, 6, -0.153723
69, 29, 7, -0.132492
69, 29, 8, -0.086011
69, 29, 9, -0.061917
69, 29, 10, -0.060690
69, 29, 11, -0.066984
69, 29, 12, -0.097488
69, 29, 13, -0.120103
69, 29, 14, -0.097599
69, 29, 15, -0.051717
69, 29, 16, 0.022219
69, 29, 17, 0.190474
69, 29, 18, 0.542640
69, 29, 19, 1.048672
69, 29, 20, 1.496423
69, 29, 21, 2.162684
69, 29, 22, 100.000000
69, 29, 23, 100.000000
69, 29, 24, 100.000000
69, 29, 25, 100.000000
69, 29, 26, 100.000000
69, 29, 27, 100.000000
69, 29, 28, 100.000000
69, 29, 29, 100.000000
69, 29, 30, 100.000000
69, 29, 31, 100.000000
69, 29, 32, 100.000000
69, 29, 33, 100.000000
69, 29, 34, 100.000000
70, 0, 0, 0.737212
70, 0, 1, 0.473354
70, 0, 2, 0.419479
70, 0, 3, 0.421315
70, 0, 4, 0.404622
70, 0, 5, 0.387848
70, 0, 6, 0.389274
70, 0, 7, 0.407181
70, 0, 8, 0.418427
70, 0, 9, 0.410676
70, 0, 10, 0.401719
70, 0, 11, 0.408654
70, 0, 12, 0.419564
70, 0, 13, 0.418939
70, 0, 14, 0.411683
70, 0, 15, 0.427766
70, 0, 16, 0.490762
70, 0, 17, 0.635983
70, 0, 18, 0.828355
70, 0, 19, 1.108395
70, 0, 20, 1.368633
70, 0, 21, 1.626286
70, 0, 22, 2.344223
70, 0, 23, 100.000000
70, 0, 24, 100.000000
70, 0, 25, 100.000000
70, 0, 26, 100.000000
70, 0, 27, 100.000000
70, 0, 28, 100.000000
70, 0, 29, 100.000000
70, 0, 30, 100.000000
70, 0, 31, 100.000000
70, 0, 32, 100.000000
70, 0, 33, 100.000000
70, 0, 34, 100.000000
70, 1, 0, 0.426137
70, 1, 1, -0.025624
70, 1, 2, -0.156228
70, 1, 3, -0.119240
70, 1, 4, -0.109044
70, 1, 5, -0.133920
70, 1, 6, -0.152818
70, 1, 7, -0.151002
70, 1, 8, -0.146138
70, 1, 9, -0.150095
70, 1, 10, -0.170628
70, 1, 11, -0.164328
70, 1, 12, -0.139139
70, 1, 13, -0.100759
70, 1, 14, -0.091429
70, 1, 15, -0.083905
70, 1, 16, -0.015571
70, 1, 17, 0.141110
70, 1, 18, 0.411945
70, 1, 19, 0.713838
70, 1, 20, 1.044991
70, 1, 21, 1.381716
70, 1, 22, 2.086692
70, 1, 23, 100.000000
70, 1, 24, 100.000000
70, 1, 25, 100.000000
70, 1, 26, 100.000000
70, 1, 27, 100.000000
70, 1, 28, 100.000000
70, 1, 29, 100.000000
70, 1, 30, 100.000000
70, 1, 31, 100.000000
70, 1, 32, 100.000000
70, 1, 33, 100.000000
70, 1, 34, 100.000000
70, 2, 0, 0.358340
70, 2, 1, -0.163904
70, 2, 2, -0.450180
70, 2, 3, -0.439422
70, 2, 4, -0.424692
70, 2, 5, -0.425176
70, 2, 6, -0.433190
70, 2, 7, -0.446765
70, 2, 8, -0.448652
70, 2, 9, -0.412802
70, 2, 10, -0.386868
70, 2, 11, -0.402949
70, 2, 12, -0.445041
70, 2, 13, -0.413133
70, 2, 14, -0.372658
70, 2, 15, -0.348179
70, 2, 16, -0.239541
70, 2, 17, 0.016105
70, 2, 18, 0.306411
70, 2, 19, 0.576861
70, 2, 20, 0.922792
70, 2, 21, 1.419186
70, 2, 22, 2.147250
70, 2, 23, 100.000000
70, 2, 24, 100.000000
70, 2, 25, 100.000000
70, 2, 26, 100.000000
70, 2, 27, 100.000000
70, 2, 28, 100.000000
70, 2, 29, 100.000000
70, 2, 30, 100.000000
70, 2, 31, 100.000000
70, 2, 32, 100.000000
70, 2, 33, 100.000000
70, 2, 34, 100.000000
70, 3, 0, 0.339735
70, 3, 1, -0.165753
70, 3, 2, -0.425888
70, 3, 3, -0.464329
70, 3, 4, -0.461026
70, 3, 5, -0.476442
70, 3, 6, -0.473514
70, 3, 7, -0.469034
70, 3, 8, -0.450837
70, 3, 9, -0.413725
70, 3, 10, -0.386444
70, 3, 11, -0.386670
70, 3, 12, -0.489003
70, 3, 13, -0.461816
70, 3, 14, -0.389336
70, 3, 15, -0.370240
70, 3, 16, -0.204863
70, 3, 17, 0.093343
70, 3, 18, 0.320261
70, 3, 19, 0.477946
70, 3, 20, 0.806043
70, 3, 21, 1.368228
70, 3, 22, 2.075009
70, 3, 23, 100.000000
70, 3, 24, 100.000000
70, 3, 25, 100.000000
70, 3, 26, 100.000000
70, 3, 27, 100.000000
70, 3, 28, 100.000000
70, 3, 29, 100.000000
70, 3, 30, 100.000000
70, 3, 31, 100.000000
70, 3, 32, 100.000000
70, 3, 33, 100.000000
70, 3, 34, 100.000000
70, 4, 0, 0.338888
70, 4, 1, -0.163738
70, 4, 2, -0.436090
70, 4, 3, -0.472225
70, 4, 4, -0.461865
70, 4, 5, -0.478937
70, 4, 6, -0.482259
70, 4, 7, -0.451826
70, 4, 8, -0.393862
70, 4, 9, -0.374925
70, 4, 10, -0.390971
70, 4, 11, -0.408117
70, 4, 12, -0.474904
70, 4, 13, -0.462328
70, 4, 14, -0.405142
70, 4, 15, -0.341534
70, 4, 16, -0.159603
70, 4, 17, 0.107525
70, 4, 18, 0.291332
70, 4, 19, 0.406601
70, 4, 20, 0.670144
70, 4, 21, 1.211650
70, 4, 22, 1.832310
70, 4, 23, 100.000000
70, 4, 24, 100.000000
70, 4, 25, 100.000000
70, 4, 26, 100.000000
70, 4, 27, 100.000000
70, 4, 28, 100.000000
70, 4, 29, 100.000000
70, 4, 30, 100.000000
70, 4, 31, 100.000000
70, 4, 32, 100.000000
70, 4, 33, 100.000000
70, 4, 34, 100.000000
70, 5, 0, 0.349853
70, 5, 1, -0.138171
70, 5, 2, -0.438206
70, 5, 3, -0.462449
70, 5, 4, -0.459296
70, 5, 5, -0.461132
70, 5, 6, -0.465567
70, 5, 7, -0.428273
70, 5, 8, -0.373069
70, 5, 9, -0.397097
70, 5, 10, -0.425223
70, 5, 11, -0.449222
70, 5, 12, -0.472387
70, 5, 13, -0.470754
70, 5, 14, -0.450032
70, 5, 15, -0.367409
70, 5, 16, -0.180806
70, 5, 17, 0.063364
70, 5, 18, 0.210072
70, 5, 19, 0.350656
70, 5, 20, 0.607635
70, 5, 21, 1.076179
70, 5, 22, 1.696674
70, 5, 23, 2.439703
70, 5, 24, 100.000000
70, 5, 25, 100.000000
70, 5, 26, 100.000000
70, 5, 27, 100.000000
70, 5, 28, 100.000000
70, 5, 29, 100.000000
70, 5, 30, 100.000000
70, 5, 31, 100.000000
70, 5, 32, 100.000000
70, 5, 33, 100.000000
70, 5, 34, 100.000000
70, 6, 0, 0.389884
70, 6, 1, -0.112794
70, 6, 2, -0.431933
70, 6, 3, -0.448908
70, 6, 4, -0.450707
70, 6, 5, -0.478561
70, 6, 6, -0.469469
70, 6, 7, -0.437092
70, 6, 8, -0.395428
70, 6, 9, -0.439246
70, 6, 10, -0.448968
70, 6, 11, -0.473628
70, 6, 12, -0.474211
70, 6, 13, -0.451404
70, 6, 14, -0.463137
70, 6, 15, -0.409574
70, 6, 16, -0.257468
70, 6, 17, -0.056157
70, 6, 18, 0.182972
70, 6, 19, 0.387476
70, 6, 20, 0.719674
70, 6, 21, 1.200541
70, 6, 22, 1.885220
70, 6, 23, 100.000000
70, 6, 24, 100.000000
70, 6, 25, 100.000000
70, 6, 26, 100.000000
70, 6, 27, 100.000000
70, 6, 28, 100.000000
70, 6, 29, 100.000000
70, 6, 30, 100.000000
70, 6, 31, 100.000000
70, 6, 32, 100.000000
70, 6, 33, 100.000000
70, 6, 34, 100.000000
70, 7, 0, 0.424332
70, 7, 1, -0.110739
70, 7, 2, -0.455432
70, 7, 3, -0.443420
70, 7, 4, -0.447350
70, 7, 5, -0.462136
70, 7, 6, -0.480030
70, 7, 7, -0.446820
70, 7, 8, -0.403118
70, 7, 9, -0.417485
70, 7, 10, -0.429075
70, 7, 11, -0.452804
70, 7, 12, -0.450690
70, 7, 13, -0.414813
70, 7, 14, -0.443233
70, 7, 15, -0.415522
70, 7, 16, -0.304056
70, 7, 17, -0.171895
70, 7, 18, 0.088102
70, 7, 19, 0.453938
70, 7, 20, 0.808980
70, 7, 21, 1.307316
70, 7, 22, 2.036905
70, 7, 23, 100.000000
70, 7, 24, 100.000000
70, 7, 25, 100.000000
70, 7, 26, 100.000000
70, 7, 27, 100.000000
70, 7, 28, 100.000000
70, 7, 29, 100.000000
70, 7, 30, 100.000000
70, 7, 31, 100.000000
70, 7, 32, 100.000000
70, 7, 33, 100.000000
70, 7, 34, 100.000000
70, 8, 0, 0.428679
70, 8, 1, -0.135580
70, 8, 2, -0.474796
70, 8, 3, -0.449370
70, 8, 4, -0.442229
70, 8, 5, -0.443658
70, 8, 6, -0.456141
70, 8, 7, -0.446711
70, 8, 8, -0.395977
70, 8, 9, -0.373067
70, 8, 10, -0.410029
70, 8, 11, -0.448747
70, 8, 12, -0.453265
70, 8, 13, -0.415415
70, 8, 14, -0.425154
70, 8, 15, -0.410744
70, 8, 16, -0.299063
70, 8, 17, -0.190347
70, 8, 18, 0.052603
70, 8, 19, 0.429705
70, 8, 20, 0.822660
70, 8, 21, 1.321328
70, 8, 22, 1.970189
70, 8, 23, 100.000000
70, 8, 24, 100.000000
70, 8, 25, 100.000000
70, 8, 26, 100.000000
70, 8, 27, 100.000000
70, 8, 28, 100.000000
70, 8, 29, 100.000000
70, 8, 30, 100.000000
70, 8, 31, 100.000000
70, 8, 32, 100.000000
70, 8, 33, 100.000000
70, 8, 34, 100.000000
70, 9, 0, 0.412340
70, 9, 1, -0.145997
70, 9, 2, -0.452155
70, 9, 3, -0.447304
70, 9, 4, -0.442050
70, 9, 5, -0.456797
70, 9, 6, -0.468920
70, 9, 7, -0.482052
70, 9, 8, -0.459672
70, 9, 9, -0.400578
70, 9, 10, -0.377645
70, 9, 11, -0.403970
70, 9, 12, -0.433839
70, 9, 13, -0.437383
70, 9, 14, -0.446055
70, 9, 15, -0.404933
70, 9, 16, -0.279366
70, 9, 17, -0.160618
70, 9, 18, 0.095902
70, 9, 19, 0.444742
70, 9, 20, 0.808122
70, 9, 21, 1.247020
70, 9, 22, 1.955977
70, 9, 23, 100.000000
70, 9, 24, 100.000000
70, 9, 25, 100.000000
70, 9, 26, 100.000000
70, 9, 27, 100.000000
70, 9, 28, 100.000000
70, 9, 29, 100.000000
70, 9, 30, 100.000000
70, 9, 31, 100.000000
70, 9, 32, 100.000000
70, 9, 33, 100.000000
70, 9, 34, 100.000000
70, 10, 0, 0.377446
70, 10, 1, -0.130851
70, 10, 2, -0.403149
70, 10, 3, -0.473322
70, 10, 4, -0.459794
70, 10, 5, -0.480662
70, 10, 6, -0.466894
70, 10, 7, -0.454453
70, 10, 8, -0.448523
70, 10, 9, -0.467104
70, 10, 10, -0.421838
70, 10, 11, -0.372255
70, 10, 12, -0.388383
70, 10, 13, -0.440716
70, 10, 14, -0.470851
70, 10, 15, -0.409662
70, 10, 16, -0.286034
70, 10, 17, -0.129533
70, 10, 18, 0.149473
70, 10, 19, 0.502208
70, 10, 20, 0.782432
70, 10, 21, 1.199599
70, 10, 22, 1.967070
70, 10, 23, 100.000000
70, 10, 24, 100.000000
70, 10, 25, 100.000000
70, 10, 26, 100.000000
70, 10, 27, 100.000000
70, 10, 28, 100.000000
70, 10, 29, 100.000000
70, 10, 30, 100.000000
70, 10, 31, 100.000000
70, 10, 32, 100.000000
70, 10, 33, 100.000000
70, 10, 34, 100.000000
70, 11, 0, 0.351977
70, 11, 1, -0.136384
70, 11, 2, -0.381042
70, 11, 3, -0.453726
70, 11, 4, -0.465626
70, 11, 5, -0.480665
70, 11, 6, -0.462161
70, 11, 7, -0.456873
70, 11, 8, -0.472613
70, 11, 9, -0.453089
70, 11, 10, -0.467510
70, 11, 11, -0.381013
70, 11, 12, -0.354076
70, 11, 13, -0.396291
70, 11, 14, -0.456074
70, 11, 15, -0.425022
70, 11, 16, -0.305553
70, 11, 17, -0.131620
70, 11, 18, 0.181645
70, 11, 19, 0.552315
70, 11, 20, 0.829502
70, 11, 21, 1.245667
70, 11, 22, 1.920578
70, 11, 23, 100.000000
70, 11, 24, 100.000000
70, 11, 25, 100.000000
70, 11, 26, 100.000000
70, 11, 27, 100.000000
70, 11, 28, 100.000000
70, 11, 29, 100.000000
70, 11, 30, 100.000000
70, 11, 31, 100.000000
70, 11, 32, 100.000000
70, 11, 33, 100.000000
70, 11, 34, 100.000000
70, 12, 0, 0.362397
70, 12, 1, -0.145880
70, 12, 2, -0.404644
70, 12, 3, -0.444176
70, 12, 4, -0.466855
70, 12, 5, -0.489052
70, 12, 6, -0.492001
70, 12, 7, -0.457702
70, 12, 8, -0.436898
70, 12, 9, -0.458010
70, 12, 10, -0.485833
70, 12, 11, -0.428642
70, 12, 12, -0.367458
70, 12, 13, -0.348315
70, 12, 14, -0.406179
70, 12, 15, -0.433917
70, 12, 16, -0.324501
70, 12, 17, -0.132691
70, 12, 18, 0.203357
70, 12, 19, 0.592822
70, 12, 20, 0.897801
70, 12, 21, 1.275483
70, 12, 22, 1.886492
70, 12, 23, 100.000000
70, 12, 24, 100.000000
70, 12, 25, 100.000000
70, 12, 26, 100.000000
70, 12, 27, 100.000000
70, 12, 28, 100.000000
70, 12, 29, 100.000000
70, 12, 30, 100.000000
70, 12, 31, 100.000000
70, 12, 32, 100.000000
70, 12, 33, 100.000000
70, 12, 34, 100.000000
70, 13, 0, 0.403560
70, 13, 1, -0.145616
70, 13, 2, -0.439559
70, 13, 3, -0.460426
70, 13, 4, -0.461450
70, 13, 5, -0.469974
70, 13, 6, -0.475186
70, 13, 7, -0.458390
70, 13, 8, -0.464926
70, 13, 9, -0.484566
70, 13, 10, -0.481185
70, 13, 11, -0.457433
70, 13, 12, -0.407335
70, 13, 13, -0.378256
70, 13, 14, -0.397395
70, 13, 15, -0.433408
70, 13, 16, -0.340544
70, 13, 17, -0.128184
70, 13, 18, 0.214900
70, 13, 19, 0.582528
70, 13, 20, 0.935912
70, 13, 21, 1.303032
70, 13, 22, 1.912432
70, 13, 23, 100.000000
70, 13, 24, 100.000000
70, 13, 25, 100.000000
70, 13, 26, 100.000000
70, 13, 27, 100.000000
70, 13, 28, 100.000000
70, 13, 29, 100.000000
70, 13, 30, 100.000000
70, 13, 31, 100.000000
70, 13, 32, 100.000000
70, 13, 33, 100.000000
70, 13, 34, 100.000000
70, 14, 0, 0.434096
70, 14, 1, -0.116695
70, 14, 2, -0.430281
70, 14, 3, -0.456985
70, 14, 4, -0.450001
70, 14, 5, -0.464044
70, 14, 6, -0.443686
70, 14, 7, -0.479891
70, 14, 8, -0.446183
70, 14, 9, -0.444753
70, 14, 10, -0.473211
70, 14, 11, -0.469423
70, 14, 12, -0.425081
70, 14, 13, -0.404162
70, 14, 14, -0.402313
70, 14, 15, -0.395177
70, 14, 16, -0.303410
70, 14, 17, -0.120808
70, 14, 18, 0.178708
70, 14, 19, 0.571474
70, 14, 20, 0.955799
70, 14, 21, 1.450233
70, 14, 22, 2.229469
70, 14, 23, 100.000000
70, 14, 24, 100.000000
70, 14, 25, 100.000000
70, 14, 26, 100.000000
70, 14, 27, 100.000000
70, 14, 28, 100.000000
70, 14, 29, 100.000000
70, 14, 30, 100.000000
70, 14, 31, 100.000000
70, 14, 32, 100.000000
70, 14, 33, 100.000000
70, 14, 34, 100.000000
70, 15, 0, 0.446076
70, 15, 1, -0.083054
70, 15, 2, -0.414123
70, 15, 3, -0.456973
70, 15, 4, -0.462265
70, 15, 5, -0.465526
70, 15, 6, -0.438966
70, 15, 7, -0.483849
70, 15, 8, -0.459528
70, 15, 9, -0.443368
70, 15, 10, -0.457709
70, 15, 11, -0.474143
70, 15, 12, -0.431093
70, 15, 13, -0.416843
70, 15, 14, -0.398566
70, 15, 15, -0.358619
70, 15, 16, -0.261078
70, 15, 17, -0.096431
70, 15, 18, 0.168181
70, 15, 19, 0.595008
70, 15, 20, 1.014030
70, 15, 21, 1.625410
70, 15, 22, 100.000000
70, 15, 23, 100.000000
70, 15, 24, 100.000000
70, 15, 25, 100.000000
70, 15, 26, 100.000000
70, 15, 27, 100.000000
70, 15, 28, 100.000000
70, 15, 29, 100.000000
70, 15, 30, 100.000000
70, 15, 31, 100.000000
70, 15, 32, 100.000000
70, 15, 33, 100.000000
70, 15, 34, 100.000000
70, 16, 0, 0.440607
70, 16, 1, -0.077628
70, 16, 2, -0.420883
70, 16, 3, -0.469270
70, 16, 4, -0.485721
70, 16, 5, -0.452518
70, 16, 6, -0.444366
70, 16, 7, -0.473029
70, 16, 8, -0.449688
70, 16, 9, -0.455768
70, 16, 10, -0.478352
70, 16, 11, -0.476649
70, 16, 12, -0.440461
70, 16, 13, -0.410107
70, 16, 14, -0.380085
70, 16, 15, -0.338879
70, 16, 16, -0.250724
70, 16, 17, -0.077621
70, 16, 18, 0.197841
70, 16, 19, 0.620412
70, 16, 20, 1.010910
70, 16, 21, 1.566127
70, 16, 22, 2.412398
70, 16, 23, 100.000000
70, 16, 24, 100.000000
70, 16, 25, 100.000000
70, 16, 26, 100.000000
70, 16, 27, 100.000000
70, 16, 28, 100.000000
70, 16, 29, 100.000000
70, 16, 30, 100.000000
70, 16, 31, 100.000000
70, 16, 32, 100.000000
70, 16, 33, 100.000000
70, 16, 34, 100.000000
70, 17, 0, 0.414226
70, 17, 1, -0.095132
70, 17, 2, -0.391395
70, 17, 3, -0.450983
70, 17, 4, -0.449947
70, 17, 5, -0.441430
70, 17, 6, -0.436366
70, 17, 7, -0.445859
70, 17, 8, -0.444853
70, 17, 9, -0.480876
70, 17, 10, -0.473605
70, 17, 11, -0.465548
70, 17, 12, -0.435674
70, 17, 13, -0.395461
70, 17, 14, -0.342714
70, 17, 15, -0.314201
70, 17, 16, -0.292845
70, 17, 17, -0.107962
70, 17, 18, 0.214634
70, 17, 19, 0.630882
70, 17, 20, 1.063423
70, 17, 21, 1.651573
70, 17, 22, 2.446342
70, 17, 23, 100.000000
70, 17, 24, 100.000000
70, 17, 25, 100.000000
70, 17, 26, 100.000000
70, 17, 27, 100.000000
70, 17, 28, 100.000000
70, 17, 29, 100.000000
70, 17, 30, 100.000000
70, 17, 31, 100.000000
70, 17, 32, 100.000000
70, 17, 33, 100.000000
70, 17, 34, 100.000000
70, 18, 0, 0.379821
70, 18, 1, -0.124552
70, 18, 2, -0.409696
70, 18, 3, -0.462473
70, 18, 4, -0.463527
70, 18, 5, -0.451850
70, 18, 6, -0.434220
70, 18, 7, -0.458638
70, 18, 8, -0.430469
70, 18, 9, -0.427568
70, 18, 10, -0.475507
70, 18, 11, -0.462329
70, 18, 12, -0.442470
70, 18, 13, -0.397950
70, 18, 14, -0.319503
70, 18, 15, -0.310808
70, 18, 16, -0.311284
70, 18, 17, -0.133630
70, 18, 18, 0.204406
70, 18, 19, 0.626372
70, 18, 20, 1.128489
70, 18, 21, 1.759812
70, 18, 22, 100.000000
70, 18, 23, 100.000000
70, 18, 24, 100.000000
70, 18, 25, 100.000000
70, 18, 26, 100.000000
70, 18, 27, 100.000000
70, 18, 28, 100.000000
70, 18, 29, 100.000000
70, 18, 30, 100.000000
70, 18, 31, 100.000000
70, 18, 32, 100.000000
70, 18, 33, 100.000000
70, 18, 34, 100.000000
70, 19, 0, 0.379502
70, 19, 1, -0.140098
70, 19, 2, -0.414448
70, 19, 3, -0.466961
70, 19, 4, -0.465064
70, 19, 5, -0.475036
70, 19, 6, -0.471355
70, 19, 7, -0.470417
70, 19, 8, -0.491248
70, 19, 9, -0.445918
70, 19, 10, -0.446866
70, 19, 11, -0.470250
70, 19, 12, -0.461022
70, 19, 13, -0.425822
70, 19, 14, -0.343330
70, 19, 15, -0.333029
70, 19, 16, -0.314902
70, 19, 17, -0.129797
70, 19, 18, 0.187232
70, 19, 19, 0.569600
70, 19, 20, 1.067351
70, 19, 21, 1.723678
70, 19, 22, 100.000000
70, 19, 23, 100.000000
70, 19, 24, 100.000000
70, 19, 25, 100.000000
70, 19, 26, 100.000000
70, 19, 27, 100.000000
70, 19, 28, 100.000000
70, 19, 29, 100.000000
70, 19, 30, 100.000000
70, 19, 31, 100.000000
70, 19, 32, 100.000000
70, 19, 33, 100.000000
70, 19, 34, 100.000000
70, 20, 0, 0.408662
70, 20, 1, -0.118908
70, 20, 2, -0.408962
70, 20, 3, -0.461283
70, 20, 4, -0.437173
70, 20, 5, -0.446179
70, 20, 6, -0.458926
70, 20, 7, -0.475739
70, 20, 8, -0.469004
70, 20, 9, -0.449617
70, 20, 10, -0.444743
70, 20, 11, -0.470283
70, 20, 12, -0.448927
70, 20, 13, -0.421248
70, 20, 14, -0.357031
70, 20, 15, -0.300908
70, 20, 16, -0.261617
70, 20, 17, -0.112525
70, 20, 18, 0.166577
70, 20, 19, 0.508568
70, 20, 20, 0.978079
70, 20, 21, 1.654173
70, 20, 22, 100.000000
70, 20, 23, 100.000000
70, 20, 24, 100.000000
70, 20, 25, 100.000000
70, 20, 26, 100.000000
70, 20, 27, 100.000000
70, 20, 28, 100.000000
70, 20, 29, 100.000000
70, 20, 30, 100.000000
70, 20, 31, 100.000000
70, 20, 32, 100.000000
70, 20, 33, 100.000000
70, 20, 34, 100.000000
70, 21, 0, 0.423804
70, 21, 1, -0.108783
70, 21, 2, -0.428000
70, 21, 3, -0.487337
70, 21, 4, -0.458903
70, 21, 5, -0.449326
70, 21, 6, -0.445981
70, 21, 7, -0.458834
70, 21, 8, -0.473887
70, 21, 9, -0.454743
70, 21, 10, -0.455574
70, 21, 11, -0.472400
70, 21, 12, -0.462077
70, 21, 13, -0.435293
70, 21, 14, -0.392083
70, 21, 15, -0.319344
70, 21, 16, -0.265678
70, 21, 17, -0.119246
70, 21, 18, 0.178592
70, 21, 19, 0.508965
70, 21, 20, 0.919040
70, 21, 21, 1.535161
70, 21, 22, 2.367164
70, 21, 23, 100.000000
70, 21, 24, 100.000000
70, 21, 25, 100.000000
70, 21, 26, 100.000000
70, 21, 27, 100.000000
70, 21, 28, 100.000000
70, 21, 29, 100.000000
70, 21, 30, 100.000000
70, 21, 31, 100.000000
70, 21, 32, 100.000000
70, 21, 33, 100.000000
70, 21, 34, 100.000000
70, 22, 0, 0.418158
70, 22, 1, -0.124375
70, 22, 2, -0.437600
70, 22, 3, -0.489922
70, 22, 4, -0.476583
70, 22, 5, -0.463573
70, 22, 6, -0.457562
70, 22, 7, -0.482040
70, 22, 8, -0.466034
70, 22, 9, -0.441842
70, 22, 10, -0.461980
70, 22, 11, -0.487453
70, 22, 12, -0.453945
70, 22, 13, -0.443222
70, 22, 14, -0.424021
70, 22, 15, -0.350222
70, 22, 16, -0.285373
70, 22, 17, -0.143964
70, 22, 18, 0.187150
70, 22, 19, 0.566976
70, 22, 20, 0.937651
70, 22, 21, 1.483556
70, 22, 22, 2.396919
70, 22, 23, 100.000000
70, 22, 24, 100.000000
70, 22, 25, 100.000000
70, 22, 26, 100.000000
70, 22, 27, 100.000000
70, 22, 28, 100.000000
70, 22, 29, 100.000000
70, 22, 30, 100.000000
70, 22, 31, 100.000000
70, 22, 32, 100.000000
70, 22, 33, 100.000000
70, 22, 34, 100.000000
70, 23, 0, 0.404038
70, 23, 1, -0.140165
70, 23, 2, -0.444986
70, 23, 3, -0.483543
70, 23, 4, -0.458556
70, 23, 5, -0.454583
70, 23, 6, -0.470395
70, 23, 7, -0.485843
70, 23, 8, -0.438052
70, 23, 9, -0.423230
70, 23, 10, -0.443305
70, 23, 11, -0.446779
70, 23, 12, -0.442919
70, 23, 13, -0.432200
70, 23, 14, -0.431714
70, 23, 15, -0.355582
70, 23, 16, -0.283194
70, 23, 17, -0.160091
70, 23, 18, 0.182707
70, 23, 19, 0.611835
70, 23, 20, 1.061989
70, 23, 21, 1.578575
70, 23, 22, 2.389112
70, 23, 23, 100.000000
70, 23, 24, 100.000000
70, 23, 25, 100.000000
70, 23, 26, 100.000000
70, 23, 27, 100.000000
70, 23, 28, 100.000000
70, 23, 29, 100.000000
70, 23, 30, 100.000000
70, 23, 31, 100.000000
70, 23, 32, 100.000000
70, 23, 33, 100.000000
70, 23, 34, 100.000000
70, 24, 0, 0.396947
70, 24, 1, -0.155663
70, 24, 2, -0.439143
70, 24, 3, -0.465602
70, 24, 4, -0.440756
70, 24, 5, -0.462768
70, 24, 6, -0.477848
70, 24, 7, -0.473260
70, 24, 8, -0.434718
70, 24, 9, -0.416127
70, 24, 10, -0.464040
70, 24, 11, -0.445441
70, 24, 12, -0.433611
70, 24, 13, -0.438554
70, 24, 14, -0.440426
70, 24, 15, -0.367500
70, 24, 16, -0.294790
70, 24, 17, -0.149964
70, 24, 18, 0.198844
70, 24, 19, 0.685803
70, 24, 20, 1.202386
70, 24, 21, 1.777149
70, 24, 22, 100.000000
70, 24, 23, 100.000000
70, 24, 24, 100.000000
70, 24, 25, 100.000000
70, 24, 26, 100.000000
70, 24, 27, 100.000000
70, 24, 28, 100.000000
70, 24, 29, 100.000000
70, 24, 30, 100.000000
70, 24, 31, 100.000000
70, 24, 32, 100.000000
70, 24, 33, 100.000000
70, 24, 34, 100.000000
70, 25, 0, 0.355324
70, 25, 1, -0.174623
70, 25, 2, -0.440041
70, 25, 3, -0.472526
70, 25, 4, -0.458459
70, 25, 5, -0.458941
70, 25, 6, -0.476942
70, 25, 7, -0.466911
70, 25, 8, -0.453413
70, 25, 9, -0.421238
70, 25, 10, -0.458535
70, 25, 11, -0.455529
70, 25, 12, -0.447684
70, 25, 13, -0.438554
70, 25, 14, -0.401483
70, 25, 15, -0.364407
70, 25, 16, -0.287562
70, 25, 17, -0.091449
70, 25, 18, 0.260974
70, 25, 19, 0.744462
70, 25, 20, 1.222478
70, 25, 21, 1.778805
70, 25, 22, 100.000000
70, 25, 23, 100.000000
70, 25, 24, 100.000000
70, 25, 25, 100.000000
70, 25, 26, 100.000000
70, 25, 27, 100.000000
70, 25, 28, 100.000000
70, 25, 29, 100.000000
70, 25, 30, 100.000000
70, 25, 31, 100.000000
70, 25, 32, 100.000000
70, 25, 33, 100.000000
70, 25, 34, 100.000000
70, 26, 0, 0.323951
70, 26, 1, -0.180245
70, 26, 2, -0.421126
70, 26, 3, -0.471347
70, 26, 4, -0.484734
70, 26, 5, -0.465409
70, 26, 6, -0.453592
70, 26, 7, -0.473276
70, 26, 8, -0.463259
70, 26, 9, -0.455915
70, 26, 10, -0.466462
70, 26, 11, -0.473761
70, 26, 12, -0.445206
70, 26, 13, -0.409760
70, 26, 14, -0.378375
70, 26, 15, -0.368411
70, 26, 16, -0.256414
70, 26, 17, -0.033366
70, 26, 18, 0.276911
70, 26, 19, 0.703971
70, 26, 20, 1.149062
70, 26, 21, 1.684701
70, 26, 22, 2.419880
70, 26, 23, 100.000000
70, 26, 24, 100.000000
70, 26, 25, 100.000000
70, 26, 26, 100.000000
70, 26, 27, 100.000000
70, 26, 28, 100.000000
70, 26, 29, 100.000000
70, 26, 30, 100.000000
70, 26, 31, 100.000000
70, 26, 32, 100.000000
70, 26, 33, 100.000000
70, 26, 34, 100.000000
70, 27, 0, 0.311111
70, 27, 1, -0.187904
70, 27, 2, -0.401082
70, 27, 3, -0.430469
70, 27, 4, -0.456929
70, 27, 5, -0.461375
70, 27, 6, -0.429299
70, 27, 7, -0.435866
70, 27, 8, -0.463733
70, 27, 9, -0.459118
70, 27, 10, -0.463601
70, 27, 11, -0.461565
70, 27, 12, -0.440488
70, 27, 13, -0.390329
70, 27, 14, -0.385703
70, 27, 15, -0.364161
70, 27, 16, -0.219243
70, 27, 17, -0.012738
70, 27, 18, 0.215024
70, 27, 19, 0.630428
70, 27, 20, 1.113842
70, 27, 21, 1.735690
70, 27, 22, 100.000000
70, 27, 23, 100.000000
70, 27, 24, 100.000000
70, 27, 25, 100.000000
70, 27, 26, 100.000000
70, 27, 27, 100.000000
70, 27, 28, 100.000000
70, 27, 29, 100.000000
70, 27, 30, 100.000000
70, 27, 31, 100.000000
70, 27, 32, 100.000000
70, 27, 33, 100.000000
70, 27, 34, 100.000000
70, 28, 0, 0.343006
70, 28, 1, -0.158002
70, 28, 2, -0.322130
70, 28, 3, -0.338750
70, 28, 4, -0.383068
70, 28, 5, -0.413833
70, 28, 6, -0.394857
70, 28, 7, -0.375523
70, 28, 8, -0.382428
70, 28, 9, -0.368584
70, 28, 10, -0.366050
70, 28, 11, -0.372158
70, 28, 12, -0.406782
70, 28, 13, -0.404330
70, 28, 14, -0.383601
70, 28, 15, -0.333826
70, 28, 16, -0.181551
70, 28, 17, -0.015714
70, 28, 18, 0.167412
70, 28, 19, 0.604165
70, 28, 20, 1.134127
70, 28, 21, 1.729450
70, 28, 22, 100.000000
70, 28, 23, 100.000000
70, 28, 24, 100.000000
70, 28, 25, 100.000000
70, 28, 26, 100.000000
70, 28, 27, 100.000000
70, 28, 28, 100.000000
70, 28, 29, 100.000000
70, 28, 30, 100.000000
70, 28, 31, 100.000000
70, 28, 32, 100.000000
70, 28, 33, 100.000000
70, 28, 34, 100.000000
70, 29, 0, 0.447216
70, 29, 1, 0.033777
70, 29, 2, -0.074930
70, 29, 3, -0.073014
70, 29, 4, -0.095876
70, 29, 5, -0.139886
70, 29, 6, -0.149566
70, 29, 7, -0.125998
70, 29, 8, -0.104772
70, 29, 9, -0.089688
70, 29, 10, -0.083110
70, 29, 11, -0.065499
70, 29, 12, -0.081820
70, 29, 13, -0.116886
70, 29, 14, -0.100396
70, 29, 15, -0.056685
70, 29, 16, 0.001656
70, 29, 17, 0.037195
70, 29, 18, 0.220153
70, 29, 19, 0.641374
70, 29, 20, 1.146804
70, 29, 21, 1.763820
70, 29, 22, 100.000000
70, 29, 23, 100.000000
70, 29, 24, 100.000000
70, 29, 25, 100.000000
70, 29, 26, 100.000000
70, 29, 27, 100.000000
70, 29, 28, 100.000000
70, 29, 29, 100.000000
70, 29, 30, 100.000000
70, 29, 31, 100.000000
70, 29, 32, 100.000000
70, 29, 33, 100.000000
70, 29, 34, 100.000000
71, 0, 0, 0.766940
71, 0, 1, 0.499352
71, 0, 2, 0.437792
71, 0, 3, 0.444780
71, 0, 4, 0.438772
71, 0, 5, 0.427278
71, 0, 6, 0.423007
71, 0, 7, 0.432791
71, 0, 8, 0.406176
71, 0, 9, 0.385584
71, 0, 10, 0.381826
71, 0, 11, 0.384924
71, 0, 12, 0.392288
71, 0, 13, 0.408092
71, 0, 14, 0.407864
71, 0, 15, 0.398741
71, 0, 16, 0.439200
71, 0, 17, 0.569131
71, 0, 18, 0.690674
71, 0, 19, 0.832306
71, 0, 20, 1.083854
71, 0, 21, 1.400039
71, 0, 22, 2.058552
71, 0, 23, 2.314026
71, 0, 24, 2.017823
71, 0, 25, 2.100024
71, 0, 26, 100.000000
71, 0, 27, 100.000000
71, 0, 28, 100.000000
71, 0, 29, 100.000000
71, 0, 30, 100.000000
71, 0, 31, 100.000000
71, 0, 32, 100.000000
71, 0, 33, 100.000000
71, 0, 34, 100.000000
71, 1, 0, 0.439255
71, 1, 1, 0.005810
71, 1, 2, -0.124621
71, 1, 3, -0.107965
71, 1, 4, -0.099362
71, 1, 5, -0.102855
71, 1, 6, -0.114956
71, 1, 7, -0.133367
71, 1, 8, -0.156371
71, 1, 9, -0.155082
71, 1, 10, -0.145031
71, 1, 11, -0.144246
71, 1, 12, -0.143298
71, 1, 13, -0.115424
71, 1, 14, -0.117590
71, 1, 15, -0.115797
71, 1, 16, -0.070374
71, 1, 17, 0.030829
71, 1, 18, 0.194319
71, 1, 19, 0.393936
71, 1, 20, 0.732489
71, 1, 21, 1.129660
71, 1, 22, 1.626013
71, 1, 23, 2.217146
71, 1, 24, 1.910227
71, 1, 25, 1.995974
71, 1, 26, 2.441187
71, 1, 27, 100.000000
71, 1, 28, 100.000000
71, 1, 29, 100.000000
71, 1, 30, 100.000000
71, 1, 31, 100.000000
71, 1, 32, 100.000000
71, 1, 33, 100.000000
71, 1, 34, 100.000000
71, 2, 0, 0.361512
71, 2, 1, -0.152626
71, 2, 2, -0.443469
71, 2, 3, -0.436224
71, 2, 4, -0.439189
71, 2, 5, -0.424073
71, 2, 6, -0.417105
71, 2, 7, -0.436442
71, 2, 8, -0.443575
71, 2, 9, -0.408230
71, 2, 10, -0.375186
71, 2, 11, -0.374972
71, 2, 12, -0.432290
71, 2, 13, -0.434059
71, 2, 14, -0.386018
71, 2, 15, -0.372151
71, 2, 16, -0.304642
71, 2, 17, -0.165563
71, 2, 18, 0.017616
71, 2, 19, 0.241222
71, 2, 20, 0.585095
71, 2, 21, 1.054423
71, 2, 22, 1.599187
71, 2, 23, 2.310197
71, 2, 24, 2.197954
71, 2, 25, 2.274824
71, 2, 26, 100.000000
71, 2, 27, 100.000000
71, 2, 28, 100.000000
71, 2, 29, 100.000000
71, 2, 30, 100.000000
71, 2, 31, 100.000000
71, 2, 32, 100.000000
71, 2, 33, 100.000000
71, 2, 34, 100.000000
71, 3, 0, 0.335723
71, 3, 1, -0.158711
71, 3, 2, -0.425752
71, 3, 3, -0.456037
71, 3, 4, -0.467840
71, 3, 5, -0.468679
71, 3, 6, -0.474655
71, 3, 7, -0.474328
71, 3, 8, -0.466870
71, 3, 9, -0.463481
71, 3, 10, -0.406502
71, 3, 11, -0.363283
71, 3, 12, -0.439398
71, 3, 13, -0.452742
71, 3, 14, -0.419225
71, 3, 15, -0.401992
71, 3, 16, -0.317575
71, 3, 17, -0.129189
71, 3, 18, 0.019129
71, 3, 19, 0.170493
71, 3, 20, 0.505115
71, 3, 21, 1.033507
71, 3, 22, 1.513278
71, 3, 23, 2.442842
71, 3, 24, 100.000000
71, 3, 25, 100.000000
71, 3, 26, 100.000000
71, 3, 27, 100.000000
71, 3, 28, 100.000000
71, 3, 29, 100.000000
71, 3, 30, 100.000000
71, 3, 31, 100.000000
71, 3, 32, 100.000000
71, 3, 33, 100.000000
71, 3, 34, 100.000000
71, 4, 0, 0.325347
71, 4, 1, -0.160396
71, 4, 2, -0.429544
71, 4, 3, -0.462612
71, 4, 4, -0.473128
71, 4, 5, -0.469009
71, 4, 6, -0.476857
71, 4, 7, -0.478182
71, 4, 8, -0.453602
71, 4, 9, -0.427223
71, 4, 10, -0.390096
71, 4, 11, -0.378831
71, 4, 12, -0.452930
71, 4, 13, -0.467747
71, 4, 14, -0.436506
71, 4, 15, -0.388901
71, 4, 16, -0.286058
71, 4, 17, -0.115589
71, 4, 18, -0.031092
71, 4, 19, 0.073960
71, 4, 20, 0.399307
71, 4, 21, 0.907613
71, 4, 22, 1.355135
71, 4, 23, 2.014523
71, 4, 24, 100.000000
71, 4, 25, 100.000000
71, 4, 26, 100.000000
71, 4, 27, 100.000000
71, 4, 28, 100.000000
71, 4, 29, 100.000000
71, 4, 30, 100.000000
71, 4, 31, 100.000000
71, 4, 32, 100.000000
71, 4, 33, 100.000000
71, 4, 34, 100.000000
71, 5, 0, 0.349829
71, 5, 1, -0.133594
71, 5, 2, -0.418342
71, 5, 3, -0.472589
71, 5, 4, -0.474938
71, 5, 5, -0.458728
71, 5, 6, -0.451691
71, 5, 7, -0.447528
71, 5, 8, -0.398697
71, 5, 9, -0.396475
71, 5, 10, -0.418239
71, 5, 11, -0.431301
71, 5, 12, -0.461722
71, 5, 13, -0.475272
71, 5, 14, -0.459227
71, 5, 15, -0.410775
71, 5, 16, -0.284796
71, 5, 17, -0.138763
71, 5, 18, -0.096430
71, 5, 19, -0.005152
71, 5, 20, 0.275643
71, 5, 21, 0.754950
71, 5, 22, 1.250606
71, 5, 23, 1.927751
71, 5, 24, 100.000000
71, 5, 25, 100.000000
71, 5, 26, 100.000000
71, 5, 27, 100.000000
71, 5, 28, 100.000000
71, 5, 29, 100.000000
71, 5, 30, 100.000000
71, 5, 31, 100.000000
71, 5, 32, 100.000000
71, 5, 33, 100.000000
71, 5, 34, 100.000000
71, 6, 0, 0.398366
71, 6, 1, -0.111314
71, 6, 2, -0.404119
71, 6, 3, -0.460828
71, 6, 4, -0.450805
71, 6, 5, -0.484128
71, 6, 6, -0.468556
71, 6, 7, -0.456109
71, 6, 8, -0.409180
71, 6, 9, -0.433938
71, 6, 10, -0.426471
71, 6, 11, -0.434115
71, 6, 12, -0.448778
71, 6, 13, -0.443731
71, 6, 14, -0.452935
71, 6, 15, -0.422258
71, 6, 16, -0.335132
71, 6, 17, -0.215616
71, 6, 18, -0.089043
71, 6, 19, 0.000681
71, 6, 20, 0.296444
71, 6, 21, 0.815687
71, 6, 22, 1.461086
71, 6, 23, 2.208884
71, 6, 24, 100.000000
71, 6, 25, 100.000000
71, 6, 26, 100.000000
71, 6, 27, 100.000000
71, 6, 28, 100.000000
71, 6, 29, 100.000000
71, 6, 30, 100.000000
71, 6, 31, 100.000000
71, 6, 32, 100.000000
71, 6, 33, 100.000000
71, 6, 34, 100.000000
71, 7, 0, 0.424421
71, 7, 1, -0.101845
71, 7, 2, -0.414810
71, 7, 3, -0.454355
71, 7, 4, -0.421919
71, 7, 5, -0.436898
71, 7, 6, -0.458225
71, 7, 7, -0.442784
71, 7, 8, -0.394649
71, 7, 9, -0.392382
71, 7, 10, -0.401397
71, 7, 11, -0.425128
71, 7, 12, -0.416529
71, 7, 13, -0.392498
71, 7, 14, -0.406023
71, 7, 15, -0.412975
71, 7, 16, -0.373099
71, 7, 17, -0.309315
71, 7, 18, -0.143598
71, 7, 19, 0.073406
71, 7, 20, 0.389268
71, 7, 21, 0.914332
71, 7, 22, 1.670176
71, 7, 23, 100.000000
71, 7, 24, 100.000000
71, 7, 25, 100.000000
71, 7, 26, 100.000000
71, 7, 27, 100.000000
71, 7, 28, 100.000000
71, 7, 29, 100.000000
71, 7, 30, 100.000000
71, 7, 31, 100.000000
71, 7, 32, 100.000000
71, 7, 33, 100.000000
71, 7, 34, 100.000000
71, 8, 0, 0.420005
71, 8, 1, -0.126534
71, 8, 2, -0.437943
71, 8, 3, -0.477919
71, 8, 4, -0.454261
71, 8, 5, -0.454407
71, 8, 6, -0.464837
71, 8, 7, -0.458741
71, 8, 8, -0.420641
71, 8, 9, -0.393198
71, 8, 10, -0.401362
71, 8, 11, -0.435160
71, 8, 12, -0.425890
71, 8, 13, -0.389657
71, 8, 14, -0.387110
71, 8, 15, -0.395147
71, 8, 16, -0.355092
71, 8, 17, -0.315443
71, 8, 18, -0.191376
71, 8, 19, 0.067921
71, 8, 20, 0.443983
71, 8, 21, 0.985960
71, 8, 22, 1.698282
71, 8, 23, 100.000000
71, 8, 24, 100.000000
71, 8, 25, 100.000000
71, 8, 26, 100.000000
71, 8, 27, 100.000000
71, 8, 28, 100.000000
71, 8, 29, 100.000000
71, 8, 30, 100.000000
71, 8, 31, 100.000000
71, 8, 32, 100.000000
71, 8, 33, 100.000000
71, 8, 34, 100.000000
71, 9, 0, 0.407984
71, 9, 1, -0.135519
71, 9, 2, -0.429760
71, 9, 3, -0.485669
71, 9, 4, -0.469701
71, 9, 5, -0.477157
71, 9, 6, -0.486941
71, 9, 7, -0.490431
71, 9, 8, -0.484029
71, 9, 9, -0.443025
71, 9, 10, -0.400609
71, 9, 11, -0.415765
71, 9, 12, -0.427068
71, 9, 13, -0.397650
71, 9, 14, -0.402016
71, 9, 15, -0.396376
71, 9, 16, -0.339744
71, 9, 17, -0.297147
71, 9, 18, -0.165142
71, 9, 19, 0.105960
71, 9, 20, 0.455930
71, 9, 21, 0.982468
71, 9, 22, 1.604870
71, 9, 23, 2.485090
71, 9, 24, 100.000000
71, 9, 25, 100.000000
71, 9, 26, 100.000000
71, 9, 27, 100.000000
71, 9, 28, 100.000000
71, 9, 29, 100.000000
71, 9, 30, 100.000000
71, 9, 31, 100.000000
71, 9, 32, 100.000000
71, 9, 33, 100.000000
71, 9, 34, 100.000000
71, 10, 0, 0.389223
71, 10, 1, -0.125393
71, 10, 2, -0.404193
71, 10, 3, -0.480125
71, 10, 4, -0.457687
71, 10, 5, -0.479427
71, 10, 6, -0.474948
71, 10, 7, -0.447529
71, 10, 8, -0.434734
71, 10, 9, -0.458904
71, 10, 10, -0.458137
71, 10, 11, -0.406160
71, 10, 12, -0.387839
71, 10, 13, -0.391289
71, 10, 14, -0.412813
71, 10, 15, -0.395183
71, 10, 16, -0.330649
71, 10, 17, -0.266145
71, 10, 18, -0.118122
71, 10, 19, 0.171313
71, 10, 20, 0.465446
71, 10, 21, 0.944746
71, 10, 22, 1.583349
71, 10, 23, 2.400482
71, 10, 24, 100.000000
71, 10, 25, 100.000000
71, 10, 26, 100.000000
71, 10, 27, 100.000000
71, 10, 28, 100.000000
71, 10, 29, 100.000000
71, 10, 30, 100.000000
71, 10, 31, 100.000000
71, 10, 32, 100.000000
71, 10, 33, 100.000000
71, 10, 34, 100.000000
71, 11, 0, 0.376643
71, 11, 1, -0.123237
71, 11, 2, -0.380294
71, 11, 3, -0.454474
71, 11, 4, -0.446186
71, 11, 5, -0.476392
71, 11, 6, -0.461257
71, 11, 7, -0.440482
71, 11, 8, -0.468325
71, 11, 9, -0.448560
71, 11, 10, -0.464077
71, 11, 11, -0.420455
71, 11, 12, -0.365367
71, 11, 13, -0.367821
71, 11, 14, -0.402311
71, 11, 15, -0.379212
71, 11, 16, -0.324131
71, 11, 17, -0.253508
71, 11, 18, -0.085431
71, 11, 19, 0.212960
71, 11, 20, 0.500566
71, 11, 21, 0.973987
71, 11, 22, 1.638563
71, 11, 23, 100.000000
71, 11, 24, 100.000000
71, 11, 25, 100.000000
71, 11, 26, 100.000000
71, 11, 27, 100.000000
71, 11, 28, 100.000000
71, 11, 29, 100.000000
71, 11, 30, 100.000000
71, 11, 31, 100.000000
71, 11, 32, 100.000000
71, 11, 33, 100.000000
71, 11, 34, 100.000000
71, 12, 0, 0.373469
71, 12, 1, -0.143169
71, 12, 2, -0.400851
71, 12, 3, -0.446061
71, 12, 4, -0.442268
71, 12, 5, -0.452614
71, 12, 6, -0.452116
71, 12, 7, -0.443412
71, 12, 8, -0.434319
71, 12, 9, -0.457158
71, 12, 10, -0.456990
71, 12, 11, -0.439101
71, 12, 12, -0.403249
71, 12, 13, -0.357118
71, 12, 14, -0.385604
71, 12, 15, -0.401543
71, 12, 16, -0.340494
71, 12, 17, -0.238808
71, 12, 18, -0.037637
71, 12, 19, 0.256576
71, 12, 20, 0.553987
71, 12, 21, 1.018399
71, 12, 22, 1.699034
71, 12, 23, 100.000000
71, 12, 24, 100.000000
71, 12, 25, 100.000000
71, 12, 26, 100.000000
71, 12, 27, 100.000000
71, 12, 28, 100.000000
71, 12, 29, 100.000000
71, 12, 30, 100.000000
71, 12, 31, 100.000000
71, 12, 32, 100.000000
71, 12, 33, 100.000000
71, 12, 34, 100.000000
71, 13, 0, 0.395274
71, 13, 1, -0.156020
71, 13, 2, -0.425825
71, 13, 3, -0.453419
71, 13, 4, -0.453023
71, 13, 5, -0.462625
71, 13, 6, -0.456087
71, 13, 7, -0.449181
71, 13, 8, -0.471090
71, 13, 9, -0.491816
71, 13, 10, -0.473112
71, 13, 11, -0.465382
71, 13, 12, -0.467272
71, 13, 13, -0.409595
71, 13, 14, -0.382964
71, 13, 15, -0.417516
71, 13, 16, -0.357965
71, 13, 17, -0.226452
71, 13, 18, 0.011621
71, 13, 19, 0.281712
71, 13, 20, 0.607668
71, 13, 21, 1.085732
71, 13, 22, 1.682069
71, 13, 23, 100.000000
71, 13, 24, 100.000000
71, 13, 25, 100.000000
71, 13, 26, 100.000000
71, 13, 27, 100.000000
71, 13, 28, 100.000000
71, 13, 29, 100.000000
71, 13, 30, 100.000000
71, 13, 31, 100.000000
71, 13, 32, 100.000000
71, 13, 33, 100.000000
71, 13, 34, 100.000000
71, 14, 0, 0.405979
71, 14, 1, -0.140701
71, 14, 2, -0.422904
71, 14, 3, -0.462451
71, 14, 4, -0.465290
71, 14, 5, -0.481878
71, 14, 6, -0.445895
71, 14, 7, -0.437021
71, 14, 8, -0.455217
71, 14, 9, -0.454963
71, 14, 10, -0.460957
71, 14, 11, -0.482458
71, 14, 12, -0.475778
71, 14, 13, -0.414438
71, 14, 14, -0.393712
71, 14, 15, -0.413878
71, 14, 16, -0.359731
71, 14, 17, -0.223668
71, 14, 18, 0.022035
71, 14, 19, 0.324770
71, 14, 20, 0.655436
71, 14, 21, 1.175160
71, 14, 22, 1.788987
71, 14, 23, 100.000000
71, 14, 24, 100.000000
71, 14, 25, 100.000000
71, 14, 26, 100.000000
71, 14, 27, 100.000000
71, 14, 28, 100.000000
71, 14, 29, 100.000000
71, 14, 30, 100.000000
71, 14, 31, 100.000000
71, 14, 32, 100.000000
71, 14, 33, 100.000000
71, 14, 34, 100.000000
71, 15, 0, 0.407278
71, 15, 1, -0.112842
71, 15, 2, -0.411186
71, 15, 3, -0.478332
71, 15, 4, -0.480237
71, 15, 5, -0.475675
71, 15, 6, -0.456037
71, 15, 7, -0.442841
71, 15, 8, -0.451670
71, 15, 9, -0.473327
71, 15, 10, -0.457516
71, 15, 11, -0.465376
71, 15, 12, -0.468378
71, 15, 13, -0.428284
71, 15, 14, -0.406508
71, 15, 15, -0.396478
71, 15, 16, -0.357336
71, 15, 17, -0.228630
71, 15, 18, 0.007093
71, 15, 19, 0.369874
71, 15, 20, 0.756782
71, 15, 21, 1.243674
71, 15, 22, 1.894279
71, 15, 23, 100.000000
71, 15, 24, 100.000000
71, 15, 25, 100.000000
71, 15, 26, 100.000000
71, 15, 27, 100.000000
71, 15, 28, 100.000000
71, 15, 29, 100.000000
71, 15, 30, 100.000000
71, 15, 31, 100.000000
71, 15, 32, 100.000000
71, 15, 33, 100.000000
71, 15, 34, 100.000000
71, 16, 0, 0.421923
71, 16, 1, -0.095628
71, 16, 2, -0.383402
71, 16, 3, -0.427406
71, 16, 4, -0.447984
71, 16, 5, -0.471374
71, 16, 6, -0.477479
71, 16, 7, -0.455874
71, 16, 8, -0.452605
71, 16, 9, -0.445216
71, 16, 10, -0.452915
71, 16, 11, -0.475393
71, 16, 12, -0.474366
71, 16, 13, -0.424944
71, 16, 14, -0.390783
71, 16, 15, -0.372206
71, 16, 16, -0.336007
71, 16, 17, -0.228729
71, 16, 18, 0.000789
71, 16, 19, 0.350398
71, 16, 20, 0.723178
71, 16, 21, 1.163291
71, 16, 22, 1.887053
71, 16, 23, 100.000000
71, 16, 24, 100.000000
71, 16, 25, 100.000000
71, 16, 26, 100.000000
71, 16, 27, 100.000000
71, 16, 28, 100.000000
71, 16, 29, 100.000000
71, 16, 30, 100.000000
71, 16, 31, 100.000000
71, 16, 32, 100.000000
71, 16, 33, 100.000000
71, 16, 34, 100.000000
71, 17, 0, 0.415110
71, 17, 1, -0.094057
71, 17, 2, -0.393316
71, 17, 3, -0.436119
71, 17, 4, -0.447228
71, 17, 5, -0.482378
71, 17, 6, -0.464751
71, 17, 7, -0.453491
71, 17, 8, -0.471409
71, 17, 9, -0.486109
71, 17, 10, -0.476117
71, 17, 11, -0.463802
71, 17, 12, -0.446601
71, 17, 13, -0.444966
71, 17, 14, -0.384382
71, 17, 15, -0.340944
71, 17, 16, -0.342537
71, 17, 17, -0.244933
71, 17, 18, 0.005783
71, 17, 19, 0.324994
71, 17, 20, 0.704660
71, 17, 21, 1.167924
71, 17, 22, 1.730978
71, 17, 23, 2.458129
71, 17, 24, 100.000000
71, 17, 25, 100.000000
71, 17, 26, 100.000000
71, 17, 27, 100.000000
71, 17, 28, 100.000000
71, 17, 29, 100.000000
71, 17, 30, 100.000000
71, 17, 31, 100.000000
71, 17, 32, 100.000000
71, 17, 33, 100.000000
71, 17, 34, 100.000000
71, 18, 0, 0.398319
71, 18, 1, -0.108597
71, 18, 2, -0.406546
71, 18, 3, -0.476175
71, 18, 4, -0.458791
71, 18, 5, -0.440758
71, 18, 6, -0.456739
71, 18, 7, -0.444673
71, 18, 8, -0.443959
71, 18, 9, -0.450067
71, 18, 10, -0.466332
71, 18, 11, -0.459004
71, 18, 12, -0.428880
71, 18, 13, -0.410991
71, 18, 14, -0.332676
71, 18, 15, -0.301290
71, 18, 16, -0.325502
71, 18, 17, -0.245267
71, 18, 18, -0.003009
71, 18, 19, 0.303198
71, 18, 20, 0.730807
71, 18, 21, 1.266624
71, 18, 22, 1.793799
71, 18, 23, 2.452366
71, 18, 24, 100.000000
71, 18, 25, 100.000000
71, 18, 26, 100.000000
71, 18, 27, 100.000000
71, 18, 28, 100.000000
71, 18, 29, 100.000000
71, 18, 30, 100.000000
71, 18, 31, 100.000000
71, 18, 32, 100.000000
71, 18, 33, 100.000000
71, 18, 34, 100.000000
71, 19, 0, 0.391548
71, 19, 1, -0.130094
71, 19, 2, -0.415054
71, 19, 3, -0.487188
71, 19, 4, -0.476822
71, 19, 5, -0.429820
71, 19, 6, -0.426266
71, 19, 7, -0.426442
71, 19, 8, -0.437281
71, 19, 9, -0.435553
71, 19, 10, -0.440292
71, 19, 11, -0.445496
71, 19, 12, -0.423294
71, 19, 13, -0.400422
71, 19, 14, -0.341156
71, 19, 15, -0.292285
71, 19, 16, -0.288081
71, 19, 17, -0.209092
71, 19, 18, -0.020651
71, 19, 19, 0.270720
71, 19, 20, 0.733058
71, 19, 21, 1.310590
71, 19, 22, 2.018691
71, 19, 23, 100.000000
71, 19, 24, 100.000000
71, 19, 25, 100.000000
71, 19, 26, 100.000000
71, 19, 27, 100.000000
71, 19, 28, 100.000000
71, 19, 29, 100.000000
71, 19, 30, 100.000000
71, 19, 31, 100.000000
71, 19, 32, 100.000000
71, 19, 33, 100.000000
71, 19, 34, 100.000000
71, 20, 0, 0.418183
71, 20, 1, -0.115478
71, 20, 2, -0.407663
71, 20, 3, -0.452657
71, 20, 4, -0.439110
71, 20, 5, -0.486698
71, 20, 6, -0.445283
71, 20, 7, -0.466887
71, 20, 8, -0.442437
71, 20, 9, -0.426215
71, 20, 10, -0.445700
71, 20, 11, -0.460243
71, 20, 12, -0.448204
71, 20, 13, -0.427222
71, 20, 14, -0.367798
71, 20, 15, -0.298614
71, 20, 16, -0.257710
71, 20, 17, -0.171511
71, 20, 18, -0.008140
71, 20, 19, 0.241476
71, 20, 20, 0.687759
71, 20, 21, 1.354025
71, 20, 22, 2.085386
71, 20, 23, 100.000000
71, 20, 24, 100.000000
71, 20, 25, 100.000000
71, 20, 26, 100.000000
71, 20, 27, 100.000000
71, 20, 28, 100.000000
71, 20, 29, 100.000000
71, 20, 30, 100.000000
71, 20, 31, 100.000000
71, 20, 32, 100.000000
71, 20, 33, 100.000000
71, 20, 34, 100.000000
71, 21, 0, 0.423510
71, 21, 1, -0.104130
71, 21, 2, -0.402805
71, 21, 3, -0.478035
71, 21, 4, -0.451254
71, 21, 5, -0.433675
71, 21, 6, -0.457663
71, 21, 7, -0.446121
71, 21, 8, -0.444512
71, 21, 9, -0.445071
71, 21, 10, -0.469202
71, 21, 11, -0.477629
71, 21, 12, -0.464029
71, 21, 13, -0.444173
71, 21, 14, -0.410215
71, 21, 15, -0.356990
71, 21, 16, -0.302185
71, 21, 17, -0.184141
71, 21, 18, 0.005906
71, 21, 19, 0.238750
71, 21, 20, 0.637664
71, 21, 21, 1.213815
71, 21, 22, 1.996547
71, 21, 23, 100.000000
71, 21, 24, 100.000000
71, 21, 25, 100.000000
71, 21, 26, 100.000000
71, 21, 27, 100.000000
71, 21, 28, 100.000000
71, 21, 29, 100.000000
71, 21, 30, 100.000000
71, 21, 31, 100.000000
71, 21, 32, 100.000000
71, 21, 33, 100.000000
71, 21, 34, 100.000000
71, 22, 0, 0.409813
71, 22, 1, -0.122247
71, 22, 2, -0.428387
71, 22, 3, -0.472897
71, 22, 4, -0.476998
71, 22, 5, -0.451814
71, 22, 6, -0.463814
71, 22, 7, -0.464837
71, 22, 8, -0.455876
71, 22, 9, -0.462137
71, 22, 10, -0.478201
71, 22, 11, -0.474190
71, 22, 12, -0.456145
71, 22, 13, -0.434404
71, 22, 14, -0.431647
71, 22, 15, -0.388661
71, 22, 16, -0.325561
71, 22, 17, -0.206779
71, 22, 18, 0.024366
71, 22, 19, 0.289881
71, 22, 20, 0.640182
71, 22, 21, 1.118005
71, 22, 22, 1.802581
71, 22, 23, 100.000000
71, 22, 24, 100.000000
71, 22, 25, 100.000000
71, 22, 26, 100.000000
71, 22, 27, 100.000000
71, 22, 28, 100.000000
71, 22, 29, 100.000000
71, 22, 30, 100.000000
71, 22, 31, 100.000000
71, 22, 32, 100.000000
71, 22, 33, 100.000000
71, 22, 34, 100.000000
71, 23, 0, 0.394045
71, 23, 1, -0.144091
71, 23, 2, -0.446407
71, 23, 3, -0.465038
71, 23, 4, -0.462723
71, 23, 5, -0.442816
71, 23, 6, -0.452005
71, 23, 7, -0.472791
71, 23, 8, -0.441649
71, 23, 9, -0.449874
71, 23, 10, -0.445172
71, 23, 11, -0.446935
71, 23, 12, -0.423460
71, 23, 13, -0.423624
71, 23, 14, -0.431705
71, 23, 15, -0.377176
71, 23, 16, -0.332748
71, 23, 17, -0.229914
71, 23, 18, 0.023316
71, 23, 19, 0.346672
71, 23, 20, 0.700266
71, 23, 21, 1.167508
71, 23, 22, 1.849305
71, 23, 23, 100.000000
71, 23, 24, 100.000000
71, 23, 25, 100.000000
71, 23, 26, 100.000000
71, 23, 27, 100.000000
71, 23, 28, 100.000000
71, 23, 29, 100.000000
71, 23, 30, 100.000000
71, 23, 31, 100.000000
71, 23, 32, 100.000000
71, 23, 33, 100.000000
71, 23, 34, 100.000000
71, 24, 0, 0.396606
71, 24, 1, -0.148717
71, 24, 2, -0.435685
71, 24, 3, -0.447308
71, 24, 4, -0.461992
71, 24, 5, -0.467878
71, 24, 6, -0.451953
71, 24, 7, -0.480681
71, 24, 8, -0.432332
71, 24, 9, -0.453787
71, 24, 10, -0.471057
71, 24, 11, -0.465587
71, 24, 12, -0.428435
71, 24, 13, -0.424450
71, 24, 14, -0.415619
71, 24, 15, -0.382963
71, 24, 16, -0.357425
71, 24, 17, -0.240268
71, 24, 18, 0.014476
71, 24, 19, 0.392848
71, 24, 20, 0.783778
71, 24, 21, 1.271589
71, 24, 22, 1.953316
71, 24, 23, 100.000000
71, 24, 24, 100.000000
71, 24, 25, 100.000000
71, 24, 26, 100.000000
71, 24, 27, 100.000000
71, 24, 28, 100.000000
71, 24, 29, 100.000000
71, 24, 30, 100.000000
71, 24, 31, 100.000000
71, 24, 32, 100.000000
71, 24, 33, 100.000000
71, 24, 34, 100.000000
71, 25, 0, 0.365482
71, 25, 1, -0.163865
71, 25, 2, -0.440885
71, 25, 3, -0.450854
71, 25, 4, -0.448452
71, 25, 5, -0.448505
71, 25, 6, -0.466452
71, 25, 7, -0.478674
71, 25, 8, -0.455854
71, 25, 9, -0.447886
71, 25, 10, -0.456960
71, 25, 11, -0.453966
71, 25, 12, -0.450024
71, 25, 13, -0.410032
71, 25, 14, -0.385684
71, 25, 15, -0.386973
71, 25, 16, -0.357292
71, 25, 17, -0.208626
71, 25, 18, 0.016583
71, 25, 19, 0.404327
71, 25, 20, 0.810909
71, 25, 21, 1.270722
71, 25, 22, 1.933655
71, 25, 23, 100.000000
71, 25, 24, 100.000000
71, 25, 25, 100.000000
71, 25, 26, 100.000000
71, 25, 27, 100.000000
71, 25, 28, 100.000000
71, 25, 29, 100.000000
71, 25, 30, 100.000000
71, 25, 31, 100.000000
71, 25, 32, 100.000000
71, 25, 33, 100.000000
71, 25, 34, 100.000000
71, 26, 0, 0.328824
71, 26, 1, -0.185093
71, 26, 2, -0.438991
71, 26, 3, -0.466341
71, 26, 4, -0.476529
71, 26, 5, -0.464682
71, 26, 6, -0.443388
71, 26, 7, -0.459503
71, 26, 8, -0.479129
71, 26, 9, -0.467507
71, 26, 10, -0.472385
71, 26, 11, -0.456515
71, 26, 12, -0.463131
71, 26, 13, -0.399766
71, 26, 14, -0.384226
71, 26, 15, -0.389331
71, 26, 16, -0.309707
71, 26, 17, -0.175017
71, 26, 18, 0.017316
71, 26, 19, 0.368234
71, 26, 20, 0.779432
71, 26, 21, 1.272547
71, 26, 22, 2.037985
71, 26, 23, 100.000000
71, 26, 24, 100.000000
71, 26, 25, 100.000000
71, 26, 26, 100.000000
71, 26, 27, 100.000000
71, 26, 28, 100.000000
71, 26, 29, 100.000000
71, 26, 30, 100.000000
71, 26, 31, 100.000000
71, 26, 32, 100.000000
71, 26, 33, 100.000000
71, 26, 34, 100.000000
71, 27, 0, 0.324375
71, 27, 1, -0.179334
71, 27, 2, -0.399285
71, 27, 3, -0.439802
71, 27, 4, -0.467571
71, 27, 5, -0.489519
71, 27, 6, -0.456844
71, 27, 7, -0.466862
71, 27, 8, -0.470054
71, 27, 9, -0.454604
71, 27, 10, -0.463221
71, 27, 11, -0.456303
71, 27, 12, -0.479175
71, 27, 13, -0.404774
71, 27, 14, -0.389341
71, 27, 15, -0.360705
71, 27, 16, -0.259518
71, 27, 17, -0.164760
71, 27, 18, -0.008035
71, 27, 19, 0.315720
71, 27, 20, 0.792705
71, 27, 21, 1.373175
71, 27, 22, 2.138084
71, 27, 23, 100.000000
71, 27, 24, 100.000000
71, 27, 25, 100.000000
71, 27, 26, 100.000000
71, 27, 27, 100.000000
71, 27, 28, 100.000000
71, 27, 29, 100.000000
71, 27, 30, 100.000000
71, 27, 31, 100.000000
71, 27, 32, 100.000000
71, 27, 33, 100.000000
71, 27, 34, 100.000000
71, 28, 0, 0.351137
71, 28, 1, -0.128711
71, 28, 2, -0.300645
71, 28, 3, -0.329180
71, 28, 4, -0.388290
71, 28, 5, -0.429141
71, 28, 6, -0.421135
71, 28, 7, -0.412760
71, 28, 8, -0.408011
71, 28, 9, -0.379081
71, 28, 10, -0.362621
71, 28, 11, -0.354778
71, 28, 12, -0.387191
71, 28, 13, -0.398439
71, 28, 14, -0.388966
71, 28, 15, -0.327324
71, 28, 16, -0.224832
71, 28, 17, -0.162931
71, 28, 18, -0.052603
71, 28, 19, 0.289086
71, 28, 20, 0.831850
71, 28, 21, 1.467917
71, 28, 22, 2.170461
71, 28, 23, 100.000000
71, 28, 24, 100.000000
71, 28, 25, 100.000000
71, 28, 26, 100.000000
71, 28, 27, 100.000000
71, 28, 28, 100.000000
71, 28, 29, 100.000000
71, 28, 30, 100.000000
71, 28, 31, 100.000000
71, 28, 32, 100.000000
71, 28, 33, 100.000000
71, 28, 34, 100.000000
71, 29, 0, 0.427270
71, 29, 1, 0.046420
71, 29, 2, -0.045133
71, 29, 3, -0.055191
71, 29, 4, -0.093582
71, 29, 5, -0.131679
71, 29, 6, -0.134747
71, 29, 7, -0.125244
71, 29, 8, -0.127052
71, 29, 9, -0.115555
71, 29, 10, -0.092064
71, 29, 11, -0.068783
71, 29, 12, -0.069405
71, 29, 13, -0.091131
71, 29, 14, -0.090394
71, 29, 15, -0.058745
71, 29, 16, -0.045809
71, 29, 17, -0.058646
71, 29, 18, 0.026765
71, 29, 19, 0.357579
71, 29, 20, 0.869552
71, 29, 21, 1.445272
71, 29, 22, 2.184360
71, 29, 23, 100.000000
71, 29, 24, 100.000000
71, 29, 25, 100.000000
71, 29, 26, 100.000000
71, 29, 27, 100.000000
71, 29, 28, 100.000000
71, 29, 29, 100.000000
71, 29, 30, 100.000000
71, 29, 31, 100.000000
71, 29, 32, 100.000000
71, 29, 33, 100.000000
71, 29, 34, 100.000000
72, 0, 0, 0.778156
72, 0, 1, 0.498436
72, 0, 2, 0.435440
72, 0, 3, 0.446496
72, 0, 4, 0.458097
72, 0, 5, 0.446689
72, 0, 6, 0.436250
72, 0, 7, 0.446121
72, 0, 8, 0.405707
72, 0, 9, 0.377121
72, 0, 10, 0.390850
72, 0, 11, 0.393839
72, 0, 12, 0.388448
72, 0, 13, 0.407065
72, 0, 14, 0.418474
72, 0, 15, 0.390126
72, 0, 16, 0.403374
72, 0, 17, 0.516911
72, 0, 18, 0.617070
72, 0, 19, 0.678509
72, 0, 20, 0.832115
72, 0, 21, 1.210857
72, 0, 22, 1.728463
72, 0, 23, 1.538668
72, 0, 24, 1.105312
72, 0, 25, 1.231392
72, 0, 26, 1.827748
72, 0, 27, 100.000000
72, 0, 28, 100.000000
72, 0, 29, 100.000000
72, 0, 30, 100.000000
72, 0, 31, 100.000000
72, 0, 32, 100.000000
72, 0, 33, 100.000000
72, 0, 34, 100.000000
72, 1, 0, 0.451877
72, 1, 1, 0.021758
72, 1, 2, -0.096563
72, 1, 3, -0.085065
72, 1, 4, -0.084174
72, 1, 5, -0.077540
72, 1, 6, -0.070303
72, 1, 7, -0.091104
72, 1, 8, -0.136707
72, 1, 9, -0.151568
72, 1, 10, -0.125957
72, 1, 11, -0.126204
72, 1, 12, -0.132543
72, 1, 13, -0.133351
72, 1, 14, -0.131413
72, 1, 15, -0.148367
72, 1, 16, -0.111539
72, 1, 17, -0.022698
72, 1, 18, 0.082431
72, 1, 19, 0.175461
72, 1, 20, 0.422734
72, 1, 21, 0.840624
72, 1, 22, 1.276297
72, 1, 23, 0.916367
72, 1, 24, 0.930660
72, 1, 25, 1.070822
72, 1, 26, 1.710922
72, 1, 27, 100.000000
72, 1, 28, 100.000000
72, 1, 29, 100.000000
72, 1, 30, 100.000000
72, 1, 31, 100.000000
72, 1, 32, 100.000000
72, 1, 33, 100.000000
72, 1, 34, 100.000000
72, 2, 0, 0.380586
72, 2, 1, -0.128364
72, 2, 2, -0.412029
72, 2, 3, -0.412853
72, 2, 4, -0.418843
72, 2, 5, -0.420644
72, 2, 6, -0.404221
72, 2, 7, -0.405631
72, 2, 8, -0.410765
72, 2, 9, -0.405618
72, 2, 10, -0.368272
72, 2, 11, -0.362436
72, 2, 12, -0.411798
72, 2, 13, -0.439407
72, 2, 14, -0.385564
72, 2, 15, -0.385269
72, 2, 16, -0.349250
72, 2, 17, -0.247926
72, 2, 18, -0.146857
72, 2, 19, -0.032680
72, 2, 20, 0.252011
72, 2, 21, 0.724982
72, 2, 22, 1.124919
72, 2, 23, 1.076449
72, 2, 24, 1.375247
72, 2, 25, 1.484249
72, 2, 26, 2.021495
72, 2, 27, 100.000000
72, 2, 28, 100.000000
72, 2, 29, 100.000000
72, 2, 30, 100.000000
72, 2, 31, 100.000000
72, 2, 32, 100.000000
72, 2, 33, 100.000000
72, 2, 34, 100.000000
72, 3, 0, 0.358090
72, 3, 1, -0.130345
72, 3, 2, -0.413225
72, 3, 3, -0.428752
72, 3, 4, -0.435690
72, 3, 5, -0.459469
72, 3, 6, -0.476724
72, 3, 7, -0.447897
72, 3, 8, -0.435423
72, 3, 9, -0.447989
72, 3, 10, -0.442668
72, 3, 11, -0.398787
72, 3, 12, -0.416889
72, 3, 13, -0.418626
72, 3, 14, -0.415209
72, 3, 15, -0.421928
72, 3, 16, -0.380925
72, 3, 17, -0.252026
72, 3, 18, -0.177291
72, 3, 19, -0.093940
72, 3, 20, 0.222518
72, 3, 21, 0.701132
72, 3, 22, 1.119769
72, 3, 23, 1.685489
72, 3, 24, 2.143163
72, 3, 25, 2.221581
72, 3, 26, 100.000000
72, 3, 27, 100.000000
72, 3, 28, 100.000000
72, 3, 29, 100.000000
72, 3, 30, 100.000000
72, 3, 31, 100.000000
72, 3, 32, 100.000000
72, 3, 33, 100.000000
72, 3, 34, 100.000000
72, 4, 0, 0.334498
72, 4, 1, -0.144462
72, 4, 2, -0.424417
72, 4, 3, -0.468425
72, 4, 4, -0.476320
72, 4, 5, -0.455321
72, 4, 6, -0.454204
72, 4, 7, -0.456194
72, 4, 8, -0.448822
72, 4, 9, -0.476643
72, 4, 10, -0.416636
72, 4, 11, -0.382838
72, 4, 12, -0.410573
72, 4, 13, -0.429095
72, 4, 14, -0.433766
72, 4, 15, -0.412931
72, 4, 16, -0.367848
72, 4, 17, -0.231567
72, 4, 18, -0.226282
72, 4, 19, -0.158486
72, 4, 20, 0.137098
72, 4, 21, 0.624310
72, 4, 22, 1.003811
72, 4, 23, 1.552121
72, 4, 24, 2.362815
72, 4, 25, 100.000000
72, 4, 26, 100.000000
72, 4, 27, 100.000000
72, 4, 28, 100.000000
72, 4, 29, 100.000000
72, 4, 30, 100.000000
72, 4, 31, 100.000000
72, 4, 32, 100.000000
72, 4, 33, 100.000000
72, 4, 34, 100.000000
72, 5, 0, 0.349578
72, 5, 1, -0.131374
72, 5, 2, -0.414945
72, 5, 3, -0.486975
72, 5, 4, -0.478248
72, 5, 5, -0.473068
72, 5, 6, -0.470399
72, 5, 7, -0.469001
72, 5, 8, -0.446218
72, 5, 9, -0.444010
72, 5, 10, -0.406581
72, 5, 11, -0.397556
72, 5, 12, -0.418547
72, 5, 13, -0.429831
72, 5, 14, -0.414476
72, 5, 15, -0.405784
72, 5, 16, -0.338710
72, 5, 17, -0.242269
72, 5, 18, -0.247537
72, 5, 19, -0.207639
72, 5, 20, 0.036098
72, 5, 21, 0.510956
72, 5, 22, 0.948074
72, 5, 23, 1.499473
72, 5, 24, 2.331315
72, 5, 25, 100.000000
72, 5, 26, 100.000000
72, 5, 27, 100.000000
72, 5, 28, 100.000000
72, 5, 29, 100.000000
72, 5, 30, 100.000000
72, 5, 31, 100.000000
72, 5, 32, 100.000000
72, 5, 33, 100.000000
72, 5, 34, 100.000000
72, 6, 0, 0.375008
72, 6, 1, -0.127265
72, 6, 2, -0.403871
72, 6, 3, -0.473739
72, 6, 4, -0.450585
72, 6, 5, -0.460581
72, 6, 6, -0.463201
72, 6, 7, -0.463009
72, 6, 8, -0.435928
72, 6, 9, -0.422400
72, 6, 10, -0.396123
72, 6, 11, -0.385222
72, 6, 12, -0.391933
72, 6, 13, -0.388715
72, 6, 14, -0.400545
72, 6, 15, -0.395230
72, 6, 16, -0.338856
72, 6, 17, -0.290850
72, 6, 18, -0.236550
72, 6, 19, -0.206047
72, 6, 20, 0.045249
72, 6, 21, 0.523474
72, 6, 22, 1.124689
72, 6, 23, 1.786932
72, 6, 24, 100.000000
72, 6, 25, 100.000000
72, 6, 26, 100.000000
72, 6, 27, 100.000000
72, 6, 28, 100.000000
72, 6, 29, 100.000000
72, 6, 30, 100.000000
72, 6, 31, 100.000000
72, 6, 32, 100.000000
72, 6, 33, 100.000000
72, 6, 34, 100.000000
72, 7, 0, 0.390588
72, 7, 1, -0.133343
72, 7, 2, -0.398843
72, 7, 3, -0.452672
72, 7, 4, -0.434368
72, 7, 5, -0.436354
72, 7, 6, -0.455112
72, 7, 7, -0.465014
72, 7, 8, -0.436475
72, 7, 9, -0.421611
72, 7, 10, -0.402746
72, 7, 11, -0.406488
72, 7, 12, -0.404358
72, 7, 13, -0.386094
72, 7, 14, -0.377889
72, 7, 15, -0.381302
72, 7, 16, -0.357367
72, 7, 17, -0.342527
72, 7, 18, -0.255851
72, 7, 19, -0.143763
72, 7, 20, 0.113204
72, 7, 21, 0.617366
72, 7, 22, 1.278760
72, 7, 23, 1.981355
72, 7, 24, 100.000000
72, 7, 25, 100.000000
72, 7, 26, 100.000000
72, 7, 27, 100.000000
72, 7, 28, 100.000000
72, 7, 29, 100.000000
72, 7, 30, 100.000000
72, 7, 31, 100.000000
72, 7, 32, 100.000000
72, 7, 33, 100.000000
72, 7, 34, 100.000000
72, 8, 0, 0.394836
72, 8, 1, -0.145399
72, 8, 2, -0.401055
72, 8, 3, -0.462003
72, 8, 4, -0.471736
72, 8, 5, -0.461589
72, 8, 6, -0.484507
72, 8, 7, -0.486106
72, 8, 8, -0.479873
72, 8, 9, -0.461596
72, 8, 10, -0.419392
72, 8, 11, -0.434812
72, 8, 12, -0.447201
72, 8, 13, -0.414752
72, 8, 14, -0.384462
72, 8, 15, -0.388251
72, 8, 16, -0.373314
72, 8, 17, -0.359079
72, 8, 18, -0.288932
72, 8, 19, -0.134100
72, 8, 20, 0.166357
72, 8, 21, 0.671011
72, 8, 22, 1.255165
72, 8, 23, 1.861240
72, 8, 24, 2.455321
72, 8, 25, 100.000000
72, 8, 26, 100.000000
72, 8, 27, 100.000000
72, 8, 28, 100.000000
72, 8, 29, 100.000000
72, 8, 30, 100.000000
72, 8, 31, 100.000000
72, 8, 32, 100.000000
72, 8, 33, 100.000000
72, 8, 34, 100.000000
72, 9, 0, 0.398435
72, 9, 1, -0.133772
72, 9, 2, -0.389467
72, 9, 3, -0.468015
72, 9, 4, -0.472091
72, 9, 5, -0.463255
72, 9, 6, -0.483449
72, 9, 7, -0.467460
72, 9, 8, -0.455584
72, 9, 9, -0.479516
72, 9, 10, -0.433471
72, 9, 11, -0.430595
72, 9, 12, -0.465225
72, 9, 13, -0.419158
72, 9, 14, -0.392824
72, 9, 15, -0.394266
72, 9, 16, -0.358006
72, 9, 17, -0.334411
72, 9, 18, -0.271151
72, 9, 19, -0.090007
72, 9, 20, 0.213319
72, 9, 21, 0.688196
72, 9, 22, 1.250836
72, 9, 23, 1.853108
72, 9, 24, 100.000000
72, 9, 25, 100.000000
72, 9, 26, 100.000000
72, 9, 27, 100.000000
72, 9, 28, 100.000000
72, 9, 29, 100.000000
72, 9, 30, 100.000000
72, 9, 31, 100.000000
72, 9, 32, 100.000000
72, 9, 33, 100.000000
72, 9, 34, 100.000000
72, 10, 0, 0.388305
72, 10, 1, -0.111961
72, 10, 2, -0.370516
72, 10, 3, -0.462216
72, 10, 4, -0.447584
72, 10, 5, -0.458981
72, 10, 6, -0.471918
72, 10, 7, -0.468772
72, 10, 8, -0.465369
72, 10, 9, -0.462731
72, 10, 10, -0.460348
72, 10, 11, -0.413736
72, 10, 12, -0.411954
72, 10, 13, -0.413874
72, 10, 14, -0.394245
72, 10, 15, -0.377880
72, 10, 16, -0.331933
72, 10, 17, -0.290967
72, 10, 18, -0.214098
72, 10, 19, -0.017928
72, 10, 20, 0.274386
72, 10, 21, 0.702603
72, 10, 22, 1.270479
72, 10, 23, 1.906911
72, 10, 24, 100.000000
72, 10, 25, 100.000000
72, 10, 26, 100.000000
72, 10, 27, 100.000000
72, 10, 28, 100.000000
72, 10, 29, 100.000000
72, 10, 30, 100.000000
72, 10, 31, 100.000000
72, 10, 32, 100.000000
72, 10, 33, 100.000000
72, 10, 34, 100.000000
72, 11, 0, 0.384192
72, 11, 1, -0.108333
72, 11, 2, -0.360668
72, 11, 3, -0.465934
72, 11, 4, -0.456298
72, 11, 5, -0.454343
72, 11, 6, -0.442275
72, 11, 7, -0.438078
72, 11, 8, -0.449894
72, 11, 9, -0.434672
72, 11, 10, -0.436223
72, 11, 11, -0.429646
72, 11, 12, -0.379267
72, 11, 13, -0.384486
72, 11, 14, -0.408842
72, 11, 15, -0.397651
72, 11, 16, -0.347727
72, 11, 17, -0.311574
72, 11, 18, -0.223721
72, 11, 19, 0.002220
72, 11, 20, 0.323207
72, 11, 21, 0.773214
72, 11, 22, 1.401246
72, 11, 23, 2.106183
72, 11, 24, 100.000000
72, 11, 25, 100.000000
72, 11, 26, 100.000000
72, 11, 27, 100.000000
72, 11, 28, 100.000000
72, 11, 29, 100.000000
72, 11, 30, 100.000000
72, 11, 31, 100.000000
72, 11, 32, 100.000000
72, 11, 33, 100.000000
72, 11, 34, 100.000000
72, 12, 0, 0.388582
72, 12, 1, -0.130785
72, 12, 2, -0.377202
72, 12, 3, -0.450358
72, 12, 4, -0.471113
72, 12, 5, -0.465779
72, 12, 6, -0.470041
72, 12, 7, -0.457583
72, 12, 8, -0.460182
72, 12, 9, -0.455537
72, 12, 10, -0.426362
72, 12, 11, -0.449463
72, 12, 12, -0.419403
72, 12, 13, -0.393383
72, 12, 14, -0.421796
72, 12, 15, -0.433893
72, 12, 16, -0.385202
72, 12, 17, -0.306154
72, 12, 18, -0.184163
72, 12, 19, 0.024005
72, 12, 20, 0.328089
72, 12, 21, 0.799273
72, 12, 22, 1.459074
72, 12, 23, 2.253558
72, 12, 24, 100.000000
72, 12, 25, 100.000000
72, 12, 26, 100.000000
72, 12, 27, 100.000000
72, 12, 28, 100.000000
72, 12, 29, 100.000000
72, 12, 30, 100.000000
72, 12, 31, 100.000000
72, 12, 32, 100.000000
72, 12, 33, 100.000000
72, 12, 34, 100.000000
72, 13, 0, 0.401796
72, 13, 1, -0.151235
72, 13, 2, -0.403389
72, 13, 3, -0.457381
72, 13, 4, -0.479529
72, 13, 5, -0.478407
72, 13, 6, -0.480733
72, 13, 7, -0.479148
72, 13, 8, -0.490540
72, 13, 9, -0.474229
72, 13, 10, -0.444809
72, 13, 11, -0.447779
72, 13, 12, -0.466216
72, 13, 13, -0.431340
72, 13, 14, -0.422105
72, 13, 15, -0.437266
72, 13, 16, -0.383366
72, 13, 17, -0.279719
72, 13, 18, -0.117563
72, 13, 19, 0.075676
72, 13, 20, 0.343379
72, 13, 21, 0.812948
72, 13, 22, 1.450290
72, 13, 23, 2.188122
72, 13, 24, 100.000000
72, 13, 25, 100.000000
72, 13, 26, 100.000000
72, 13, 27, 100.000000
72, 13, 28, 100.000000
72, 13, 29, 100.000000
72, 13, 30, 100.000000
72, 13, 31, 100.000000
72, 13, 32, 100.000000
72, 13, 33, 100.000000
72, 13, 34, 100.000000
72, 14, 0, 0.394964
72, 14, 1, -0.143548
72, 14, 2, -0.404501
72, 14, 3, -0.460686
72, 14, 4, -0.479462
72, 14, 5, -0.484300
72, 14, 6, -0.478297
72, 14, 7, -0.455900
72, 14, 8, -0.452261
72, 14, 9, -0.442865
72, 14, 10, -0.438664
72, 14, 11, -0.458438
72, 14, 12, -0.477393
72, 14, 13, -0.441130
72, 14, 14, -0.400317
72, 14, 15, -0.425356
72, 14, 16, -0.400403
72, 14, 17, -0.293638
72, 14, 18, -0.102945
72, 14, 19, 0.114954
72, 14, 20, 0.407761
72, 14, 21, 0.886060
72, 14, 22, 1.478999
72, 14, 23, 2.150522
72, 14, 24, 100.000000
72, 14, 25, 100.000000
72, 14, 26, 100.000000
72, 14, 27, 100.000000
72, 14, 28, 100.000000
72, 14, 29, 100.000000
72, 14, 30, 100.000000
72, 14, 31, 100.000000
72, 14, 32, 100.000000
72, 14, 33, 100.000000
72, 14, 34, 100.000000
72, 15, 0, 0.395930
72, 15, 1, -0.121938
72, 15, 2, -0.391467
72, 15, 3, -0.436558
72, 15, 4, -0.451350
72, 15, 5, -0.466805
72, 15, 6, -0.469314
72, 15, 7, -0.452483
72, 15, 8, -0.419181
72, 15, 9, -0.407869
72, 15, 10, -0.441637
72, 15, 11, -0.476287
72, 15, 12, -0.481450
72, 15, 13, -0.443486
72, 15, 14, -0.411704
72, 15, 15, -0.409976
72, 15, 16, -0.416979
72, 15, 17, -0.326461
72, 15, 18, -0.135202
72, 15, 19, 0.147672
72, 15, 20, 0.479608
72, 15, 21, 0.920070
72, 15, 22, 1.530987
72, 15, 23, 2.294163
72, 15, 24, 100.000000
72, 15, 25, 100.000000
72, 15, 26, 100.000000
72, 15, 27, 100.000000
72, 15, 28, 100.000000
72, 15, 29, 100.000000
72, 15, 30, 100.000000
72, 15, 31, 100.000000
72, 15, 32, 100.000000
72, 15, 33, 100.000000
72, 15, 34, 100.000000
72, 16, 0, 0.398338
72, 16, 1, -0.110924
72, 16, 2, -0.383831
72, 16, 3, -0.428261
72, 16, 4, -0.452245
72, 16, 5, -0.482290
72, 16, 6, -0.478024
72, 16, 7, -0.457372
72, 16, 8, -0.455834
72, 16, 9, -0.441296
72, 16, 10, -0.450464
72, 16, 11, -0.457150
72, 16, 12, -0.448354
72, 16, 13, -0.423576
72, 16, 14, -0.400392
72, 16, 15, -0.377269
72, 16, 16, -0.364702
72, 16, 17, -0.302769
72, 16, 18, -0.131939
72, 16, 19, 0.116072
72, 16, 20, 0.416066
72, 16, 21, 0.876106
72, 16, 22, 1.511502
72, 16, 23, 2.172786
72, 16, 24, 100.000000
72, 16, 25, 100.000000
72, 16, 26, 100.000000
72, 16, 27, 100.000000
72, 16, 28, 100.000000
72, 16, 29, 100.000000
72, 16, 30, 100.000000
72, 16, 31, 100.000000
72, 16, 32, 100.000000
72, 16, 33, 100.000000
72, 16, 34, 100.000000
72, 17, 0, 0.389927
72, 17, 1, -0.115252
72, 17, 2, -0.391999
72, 17, 3, -0.462947
72, 17, 4, -0.454439
72, 17, 5, -0.464317
72, 17, 6, -0.463037
72, 17, 7, -0.460986
72, 17, 8, -0.477435
72, 17, 9, -0.482719
72, 17, 10, -0.479325
72, 17, 11, -0.465726
72, 17, 12, -0.455661
72, 17, 13, -0.445568
72, 17, 14, -0.414153
72, 17, 15, -0.372312
72, 17, 16, -0.332957
72, 17, 17, -0.264799
72, 17, 18, -0.116860
72, 17, 19, 0.095097
72, 17, 20, 0.360057
72, 17, 21, 0.811052
72, 17, 22, 1.408477
72, 17, 23, 2.012682
72, 17, 24, 100.000000
72, 17, 25, 100.000000
72, 17, 26, 100.000000
72, 17, 27, 100.000000
72, 17, 28, 100.000000
72, 17, 29, 100.000000
72, 17, 30, 100.000000
72, 17, 31, 100.000000
72, 17, 32, 100.000000
72, 17, 33, 100.000000
72, 17, 34, 100.000000
72, 18, 0, 0.383263
72, 18, 1, -0.129576
72, 18, 2, -0.387633
72, 18, 3, -0.477798
72, 18, 4, -0.477041
72, 18, 5, -0.440554
72, 18, 6, -0.454428
72, 18, 7, -0.460403
72, 18, 8, -0.456981
72, 18, 9, -0.482429
72, 18, 10, -0.452187
72, 18, 11, -0.457527
72, 18, 12, -0.443017
72, 18, 13, -0.450690
72, 18, 14, -0.414763
72, 18, 15, -0.364262
72, 18, 16, -0.334679
72, 18, 17, -0.268052
72, 18, 18, -0.136491
72, 18, 19, 0.092309
72, 18, 20, 0.393562
72, 18, 21, 0.840106
72, 18, 22, 1.365963
72, 18, 23, 1.996430
72, 18, 24, 100.000000
72, 18, 25, 100.000000
72, 18, 26, 100.000000
72, 18, 27, 100.000000
72, 18, 28, 100.000000
72, 18, 29, 100.000000
72, 18, 30, 100.000000
72, 18, 31, 100.000000
72, 18, 32, 100.000000
72, 18, 33, 100.000000
72, 18, 34, 100.000000
72, 19, 0, 0.363653
72, 19, 1, -0.155254
72, 19, 2, -0.403856
72, 19, 3, -0.486420
72, 19, 4, -0.460127
72, 19, 5, -0.420203
72, 19, 6, -0.417435
72, 19, 7, -0.423734
72, 19, 8, -0.435175
72, 19, 9, -0.458540
72, 19, 10, -0.447439
72, 19, 11, -0.460056
72, 19, 12, -0.427619
72, 19, 13, -0.422965
72, 19, 14, -0.401252
72, 19, 15, -0.369024
72, 19, 16, -0.327779
72, 19, 17, -0.257709
72, 19, 18, -0.163155
72, 19, 19, 0.062103
72, 19, 20, 0.440947
72, 19, 21, 0.924865
72, 19, 22, 1.487350
72, 19, 23, 2.235738
72, 19, 24, 100.000000
72, 19, 25, 100.000000
72, 19, 26, 100.000000
72, 19, 27, 100.000000
72, 19, 28, 100.000000
72, 19, 29, 100.000000
72, 19, 30, 100.000000
72, 19, 31, 100.000000
72, 19, 32, 100.000000
72, 19, 33, 100.000000
72, 19, 34, 100.000000
72, 20, 0, 0.373126
72, 20, 1, -0.144933
72, 20, 2, -0.391933
72, 20, 3, -0.463093
72, 20, 4, -0.431548
72, 20, 5, -0.438635
72, 20, 6, -0.408783
72, 20, 7, -0.406078
72, 20, 8, -0.421604
72, 20, 9, -0.439760
72, 20, 10, -0.460075
72, 20, 11, -0.454889
72, 20, 12, -0.431747
72, 20, 13, -0.430089
72, 20, 14, -0.429629
72, 20, 15, -0.408896
72, 20, 16, -0.345871
72, 20, 17, -0.238841
72, 20, 18, -0.137149
72, 20, 19, 0.059348
72, 20, 20, 0.456122
72, 20, 21, 0.997057
72, 20, 22, 1.645442
72, 20, 23, 100.000000
72, 20, 24, 100.000000
72, 20, 25, 100.000000
72, 20, 26, 100.000000
72, 20, 27, 100.000000
72, 20, 28, 100.000000
72, 20, 29, 100.000000
72, 20, 30, 100.000000
72, 20, 31, 100.000000
72, 20, 32, 100.000000
72, 20, 33, 100.000000
72, 20, 34, 100.000000
72, 21, 0, 0.376593
72, 21, 1, -0.126423
72, 21, 2, -0.381365
72, 21, 3, -0.457095
72, 21, 4, -0.488787
72, 21, 5, -0.451441
72, 21, 6, -0.461363
72, 21, 7, -0.429329
72, 21, 8, -0.427881
72, 21, 9, -0.455387
72, 21, 10, -0.457404
72, 21, 11, -0.443024
72, 21, 12, -0.434586
72, 21, 13, -0.443790
72, 21, 14, -0.460161
72, 21, 15, -0.443895
72, 21, 16, -0.372329
72, 21, 17, -0.242026
72, 21, 18, -0.108024
72, 21, 19, 0.071564
72, 21, 20, 0.409907
72, 21, 21, 0.942003
72, 21, 22, 1.591477
72, 21, 23, 2.383732
72, 21, 24, 100.000000
72, 21, 25, 100.000000
72, 21, 26, 100.000000
72, 21, 27, 100.000000
72, 21, 28, 100.000000
72, 21, 29, 100.000000
72, 21, 30, 100.000000
72, 21, 31, 100.000000
72, 21, 32, 100.000000
72, 21, 33, 100.000000
72, 21, 34, 100.000000
72, 22, 0, 0.385869
72, 22, 1, -0.137017
72, 22, 2, -0.416214
72, 22, 3, -0.450633
72, 22, 4, -0.464715
72, 22, 5, -0.460290
72, 22, 6, -0.491970
72, 22, 7, -0.432891
72, 22, 8, -0.443613
72, 22, 9, -0.469989
72, 22, 10, -0.460212
72, 22, 11, -0.427486
72, 22, 12, -0.435977
72, 22, 13, -0.449031
72, 22, 14, -0.453092
72, 22, 15, -0.422655
72, 22, 16, -0.375673
72, 22, 17, -0.249923
72, 22, 18, -0.087283
72, 22, 19, 0.104083
72, 22, 20, 0.382408
72, 22, 21, 0.841042
72, 22, 22, 1.418833
72, 22, 23, 2.017244
72, 22, 24, 100.000000
72, 22, 25, 100.000000
72, 22, 26, 100.000000
72, 22, 27, 100.000000
72, 22, 28, 100.000000
72, 22, 29, 100.000000
72, 22, 30, 100.000000
72, 22, 31, 100.000000
72, 22, 32, 100.000000
72, 22, 33, 100.000000
72, 22, 34, 100.000000
72, 23, 0, 0.402187
72, 23, 1, -0.140155
72, 23, 2, -0.433883
72, 23, 3, -0.454048
72, 23, 4, -0.456463
72, 23, 5, -0.442550
72, 23, 6, -0.472596
72, 23, 7, -0.435895
72, 23, 8, -0.450012
72, 23, 9, -0.485801
72, 23, 10, -0.469448
72, 23, 11, -0.439260
72, 23, 12, -0.444560
72, 23, 13, -0.442110
72, 23, 14, -0.419178
72, 23, 15, -0.392619
72, 23, 16, -0.345963
72, 23, 17, -0.243571
72, 23, 18, -0.078389
72, 23, 19, 0.129784
72, 23, 20, 0.395652
72, 23, 21, 0.776134
72, 23, 22, 1.373495
72, 23, 23, 2.098674
72, 23, 24, 100.000000
72, 23, 25, 100.000000
72, 23, 26, 100.000000
72, 23, 27, 100.000000
72, 23, 28, 100.000000
72, 23, 29, 100.000000
72, 23, 30, 100.000000
72, 23, 31, 100.000000
72, 23, 32, 100.000000
72, 23, 33, 100.000000
72, 23, 34, 100.000000
72, 24, 0, 0.414731
72, 24, 1, -0.120681
72, 24, 2, -0.419162
72, 24, 3, -0.476839
72, 24, 4, -0.471879
72, 24, 5, -0.460297
72, 24, 6, -0.465646
72, 24, 7, -0.449220
72, 24, 8, -0.441947
72, 24, 9, -0.486181
72, 24, 10, -0.471992
72, 24, 11, -0.437689
72, 24, 12, -0.471515
72, 24, 13, -0.436285
72, 24, 14, -0.386298
72, 24, 15, -0.376189
72, 24, 16, -0.362675
72, 24, 17, -0.258476
72, 24, 18, -0.092165
72, 24, 19, 0.141770
72, 24, 20, 0.422782
72, 24, 21, 0.796254
72, 24, 22, 1.394006
72, 24, 23, 2.126951
72, 24, 24, 100.000000
72, 24, 25, 100.000000
72, 24, 26, 100.000000
72, 24, 27, 100.000000
72, 24, 28, 100.000000
72, 24, 29, 100.000000
72, 24, 30, 100.000000
72, 24, 31, 100.000000
72, 24, 32, 100.000000
72, 24, 33, 100.000000
72, 24, 34, 100.000000
72, 25, 0, 0.381129
72, 25, 1, -0.127594
72, 25, 2, -0.392105
72, 25, 3, -0.436682
72, 25, 4, -0.445206
72, 25, 5, -0.453247
72, 25, 6, -0.482275
72, 25, 7, -0.466864
72, 25, 8, -0.443678
72, 25, 9, -0.467583
72, 25, 10, -0.467290
72, 25, 11, -0.438077
72, 25, 12, -0.469953
72, 25, 13, -0.409983
72, 25, 14, -0.367877
72, 25, 15, -0.387919
72, 25, 16, -0.373248
72, 25, 17, -0.259954
72, 25, 18, -0.114097
72, 25, 19, 0.138172
72, 25, 20, 0.454645
72, 25, 21, 0.884812
72, 25, 22, 1.547239
72, 25, 23, 2.280624
72, 25, 24, 100.000000
72, 25, 25, 100.000000
72, 25, 26, 100.000000
72, 25, 27, 100.000000
72, 25, 28, 100.000000
72, 25, 29, 100.000000
72, 25, 30, 100.000000
72, 25, 31, 100.000000
72, 25, 32, 100.000000
72, 25, 33, 100.000000
72, 25, 34, 100.000000
72, 26, 0, 0.347909
72, 26, 1, -0.147184
72, 26, 2, -0.400236
72, 26, 3, -0.447668
72, 26, 4, -0.461606
72, 26, 5, -0.463328
72, 26, 6, -0.461258
72, 26, 7, -0.466477
72, 26, 8, -0.445445
72, 26, 9, -0.458595
72, 26, 10, -0.464829
72, 26, 11, -0.450074
72, 26, 12, -0.459346
72, 26, 13, -0.405577
72, 26, 14, -0.373993
72, 26, 15, -0.384178
72, 26, 16, -0.336738
72, 26, 17, -0.242719
72, 26, 18, -0.126891
72, 26, 19, 0.137758
72, 26, 20, 0.493686
72, 26, 21, 1.015667
72, 26, 22, 1.640934
72, 26, 23, 100.000000
72, 26, 24, 100.000000
72, 26, 25, 100.000000
72, 26, 26, 100.000000
72, 26, 27, 100.000000
72, 26, 28, 100.000000
72, 26, 29, 100.000000
72, 26, 30, 100.000000
72, 26, 31, 100.000000
72, 26, 32, 100.000000
72, 26, 33, 100.000000
72, 26, 34, 100.000000
72, 27, 0, 0.349376
72, 27, 1, -0.152414
72, 27, 2, -0.399172
72, 27, 3, -0.446509
72, 27, 4, -0.476730
72, 27, 5, -0.475502
72, 27, 6, -0.459965
72, 27, 7, -0.481692
72, 27, 8, -0.453685
72, 27, 9, -0.442882
72, 27, 10, -0.462726
72, 27, 11, -0.459614
72, 27, 12, -0.458121
72, 27, 13, -0.431165
72, 27, 14, -0.398451
72, 27, 15, -0.373637
72, 27, 16, -0.298105
72, 27, 17, -0.225406
72, 27, 18, -0.122400
72, 27, 19, 0.125732
72, 27, 20, 0.534463
72, 27, 21, 1.091896
72, 27, 22, 1.688884
72, 27, 23, 100.000000
72, 27, 24, 100.000000
72, 27, 25, 100.000000
72, 27, 26, 100.000000
72, 27, 27, 100.000000
72, 27, 28, 100.000000
72, 27, 29, 100.000000
72, 27, 30, 100.000000
72, 27, 31, 100.000000
72, 27, 32, 100.000000
72, 27, 33, 100.000000
72, 27, 34, 100.000000
72, 28, 0, 0.369844
72, 28, 1, -0.107439
72, 28, 2, -0.312981
72, 28, 3, -0.361481
72, 28, 4, -0.412369
72, 28, 5, -0.456123
72, 28, 6, -0.461694
72, 28, 7, -0.448141
72, 28, 8, -0.426494
72, 28, 9, -0.381115
72, 28, 10, -0.369632
72, 28, 11, -0.359837
72, 28, 12, -0.368847
72, 28, 13, -0.374415
72, 28, 14, -0.378410
72, 28, 15, -0.342818
72, 28, 16, -0.274356
72, 28, 17, -0.219255
72, 28, 18, -0.130948
72, 28, 19, 0.103949
72, 28, 20, 0.572038
72, 28, 21, 1.144925
72, 28, 22, 1.808112
72, 28, 23, 100.000000
72, 28, 24, 100.000000
72, 28, 25, 100.000000
72, 28, 26, 100.000000
72, 28, 27, 100.000000
72, 28, 28, 100.000000
72, 28, 29, 100.000000
72, 28, 30, 100.000000
72, 28, 31, 100.000000
72, 28, 32, 100.000000
72, 28, 33, 100.000000
72, 28, 34, 100.000000
72, 29, 0, 0.425011
72, 29, 1, 0.054640
72, 29, 2, -0.039492
72, 29, 3, -0.064128
72, 29, 4, -0.096520
72, 29, 5, -0.115088
72, 29, 6, -0.116621
72, 29, 7, -0.115009
72, 29, 8, -0.121050
72, 29, 9, -0.110783
72, 29, 10, -0.091362
72, 29, 11, -0.074518
72, 29, 12, -0.070322
72, 29, 13, -0.073060
72, 29, 14, -0.076873
72, 29, 15, -0.074912
72, 29, 16, -0.076255
72, 29, 17, -0.075980
72, 29, 18, -0.017875
72, 29, 19, 0.164482
72, 29, 20, 0.631305
72, 29, 21, 1.211665
72, 29, 22, 1.778187
72, 29, 23, 100.000000
72, 29, 24, 100.000000
72, 29, 25, 100.000000
72, 29, 26, 100.000000
72, 29, 27, 100.000000
72, 29, 28, 100.000000
72, 29, 29, 100.000000
72, 29, 30, 100.000000
72, 29, 31, 100.000000
72, 29, 32, 100.000000
72, 29, 33, 100.000000
72, 29, 34, 100.000000
73, 0, 0, 0.787320
73, 0, 1, 0.488596
73, 0, 2, 0.437476
73, 0, 3, 0.445130
73, 0, 4, 0.447942
73, 0, 5, 0.432362
73, 0, 6, 0.432768
73, 0, 7, 0.434358
73, 0, 8, 0.410219
73, 0, 9, 0.400356
73, 0, 10, 0.420909
73, 0, 11, 0.415450
73, 0, 12, 0.385843
73, 0, 13, 0.388296
73, 0, 14, 0.414325
73, 0, 15, 0.400813
73, 0, 16, 0.410459
73, 0, 17, 0.489578
73, 0, 18, 0.562759
73, 0, 19, 0.584709
73, 0, 20, 0.679532
73, 0, 21, 0.934669
73, 0, 22, 1.266226
73, 0, 23, 0.806390
73, 0, 24, 0.402564
73, 0, 25, 0.611447
73, 0, 26, 1.412069
73, 0, 27, 2.341954
73, 0, 28, 100.000000
73, 0, 29, 100.000000
73, 0, 30, 100.000000
73, 0, 31, 100.000000
73, 0, 32, 100.000000
73, 0, 33, 100.000000
73, 0, 34, 100.000000
73, 1, 0, 0.464425
73, 1, 1, 0.020264
73, 1, 2, -0.088064
73, 1, 3, -0.076675
73, 1, 4, -0.080049
73, 1, 5, -0.076135
73, 1, 6, -0.063056
73, 1, 7, -0.061133
73, 1, 8, -0.108033
73, 1, 9, -0.138440
73, 1, 10, -0.116402
73, 1, 11, -0.115809
73, 1, 12, -0.142857
73, 1, 13, -0.160860
73, 1, 14, -0.155416
73, 1, 15, -0.172031
73, 1, 16, -0.134291
73, 1, 17, -0.048493
73, 1, 18, 0.023470
73, 1, 19, 0.059541
73, 1, 20, 0.225322
73, 1, 21, 0.541574
73, 1, 22, 0.889056
73, 1, 23, 0.359223
73, 1, 24, 0.023384
73, 1, 25, 0.339688
73, 1, 26, 1.267984
73, 1, 27, 2.247082
73, 1, 28, 100.000000
73, 1, 29, 100.000000
73, 1, 30, 100.000000
73, 1, 31, 100.000000
73, 1, 32, 100.000000
73, 1, 33, 100.000000
73, 1, 34, 100.000000
73, 2, 0, 0.409570
73, 2, 1, -0.109601
73, 2, 2, -0.404376
73, 2, 3, -0.428879
73, 2, 4, -0.411781
73, 2, 5, -0.403862
73, 2, 6, -0.391059
73, 2, 7, -0.372647
73, 2, 8, -0.396849
73, 2, 9, -0.411414
73, 2, 10, -0.386370
73, 2, 11, -0.375954
73, 2, 12, -0.413082
73, 2, 13, -0.442635
73, 2, 14, -0.393071
73, 2, 15, -0.396187
73, 2, 16, -0.397439
73, 2, 17, -0.321225
73, 2, 18, -0.233837
73, 2, 19, -0.153079
73, 2, 20, 0.041667
73, 2, 21, 0.379308
73, 2, 22, 0.779098
73, 2, 23, 0.786118
73, 2, 24, 0.679048
73, 2, 25, 0.974733
73, 2, 26, 1.643719
73, 2, 27, 100.000000
73, 2, 28, 100.000000
73, 2, 29, 100.000000
73, 2, 30, 100.000000
73, 2, 31, 100.000000
73, 2, 32, 100.000000
73, 2, 33, 100.000000
73, 2, 34, 100.000000
73, 3, 0, 0.383314
73, 3, 1, -0.102148
73, 3, 2, -0.378988
73, 3, 3, -0.429871
73, 3, 4, -0.422609
73, 3, 5, -0.451965
73, 3, 6, -0.475128
73, 3, 7, -0.440103
73, 3, 8, -0.442552
73, 3, 9, -0.454985
73, 3, 10, -0.451715
73, 3, 11, -0.433018
73, 3, 12, -0.444401
73, 3, 13, -0.412325
73, 3, 14, -0.385073
73, 3, 15, -0.399811
73, 3, 16, -0.429580
73, 3, 17, -0.337726
73, 3, 18, -0.258734
73, 3, 19, -0.215123
73, 3, 20, -0.007750
73, 3, 21, 0.341506
73, 3, 22, 0.723244
73, 3, 23, 1.235611
73, 3, 24, 1.351656
73, 3, 25, 1.875837
73, 3, 26, 2.339946
73, 3, 27, 100.000000
73, 3, 28, 100.000000
73, 3, 29, 100.000000
73, 3, 30, 100.000000
73, 3, 31, 100.000000
73, 3, 32, 100.000000
73, 3, 33, 100.000000
73, 3, 34, 100.000000
73, 4, 0, 0.350037
73, 4, 1, -0.121483
73, 4, 2, -0.395592
73, 4, 3, -0.468041
73, 4, 4, -0.443926
73, 4, 5, -0.449075
73, 4, 6, -0.461404
73, 4, 7, -0.449532
73, 4, 8, -0.463297
73, 4, 9, -0.465944
73, 4, 10, -0.433807
73, 4, 11, -0.424885
73, 4, 12, -0.407213
73, 4, 13, -0.389141
73, 4, 14, -0.384212
73, 4, 15, -0.388976
73, 4, 16, -0.404397
73, 4, 17, -0.320090
73, 4, 18, -0.276413
73, 4, 19, -0.242412
73, 4, 20, -0.078269
73, 4, 21, 0.296083
73, 4, 22, 0.698422
73, 4, 23, 1.282927
73, 4, 24, 2.079010
73, 4, 25, 100.000000
73, 4, 26, 100.000000
73, 4, 27, 100.000000
73, 4, 28, 100.000000
73, 4, 29, 100.000000
73, 4, 30, 100.000000
73, 4, 31, 100.000000
73, 4, 32, 100.000000
73, 4, 33, 100.000000
73, 4, 34, 100.000000
73, 5, 0, 0.348302
73, 5, 1, -0.127299
73, 5, 2, -0.393681
73, 5, 3, -0.467792
73, 5, 4, -0.451409
73, 5, 5, -0.458702
73, 5, 6, -0.443158
73, 5, 7, -0.444311
73, 5, 8, -0.459850
73, 5, 9, -0.447377
73, 5, 10, -0.418893
73, 5, 11, -0.396057
73, 5, 12, -0.386222
73, 5, 13, -0.393984
73, 5, 14, -0.396853
73, 5, 15, -0.372947
73, 5, 16, -0.358745
73, 5, 17, -0.317839
73, 5, 18, -0.282068
73, 5, 19, -0.257876
73, 5, 20, -0.108714
73, 5, 21, 0.248006
73, 5, 22, 0.688788
73, 5, 23, 1.298783
73, 5, 24, 2.031676
73, 5, 25, 100.000000
73, 5, 26, 100.000000
73, 5, 27, 100.000000
73, 5, 28, 100.000000
73, 5, 29, 100.000000
73, 5, 30, 100.000000
73, 5, 31, 100.000000
73, 5, 32, 100.000000
73, 5, 33, 100.000000
73, 5, 34, 100.000000
73, 6, 0, 0.349802
73, 6, 1, -0.153721
73, 6, 2, -0.393640
73, 6, 3, -0.451226
73, 6, 4, -0.439803
73, 6, 5, -0.431849
73, 6, 6, -0.439805
73, 6, 7, -0.442339
73, 6, 8, -0.433813
73, 6, 9, -0.429130
73, 6, 10, -0.419915
73, 6, 11, -0.402967
73, 6, 12, -0.400547
73, 6, 13, -0.406476
73, 6, 14, -0.409322
73, 6, 15, -0.374545
73, 6, 16, -0.337125
73, 6, 17, -0.339015
73, 6, 18, -0.286139
73, 6, 19, -0.233386
73, 6, 20, -0.072700
73, 6, 21, 0.286177
73, 6, 22, 0.798228
73, 6, 23, 1.443365
73, 6, 24, 2.177399
73, 6, 25, 100.000000
73, 6, 26, 100.000000
73, 6, 27, 100.000000
73, 6, 28, 100.000000
73, 6, 29, 100.000000
73, 6, 30, 100.000000
73, 6, 31, 100.000000
73, 6, 32, 100.000000
73, 6, 33, 100.000000
73, 6, 34, 100.000000
73, 7, 0, 0.353739
73, 7, 1, -0.182199
73, 7, 2, -0.413091
73, 7, 3, -0.435176
73, 7, 4, -0.461289
73, 7, 5, -0.442383
73, 7, 6, -0.477464
73, 7, 7, -0.482441
73, 7, 8, -0.474900
73, 7, 9, -0.464104
73, 7, 10, -0.441235
73, 7, 11, -0.427145
73, 7, 12, -0.441637
73, 7, 13, -0.430732
73, 7, 14, -0.426141
73, 7, 15, -0.386223
73, 7, 16, -0.354375
73, 7, 17, -0.357308
73, 7, 18, -0.290020
73, 7, 19, -0.220800
73, 7, 20, -0.039387
73, 7, 21, 0.352686
73, 7, 22, 0.870446
73, 7, 23, 1.472491
73, 7, 24, 2.159846
73, 7, 25, 100.000000
73, 7, 26, 100.000000
73, 7, 27, 100.000000
73, 7, 28, 100.000000
73, 7, 29, 100.000000
73, 7, 30, 100.000000
73, 7, 31, 100.000000
73, 7, 32, 100.000000
73, 7, 33, 100.000000
73, 7, 34, 100.000000
73, 8, 0, 0.366539
73, 8, 1, -0.178727
73, 8, 2, -0.414657
73, 8, 3, -0.435819
73, 8, 4, -0.487722
73, 8, 5, -0.460374
73, 8, 6, -0.482465
73, 8, 7, -0.463018
73, 8, 8, -0.469969
73, 8, 9, -0.483545
73, 8, 10, -0.461390
73, 8, 11, -0.431633
73, 8, 12, -0.460767
73, 8, 13, -0.464471
73, 8, 14, -0.429443
73, 8, 15, -0.403690
73, 8, 16, -0.392974
73, 8, 17, -0.365209
73, 8, 18, -0.308251
73, 8, 19, -0.225912
73, 8, 20, -0.018070
73, 8, 21, 0.356102
73, 8, 22, 0.794583
73, 8, 23, 1.316502
73, 8, 24, 1.900364
73, 8, 25, 100.000000
73, 8, 26, 100.000000
73, 8, 27, 100.000000
73, 8, 28, 100.000000
73, 8, 29, 100.000000
73, 8, 30, 100.000000
73, 8, 31, 100.000000
73, 8, 32, 100.000000
73, 8, 33, 100.000000
73, 8, 34, 100.000000
73, 9, 0, 0.364252
73, 9, 1, -0.150434
73, 9, 2, -0.386316
73, 9, 3, -0.439827
73, 9, 4, -0.480320
73, 9, 5, -0.456531
73, 9, 6, -0.464589
73, 9, 7, -0.459669
73, 9, 8, -0.482206
73, 9, 9, -0.469696
73, 9, 10, -0.470507
73, 9, 11, -0.434445
73, 9, 12, -0.448218
73, 9, 13, -0.453702
73, 9, 14, -0.419763
73, 9, 15, -0.422432
73, 9, 16, -0.377408
73, 9, 17, -0.332811
73, 9, 18, -0.297834
73, 9, 19, -0.208172
73, 9, 20, 0.027174
73, 9, 21, 0.354174
73, 9, 22, 0.757463
73, 9, 23, 1.237004
73, 9, 24, 1.828440
73, 9, 25, 100.000000
73, 9, 26, 100.000000
73, 9, 27, 100.000000
73, 9, 28, 100.000000
73, 9, 29, 100.000000
73, 9, 30, 100.000000
73, 9, 31, 100.000000
73, 9, 32, 100.000000
73, 9, 33, 100.000000
73, 9, 34, 100.000000
73, 10, 0, 0.338466
73, 10, 1, -0.120886
73, 10, 2, -0.355032
73, 10, 3, -0.441491
73, 10, 4, -0.467920
73, 10, 5, -0.449598
73, 10, 6, -0.449780
73, 10, 7, -0.461970
73, 10, 8, -0.453335
73, 10, 9, -0.440278
73, 10, 10, -0.446586
73, 10, 11, -0.422613
73, 10, 12, -0.420822
73, 10, 13, -0.430855
73, 10, 14, -0.416605
73, 10, 15, -0.393897
73, 10, 16, -0.345020
73, 10, 17, -0.295852
73, 10, 18, -0.245891
73, 10, 19, -0.148945
73, 10, 20, 0.101108
73, 10, 21, 0.441019
73, 10, 22, 0.868104
73, 10, 23, 1.429802
73, 10, 24, 1.977885
73, 10, 25, 100.000000
73, 10, 26, 100.000000
73, 10, 27, 100.000000
73, 10, 28, 100.000000
73, 10, 29, 100.000000
73, 10, 30, 100.000000
73, 10, 31, 100.000000
73, 10, 32, 100.000000
73, 10, 33, 100.000000
73, 10, 34, 100.000000
73, 11, 0, 0.340924
73, 11, 1, -0.124319
73, 11, 2, -0.356280
73, 11, 3, -0.441196
73, 11, 4, -0.480325
73, 11, 5, -0.449823
73, 11, 6, -0.432188
73, 11, 7, -0.431776
73, 11, 8, -0.425049
73, 11, 9, -0.418557
73, 11, 10, -0.434543
73, 11, 11, -0.432730
73, 11, 12, -0.405848
73, 11, 13, -0.400039
73, 11, 14, -0.411965
73, 11, 15, -0.420851
73, 11, 16, -0.395078
73, 11, 17, -0.351738
73, 11, 18, -0.293042
73, 11, 19, -0.157949
73, 11, 20, 0.128705
73, 11, 21, 0.553460
73, 11, 22, 1.054137
73, 11, 23, 1.632113
73, 11, 24, 2.388136
73, 11, 25, 100.000000
73, 11, 26, 100.000000
73, 11, 27, 100.000000
73, 11, 28, 100.000000
73, 11, 29, 100.000000
73, 11, 30, 100.000000
73, 11, 31, 100.000000
73, 11, 32, 100.000000
73, 11, 33, 100.000000
73, 11, 34, 100.000000
73, 12, 0, 0.370967
73, 12, 1, -0.142713
73, 12, 2, -0.379196
73, 12, 3, -0.440229
73, 12, 4, -0.474261
73, 12, 5, -0.466194
73, 12, 6, -0.450945
73, 12, 7, -0.452346
73, 12, 8, -0.445595
73, 12, 9, -0.418549
73, 12, 10, -0.436425
73, 12, 11, -0.475381
73, 12, 12, -0.442528
73, 12, 13, -0.401852
73, 12, 14, -0.411608
73, 12, 15, -0.442346
73, 12, 16, -0.436735
73, 12, 17, -0.369582
73, 12, 18, -0.286598
73, 12, 19, -0.159771
73, 12, 20, 0.113496
73, 12, 21, 0.563186
73, 12, 22, 1.151745
73, 12, 23, 1.814727
73, 12, 24, 100.000000
73, 12, 25, 100.000000
73, 12, 26, 100.000000
73, 12, 27, 100.000000
73, 12, 28, 100.000000
73, 12, 29, 100.000000
73, 12, 30, 100.000000
73, 12, 31, 100.000000
73, 12, 32, 100.000000
73, 12, 33, 100.000000
73, 12, 34, 100.000000
73, 13, 0, 0.401963
73, 13, 1, -0.147854
73, 13, 2, -0.400599
73, 13, 3, -0.449428
73, 13, 4, -0.472445
73, 13, 5, -0.464241
73, 13, 6, -0.456712
73, 13, 7, -0.452919
73, 13, 8, -0.444633
73, 13, 9, -0.420582
73, 13, 10, -0.431941
73, 13, 11, -0.452546
73, 13, 12, -0.448419
73, 13, 13, -0.429162
73, 13, 14, -0.421385
73, 13, 15, -0.454492
73, 13, 16, -0.430525
73, 13, 17, -0.342428
73, 13, 18, -0.216160
73, 13, 19, -0.093919
73, 13, 20, 0.138218
73, 13, 21, 0.549259
73, 13, 22, 1.159964
73, 13, 23, 1.742094
73, 13, 24, 2.372470
73, 13, 25, 100.000000
73, 13, 26, 100.000000
73, 13, 27, 100.000000
73, 13, 28, 100.000000
73, 13, 29, 100.000000
73, 13, 30, 100.000000
73, 13, 31, 100.000000
73, 13, 32, 100.000000
73, 13, 33, 100.000000
73, 13, 34, 100.000000
73, 14, 0, 0.408290
73, 14, 1, -0.131697
73, 14, 2, -0.405914
73, 14, 3, -0.461936
73, 14, 4, -0.474765
73, 14, 5, -0.462431
73, 14, 6, -0.458822
73, 14, 7, -0.446826
73, 14, 8, -0.427523
73, 14, 9, -0.408401
73, 14, 10, -0.418548
73, 14, 11, -0.421060
73, 14, 12, -0.449186
73, 14, 13, -0.449090
73, 14, 14, -0.414526
73, 14, 15, -0.422267
73, 14, 16, -0.418826
73, 14, 17, -0.343938
73, 14, 18, -0.198906
73, 14, 19, -0.064488
73, 14, 20, 0.148993
73, 14, 21, 0.536467
73, 14, 22, 1.119829
73, 14, 23, 1.655974
73, 14, 24, 2.249092
73, 14, 25, 100.000000
73, 14, 26, 100.000000
73, 14, 27, 100.000000
73, 14, 28, 100.000000
73, 14, 29, 100.000000
73, 14, 30, 100.000000
73, 14, 31, 100.000000
73, 14, 32, 100.000000
73, 14, 33, 100.000000
73, 14, 34, 100.000000
73, 15, 0, 0.407936
73, 15, 1, -0.096516
73, 15, 2, -0.348251
73, 15, 3, -0.428724
73, 15, 4, -0.438849
73, 15, 5, -0.436325
73, 15, 6, -0.446579
73, 15, 7, -0.455599
73, 15, 8, -0.442597
73, 15, 9, -0.419898
73, 15, 10, -0.410961
73, 15, 11, -0.432926
73, 15, 12, -0.452125
73, 15, 13, -0.447585
73, 15, 14, -0.418283
73, 15, 15, -0.399503
73, 15, 16, -0.406586
73, 15, 17, -0.358192
73, 15, 18, -0.210386
73, 15, 19, -0.051551
73, 15, 20, 0.159689
73, 15, 21, 0.539316
73, 15, 22, 1.108195
73, 15, 23, 1.641955
73, 15, 24, 2.130131
73, 15, 25, 100.000000
73, 15, 26, 100.000000
73, 15, 27, 100.000000
73, 15, 28, 100.000000
73, 15, 29, 100.000000
73, 15, 30, 100.000000
73, 15, 31, 100.000000
73, 15, 32, 100.000000
73, 15, 33, 100.000000
73, 15, 34, 100.000000
73, 16, 0, 0.379166
73, 16, 1, -0.103401
73, 16, 2, -0.334746
73, 16, 3, -0.374429
73, 16, 4, -0.400825
73, 16, 5, -0.421597
73, 16, 6, -0.449559
73, 16, 7, -0.464933
73, 16, 8, -0.454087
73, 16, 9, -0.439735
73, 16, 10, -0.440649
73, 16, 11, -0.453575
73, 16, 12, -0.434446
73, 16, 13, -0.422628
73, 16, 14, -0.410337
73, 16, 15, -0.371190
73, 16, 16, -0.330447
73, 16, 17, -0.298720
73, 16, 18, -0.191952
73, 16, 19, -0.067740
73, 16, 20, 0.143081
73, 16, 21, 0.504261
73, 16, 22, 1.089605
73, 16, 23, 1.666941
73, 16, 24, 2.205365
73, 16, 25, 100.000000
73, 16, 26, 100.000000
73, 16, 27, 100.000000
73, 16, 28, 100.000000
73, 16, 29, 100.000000
73, 16, 30, 100.000000
73, 16, 31, 100.000000
73, 16, 32, 100.000000
73, 16, 33, 100.000000
73, 16, 34, 100.000000
73, 17, 0, 0.347743
73, 17, 1, -0.132015
73, 17, 2, -0.357498
73, 17, 3, -0.407191
73, 17, 4, -0.405135
73, 17, 5, -0.434886
73, 17, 6, -0.462218
73, 17, 7, -0.475255
73, 17, 8, -0.481532
73, 17, 9, -0.449208
73, 17, 10, -0.456860
73, 17, 11, -0.444750
73, 17, 12, -0.432325
73, 17, 13, -0.425778
73, 17, 14, -0.423047
73, 17, 15, -0.407523
73, 17, 16, -0.339392
73, 17, 17, -0.253130
73, 17, 18, -0.165750
73, 17, 19, -0.058393
73, 17, 20, 0.122922
73, 17, 21, 0.451826
73, 17, 22, 1.035715
73, 17, 23, 1.655211
73, 17, 24, 2.313900
73, 17, 25, 100.000000
73, 17, 26, 100.000000
73, 17, 27, 100.000000
73, 17, 28, 100.000000
73, 17, 29, 100.000000
73, 17, 30, 100.000000
73, 17, 31, 100.000000
73, 17, 32, 100.000000
73, 17, 33, 100.000000
73, 17, 34, 100.000000
73, 18, 0, 0.323707
73, 18, 1, -0.164212
73, 18, 2, -0.355837
73, 18, 3, -0.418721
73, 18, 4, -0.448129
73, 18, 5, -0.444903
73, 18, 6, -0.460091
73, 18, 7, -0.472492
73, 18, 8, -0.460507
73, 18, 9, -0.481179
73, 18, 10, -0.445016
73, 18, 11, -0.429062
73, 18, 12, -0.451969
73, 18, 13, -0.449298
73, 18, 14, -0.442665
73, 18, 15, -0.426770
73, 18, 16, -0.356660
73, 18, 17, -0.279207
73, 18, 18, -0.201232
73, 18, 19, -0.068112
73, 18, 20, 0.136138
73, 18, 21, 0.482656
73, 18, 22, 1.019561
73, 18, 23, 1.637204
73, 18, 24, 2.394268
73, 18, 25, 100.000000
73, 18, 26, 100.000000
73, 18, 27, 100.000000
73, 18, 28, 100.000000
73, 18, 29, 100.000000
73, 18, 30, 100.000000
73, 18, 31, 100.000000
73, 18, 32, 100.000000
73, 18, 33, 100.000000
73, 18, 34, 100.000000
73, 19, 0, 0.308617
73, 19, 1, -0.182987
73, 19, 2, -0.376674
73, 19, 3, -0.433503
73, 19, 4, -0.466425
73, 19, 5, -0.442087
73, 19, 6, -0.442741
73, 19, 7, -0.478428
73, 19, 8, -0.452817
73, 19, 9, -0.470815
73, 19, 10, -0.445155
73, 19, 11, -0.456222
73, 19, 12, -0.458218
73, 19, 13, -0.446807
73, 19, 14, -0.439368
73, 19, 15, -0.437319
73, 19, 16, -0.378156
73, 19, 17, -0.306245
73, 19, 18, -0.238599
73, 19, 19, -0.093071
73, 19, 20, 0.185441
73, 19, 21, 0.586384
73, 19, 22, 1.124498
73, 19, 23, 1.823868
73, 19, 24, 100.000000
73, 19, 25, 100.000000
73, 19, 26, 100.000000
73, 19, 27, 100.000000
73, 19, 28, 100.000000
73, 19, 29, 100.000000
73, 19, 30, 100.000000
73, 19, 31, 100.000000
73, 19, 32, 100.000000
73, 19, 33, 100.000000
73, 19, 34, 100.000000
73, 20, 0, 0.327950
73, 20, 1, -0.171617
73, 20, 2, -0.364299
73, 20, 3, -0.421248
73, 20, 4, -0.481328
73, 20, 5, -0.474624
73, 20, 6, -0.429562
73, 20, 7, -0.436599
73, 20, 8, -0.479363
73, 20, 9, -0.474095
73, 20, 10, -0.466150
73, 20, 11, -0.476835
73, 20, 12, -0.477404
73, 20, 13, -0.465934
73, 20, 14, -0.458218
73, 20, 15, -0.464346
73, 20, 16, -0.418303
73, 20, 17, -0.317037
73, 20, 18, -0.214959
73, 20, 19, -0.053234
73, 20, 20, 0.236375
73, 20, 21, 0.682569
73, 20, 22, 1.249662
73, 20, 23, 2.053688
73, 20, 24, 100.000000
73, 20, 25, 100.000000
73, 20, 26, 100.000000
73, 20, 27, 100.000000
73, 20, 28, 100.000000
73, 20, 29, 100.000000
73, 20, 30, 100.000000
73, 20, 31, 100.000000
73, 20, 32, 100.000000
73, 20, 33, 100.000000
73, 20, 34, 100.000000
73, 21, 0, 0.330604
73, 21, 1, -0.152578
73, 21, 2, -0.360964
73, 21, 3, -0.405748
73, 21, 4, -0.455301
73, 21, 5, -0.486021
73, 21, 6, -0.451962
73, 21, 7, -0.420814
73, 21, 8, -0.469568
73, 21, 9, -0.486574
73, 21, 10, -0.469399
73, 21, 11, -0.475344
73, 21, 12, -0.486882
73, 21, 13, -0.471435
73, 21, 14, -0.473103
73, 21, 15, -0.467522
73, 21, 16, -0.437589
73, 21, 17, -0.319480
73, 21, 18, -0.194275
73, 21, 19, -0.032065
73, 21, 20, 0.243498
73, 21, 21, 0.646333
73, 21, 22, 1.152675
73, 21, 23, 1.850826
73, 21, 24, 100.000000
73, 21, 25, 100.000000
73, 21, 26, 100.000000
73, 21, 27, 100.000000
73, 21, 28, 100.000000
73, 21, 29, 100.000000
73, 21, 30, 100.000000
73, 21, 31, 100.000000
73, 21, 32, 100.000000
73, 21, 33, 100.000000
73, 21, 34, 100.000000
73, 22, 0, 0.352560
73, 22, 1, -0.141069
73, 22, 2, -0.384119
73, 22, 3, -0.436549
73, 22, 4, -0.452727
73, 22, 5, -0.474179
73, 22, 6, -0.465097
73, 22, 7, -0.403112
73, 22, 8, -0.456645
73, 22, 9, -0.484753
73, 22, 10, -0.454179
73, 22, 11, -0.463274
73, 22, 12, -0.478753
73, 22, 13, -0.467548
73, 22, 14, -0.472921
73, 22, 15, -0.462878
73, 22, 16, -0.436233
73, 22, 17, -0.322618
73, 22, 18, -0.185459
73, 22, 19, -0.034307
73, 22, 20, 0.182121
73, 22, 21, 0.558720
73, 22, 22, 1.034843
73, 22, 23, 1.546013
73, 22, 24, 2.192489
73, 22, 25, 100.000000
73, 22, 26, 100.000000
73, 22, 27, 100.000000
73, 22, 28, 100.000000
73, 22, 29, 100.000000
73, 22, 30, 100.000000
73, 22, 31, 100.000000
73, 22, 32, 100.000000
73, 22, 33, 100.000000
73, 22, 34, 100.000000
73, 23, 0, 0.390397
73, 23, 1, -0.126994
73, 23, 2, -0.384334
73, 23, 3, -0.425601
73, 23, 4, -0.452327
73, 23, 5, -0.457283
73, 23, 6, -0.477215
73, 23, 7, -0.401121
73, 23, 8, -0.445222
73, 23, 9, -0.461485
73, 23, 10, -0.458441
73, 23, 11, -0.455397
73, 23, 12, -0.483089
73, 23, 13, -0.469167
73, 23, 14, -0.444388
73, 23, 15, -0.418186
73, 23, 16, -0.393547
73, 23, 17, -0.299537
73, 23, 18, -0.157571
73, 23, 19, -0.030057
73, 23, 20, 0.133136
73, 23, 21, 0.480337
73, 23, 22, 0.997973
73, 23, 23, 1.499713
73, 23, 24, 2.228520
73, 23, 25, 100.000000
73, 23, 26, 100.000000
73, 23, 27, 100.000000
73, 23, 28, 100.000000
73, 23, 29, 100.000000
73, 23, 30, 100.000000
73, 23, 31, 100.000000
73, 23, 32, 100.000000
73, 23, 33, 100.000000
73, 23, 34, 100.000000
73, 24, 0, 0.403780
73, 24, 1, -0.095228
73, 24, 2, -0.368405
73, 24, 3, -0.464224
73, 24, 4, -0.486007
73, 24, 5, -0.464268
73, 24, 6, -0.463306
73, 24, 7, -0.427318
73, 24, 8, -0.449993
73, 24, 9, -0.479682
73, 24, 10, -0.468780
73, 24, 11, -0.454642
73, 24, 12, -0.459244
73, 24, 13, -0.485794
73, 24, 14, -0.417261
73, 24, 15, -0.376330
73, 24, 16, -0.342572
73, 24, 17, -0.261399
73, 24, 18, -0.133617
73, 24, 19, -0.019181
73, 24, 20, 0.167942
73, 24, 21, 0.503021
73, 24, 22, 1.012140
73, 24, 23, 1.610773
73, 24, 24, 100.000000
73, 24, 25, 100.000000
73, 24, 26, 100.000000
73, 24, 27, 100.000000
73, 24, 28, 100.000000
73, 24, 29, 100.000000
73, 24, 30, 100.000000
73, 24, 31, 100.000000
73, 24, 32, 100.000000
73, 24, 33, 100.000000
73, 24, 34, 100.000000
73, 25, 0, 0.370821
73, 25, 1, -0.104039
73, 25, 2, -0.359037
73, 25, 3, -0.423679
73, 25, 4, -0.435249
73, 25, 5, -0.452538
73, 25, 6, -0.475822
73, 25, 7, -0.457633
73, 25, 8, -0.450976
73, 25, 9, -0.481542
73, 25, 10, -0.476649
73, 25, 11, -0.455922
73, 25, 12, -0.464033
73, 25, 13, -0.452986
73, 25, 14, -0.390520
73, 25, 15, -0.378011
73, 25, 16, -0.357969
73, 25, 17, -0.279624
73, 25, 18, -0.173822
73, 25, 19, -0.033981
73, 25, 20, 0.188985
73, 25, 21, 0.585251
73, 25, 22, 1.143475
73, 25, 23, 1.784463
73, 25, 24, 100.000000
73, 25, 25, 100.000000
73, 25, 26, 100.000000
73, 25, 27, 100.000000
73, 25, 28, 100.000000
73, 25, 29, 100.000000
73, 25, 30, 100.000000
73, 25, 31, 100.000000
73, 25, 32, 100.000000
73, 25, 33, 100.000000
73, 25, 34, 100.000000
73, 26, 0, 0.350618
73, 26, 1, -0.126219
73, 26, 2, -0.392535
73, 26, 3, -0.449876
73, 26, 4, -0.454164
73, 26, 5, -0.455635
73, 26, 6, -0.448821
73, 26, 7, -0.453832
73, 26, 8, -0.453832
73, 26, 9, -0.461617
73, 26, 10, -0.467384
73, 26, 11, -0.445302
73, 26, 12, -0.440836
73, 26, 13, -0.427630
73, 26, 14, -0.402709
73, 26, 15, -0.409316
73, 26, 16, -0.384814
73, 26, 17, -0.305347
73, 26, 18, -0.201661
73, 26, 19, -0.029208
73, 26, 20, 0.234684
73, 26, 21, 0.719086
73, 26, 22, 1.317166
73, 26, 23, 1.914156
73, 26, 24, 100.000000
73, 26, 25, 100.000000
73, 26, 26, 100.000000
73, 26, 27, 100.000000
73, 26, 28, 100.000000
73, 26, 29, 100.000000
73, 26, 30, 100.000000
73, 26, 31, 100.000000
73, 26, 32, 100.000000
73, 26, 33, 100.000000
73, 26, 34, 100.000000
73, 27, 0, 0.365163
73, 27, 1, -0.134151
73, 27, 2, -0.396979
73, 27, 3, -0.449267
73, 27, 4, -0.451356
73, 27, 5, -0.475636
73, 27, 6, -0.466184
73, 27, 7, -0.459030
73, 27, 8, -0.447521
73, 27, 9, -0.450028
73, 27, 10, -0.441460
73, 27, 11, -0.416504
73, 27, 12, -0.398864
73, 27, 13, -0.408359
73, 27, 14, -0.409075
73, 27, 15, -0.395277
73, 27, 16, -0.373151
73, 27, 17, -0.319615
73, 27, 18, -0.206674
73, 27, 19, -0.026595
73, 27, 20, 0.303930
73, 27, 21, 0.807672
73, 27, 22, 1.396207
73, 27, 23, 2.138081
73, 27, 24, 100.000000
73, 27, 25, 100.000000
73, 27, 26, 100.000000
73, 27, 27, 100.000000
73, 27, 28, 100.000000
73, 27, 29, 100.000000
73, 27, 30, 100.000000
73, 27, 31, 100.000000
73, 27, 32, 100.000000
73, 27, 33, 100.000000
73, 27, 34, 100.000000
73, 28, 0, 0.376189
73, 28, 1, -0.114652
73, 28, 2, -0.349652
73, 28, 3, -0.411781
73, 28, 4, -0.428426
73, 28, 5, -0.435486
73, 28, 6, -0.430203
73, 28, 7, -0.423861
73, 28, 8, -0.402750
73, 28, 9, -0.364797
73, 28, 10, -0.352095
73, 28, 11, -0.348533
73, 28, 12, -0.343404
73, 28, 13, -0.339042
73, 28, 14, -0.350480
73, 28, 15, -0.354386
73, 28, 16, -0.349559
73, 28, 17, -0.297332
73, 28, 18, -0.197893
73, 28, 19, -0.024922
73, 28, 20, 0.348040
73, 28, 21, 0.864359
73, 28, 22, 1.410926
73, 28, 23, 2.325449
73, 28, 24, 100.000000
73, 28, 25, 100.000000
73, 28, 26, 100.000000
73, 28, 27, 100.000000
73, 28, 28, 100.000000
73, 28, 29, 100.000000
73, 28, 30, 100.000000
73, 28, 31, 100.000000
73, 28, 32, 100.000000
73, 28, 33, 100.000000
73, 28, 34, 100.000000
73, 29, 0, 0.424888
73, 29, 1, 0.049646
73, 29, 2, -0.077716
73, 29, 3, -0.105705
73, 29, 4, -0.116380
73, 29, 5, -0.121236
73, 29, 6, -0.112999
73, 29, 7, -0.104008
73, 29, 8, -0.099990
73, 29, 9, -0.090485
73, 29, 10, -0.077221
73, 29, 11, -0.083228
73, 29, 12, -0.086044
73, 29, 13, -0.071041
73, 29, 14, -0.078006
73, 29, 15, -0.096040
73, 29, 16, -0.110084
73, 29, 17, -0.081948
73, 29, 18, -0.031290
73, 29, 19, 0.063888
73, 29, 20, 0.414063
73, 29, 21, 0.946831
73, 29, 22, 1.520956
73, 29, 23, 2.335075
73, 29, 24, 100.000000
73, 29, 25, 100.000000
73, 29, 26, 100.000000
73, 29, 27, 100.000000
73, 29, 28, 100.000000
73, 29, 29, 100.000000
73, 29, 30, 100.000000
73, 29, 31, 100.000000
73, 29, 32, 100.000000
73, 29, 33, 100.000000
73, 29, 34, 100.000000
74, 0, 0, 0.778695
74, 0, 1, 0.475611
74, 0, 2, 0.426634
74, 0, 3, 0.426317
74, 0, 4, 0.434047
74, 0, 5, 0.423408
74, 0, 6, 0.437135
74, 0, 7, 0.441575
74, 0, 8, 0.427485
74, 0, 9, 0.422449
74, 0, 10, 0.426254
74, 0, 11, 0.413649
74, 0, 12, 0.385840
74, 0, 13, 0.376143
74, 0, 14, 0.388504
74, 0, 15, 0.409022
74, 0, 16, 0.434981
74, 0, 17, 0.481814
74, 0, 18, 0.518047
74, 0, 19, 0.534932
74, 0, 20, 0.595358
74, 0, 21, 0.774274
74, 0, 22, 1.022133
74, 0, 23, 0.581429
74, 0, 24, 0.405237
74, 0, 25, 0.713635
74, 0, 26, 1.473221
74, 0, 27, 2.383452
74, 0, 28, 100.000000
74, 0, 29, 100.000000
74, 0, 30, 100.000000
74, 0, 31, 100.000000
74, 0, 32, 100.000000
74, 0, 33, 100.000000
74, 0, 34, 100.000000
74, 1, 0, 0.459329
74, 1, 1, 0.000895
74, 1, 2, -0.098812
74, 1, 3, -0.080747
74, 1, 4, -0.073818
74, 1, 5, -0.068297
74, 1, 6, -0.050712
74, 1, 7, -0.038303
74, 1, 8, -0.067297
74, 1, 9, -0.092689
74, 1, 10, -0.100483
74, 1, 11, -0.119974
74, 1, 12, -0.152981
74, 1, 13, -0.172759
74, 1, 14, -0.164787
74, 1, 15, -0.153940
74, 1, 16, -0.140542
74, 1, 17, -0.085437
74, 1, 18, -0.023665
74, 1, 19, 0.011581
74, 1, 20, 0.124417
74, 1, 21, 0.363207
74, 1, 22, 0.654698
74, 1, 23, 0.609955
74, 1, 24, -0.089327
74, 1, 25, 0.470912
74, 1, 26, 1.333947
74, 1, 27, 2.289992
74, 1, 28, 100.000000
74, 1, 29, 100.000000
74, 1, 30, 100.000000
74, 1, 31, 100.000000
74, 1, 32, 100.000000
74, 1, 33, 100.000000
74, 1, 34, 100.000000
74, 2, 0, 0.395211
74, 2, 1, -0.116047
74, 2, 2, -0.346905
74, 2, 3, -0.388453
74, 2, 4, -0.389964
74, 2, 5, -0.383638
74, 2, 6, -0.368256
74, 2, 7, -0.341415
74, 2, 8, -0.357474
74, 2, 9, -0.370723
74, 2, 10, -0.386176
74, 2, 11, -0.392156
74, 2, 12, -0.406462
74, 2, 13, -0.421691
74, 2, 14, -0.413683
74, 2, 15, -0.370029
74, 2, 16, -0.374962
74, 2, 17, -0.392925
74, 2, 18, -0.328950
74, 2, 19, -0.224092
74, 2, 20, -0.061840
74, 2, 21, 0.177141
74, 2, 22, 0.524523
74, 2, 23, 0.839399
74, 2, 24, 0.437473
74, 2, 25, 1.053170
74, 2, 26, 1.698437
74, 2, 27, 100.000000
74, 2, 28, 100.000000
74, 2, 29, 100.000000
74, 2, 30, 100.000000
74, 2, 31, 100.000000
74, 2, 32, 100.000000
74, 2, 33, 100.000000
74, 2, 34, 100.000000
74, 3, 0, 0.366517
74, 3, 1, -0.110840
74, 3, 2, -0.344847
74, 3, 3, -0.420549
74, 3, 4, -0.463307
74, 3, 5, -0.459147
74, 3, 6, -0.480512
74, 3, 7, -0.434912
74, 3, 8, -0.408262
74, 3, 9, -0.406573
74, 3, 10, -0.418041
74, 3, 11, -0.443239
74, 3, 12, -0.441477
74, 3, 13, -0.433012
74, 3, 14, -0.404750
74, 3, 15, -0.371051
74, 3, 16, -0.390079
74, 3, 17, -0.416815
74, 3, 18, -0.359142
74, 3, 19, -0.275065
74, 3, 20, -0.115818
74, 3, 21, 0.137411
74, 3, 22, 0.496288
74, 3, 23, 1.003590
74, 3, 24, 1.258280
74, 3, 25, 1.925324
74, 3, 26, 2.381473
74, 3, 27, 100.000000
74, 3, 28, 100.000000
74, 3, 29, 100.000000
74, 3, 30, 100.000000
74, 3, 31, 100.000000
74, 3, 32, 100.000000
74, 3, 33, 100.000000
74, 3, 34, 100.000000
74, 4, 0, 0.351471
74, 4, 1, -0.121342
74, 4, 2, -0.372436
74, 4, 3, -0.452282
74, 4, 4, -0.455020
74, 4, 5, -0.457962
74, 4, 6, -0.463553
74, 4, 7, -0.438700
74, 4, 8, -0.423248
74, 4, 9, -0.432253
74, 4, 10, -0.407079
74, 4, 11, -0.451896
74, 4, 12, -0.454020
74, 4, 13, -0.441767
74, 4, 14, -0.426064
74, 4, 15, -0.381031
74, 4, 16, -0.384100
74, 4, 17, -0.386301
74, 4, 18, -0.336091
74, 4, 19, -0.292496
74, 4, 20, -0.162948
74, 4, 21, 0.098978
74, 4, 22, 0.465041
74, 4, 23, 1.046755
74, 4, 24, 1.666049
74, 4, 25, 100.000000
74, 4, 26, 100.000000
74, 4, 27, 100.000000
74, 4, 28, 100.000000
74, 4, 29, 100.000000
74, 4, 30, 100.000000
74, 4, 31, 100.000000
74, 4, 32, 100.000000
74, 4, 33, 100.000000
74, 4, 34, 100.000000
74, 5, 0, 0.351494
74, 5, 1, -0.131782
74, 5, 2, -0.378946
74, 5, 3, -0.463010
74, 5, 4, -0.464105
74, 5, 5, -0.442788
74, 5, 6, -0.431767
74, 5, 7, -0.419776
74, 5, 8, -0.427093
74, 5, 9, -0.443879
74, 5, 10, -0.427585
74, 5, 11, -0.437481
74, 5, 12, -0.444330
74, 5, 13, -0.452534
74, 5, 14, -0.444026
74, 5, 15, -0.392249
74, 5, 16, -0.377987
74, 5, 17, -0.376490
74, 5, 18, -0.347674
74, 5, 19, -0.318827
74, 5, 20, -0.180530
74, 5, 21, 0.077608
74, 5, 22, 0.461258
74, 5, 23, 1.066009
74, 5, 24, 1.669271
74, 5, 25, 2.481998
74, 5, 26, 100.000000
74, 5, 27, 100.000000
74, 5, 28, 100.000000
74, 5, 29, 100.000000
74, 5, 30, 100.000000
74, 5, 31, 100.000000
74, 5, 32, 100.000000
74, 5, 33, 100.000000
74, 5, 34, 100.000000
74, 6, 0, 0.337383
74, 6, 1, -0.169664
74, 6, 2, -0.388753
74, 6, 3, -0.447733
74, 6, 4, -0.463736
74, 6, 5, -0.430754
74, 6, 6, -0.425556
74, 6, 7, -0.427414
74, 6, 8, -0.425018
74, 6, 9, -0.431336
74, 6, 10, -0.428189
74, 6, 11, -0.431729
74, 6, 12, -0.435205
74, 6, 13, -0.467887
74, 6, 14, -0.443893
74, 6, 15, -0.386024
74, 6, 16, -0.354320
74, 6, 17, -0.391931
74, 6, 18, -0.349495
74, 6, 19, -0.291480
74, 6, 20, -0.166653
74, 6, 21, 0.103801
74, 6, 22, 0.509408
74, 6, 23, 1.068733
74, 6, 24, 1.582216
74, 6, 25, 2.358472
74, 6, 26, 100.000000
74, 6, 27, 100.000000
74, 6, 28, 100.000000
74, 6, 29, 100.000000
74, 6, 30, 100.000000
74, 6, 31, 100.000000
74, 6, 32, 100.000000
74, 6, 33, 100.000000
74, 6, 34, 100.000000
74, 7, 0, 0.325401
74, 7, 1, -0.200774
74, 7, 2, -0.422897
74, 7, 3, -0.429954
74, 7, 4, -0.487429
74, 7, 5, -0.455707
74, 7, 6, -0.448257
74, 7, 7, -0.444541
74, 7, 8, -0.435126
74, 7, 9, -0.418639
74, 7, 10, -0.422336
74, 7, 11, -0.418988
74, 7, 12, -0.436289
74, 7, 13, -0.447507
74, 7, 14, -0.475871
74, 7, 15, -0.399330
74, 7, 16, -0.362340
74, 7, 17, -0.374393
74, 7, 18, -0.346872
74, 7, 19, -0.283701
74, 7, 20, -0.171529
74, 7, 21, 0.105623
74, 7, 22, 0.504388
74, 7, 23, 1.052275
74, 7, 24, 1.584384
74, 7, 25, 2.298520
74, 7, 26, 100.000000
74, 7, 27, 100.000000
74, 7, 28, 100.000000
74, 7, 29, 100.000000
74, 7, 30, 100.000000
74, 7, 31, 100.000000
74, 7, 32, 100.000000
74, 7, 33, 100.000000
74, 7, 34, 100.000000
74, 8, 0, 0.335283
74, 8, 1, -0.188442
74, 8, 2, -0.428188
74, 8, 3, -0.438624
74, 8, 4, -0.468720
74, 8, 5, -0.468594
74, 8, 6, -0.473791
74, 8, 7, -0.467014
74, 8, 8, -0.432122
74, 8, 9, -0.403273
74, 8, 10, -0.416631
74, 8, 11, -0.408078
74, 8, 12, -0.424642
74, 8, 13, -0.448339
74, 8, 14, -0.442629
74, 8, 15, -0.426513
74, 8, 16, -0.392838
74, 8, 17, -0.370611
74, 8, 18, -0.335762
74, 8, 19, -0.275860
74, 8, 20, -0.177976
74, 8, 21, 0.048453
74, 8, 22, 0.413405
74, 8, 23, 0.940542
74, 8, 24, 1.537008
74, 8, 25, 2.312196
74, 8, 26, 100.000000
74, 8, 27, 100.000000
74, 8, 28, 100.000000
74, 8, 29, 100.000000
74, 8, 30, 100.000000
74, 8, 31, 100.000000
74, 8, 32, 100.000000
74, 8, 33, 100.000000
74, 8, 34, 100.000000
74, 9, 0, 0.321056
74, 9, 1, -0.167689
74, 9, 2, -0.395379
74, 9, 3, -0.432585
74, 9, 4, -0.444621
74, 9, 5, -0.463095
74, 9, 6, -0.477348
74, 9, 7, -0.448905
74, 9, 8, -0.428154
74, 9, 9, -0.419297
74, 9, 10, -0.429182
74, 9, 11, -0.426788
74, 9, 12, -0.428961
74, 9, 13, -0.442489
74, 9, 14, -0.415473
74, 9, 15, -0.442027
74, 9, 16, -0.389802
74, 9, 17, -0.333913
74, 9, 18, -0.300124
74, 9, 19, -0.260405
74, 9, 20, -0.152214
74, 9, 21, 0.047857
74, 9, 22, 0.382658
74, 9, 23, 0.876841
74, 9, 24, 1.443295
74, 9, 25, 2.097940
74, 9, 26, 100.000000
74, 9, 27, 100.000000
74, 9, 28, 100.000000
74, 9, 29, 100.000000
74, 9, 30, 100.000000
74, 9, 31, 100.000000
74, 9, 32, 100.000000
74, 9, 33, 100.000000
74, 9, 34, 100.000000
74, 10, 0, 0.284131
74, 10, 1, -0.158510
74, 10, 2, -0.362252
74, 10, 3, -0.424182
74, 10, 4, -0.451955
74, 10, 5, -0.463443
74, 10, 6, -0.457870
74, 10, 7, -0.446797
74, 10, 8, -0.425185
74, 10, 9, -0.408353
74, 10, 10, -0.436317
74, 10, 11, -0.449135
74, 10, 12, -0.440402
74, 10, 13, -0.441677
74, 10, 14, -0.415688
74, 10, 15, -0.400031
74, 10, 16, -0.388032
74, 10, 17, -0.317534
74, 10, 18, -0.277531
74, 10, 19, -0.224741
74, 10, 20, -0.079373
74, 10, 21, 0.150833
74, 10, 22, 0.492622
74, 10, 23, 0.989199
74, 10, 24, 1.557753
74, 10, 25, 2.259391
74, 10, 26, 100.000000
74, 10, 27, 100.000000
74, 10, 28, 100.000000
74, 10, 29, 100.000000
74, 10, 30, 100.000000
74, 10, 31, 100.000000
74, 10, 32, 100.000000
74, 10, 33, 100.000000
74, 10, 34, 100.000000
74, 11, 0, 0.283528
74, 11, 1, -0.169169
74, 11, 2, -0.351981
74, 11, 3, -0.427381
74, 11, 4, -0.464552
74, 11, 5, -0.457999
74, 11, 6, -0.449641
74, 11, 7, -0.443959
74, 11, 8, -0.427395
74, 11, 9, -0.429312
74, 11, 10, -0.443304
74, 11, 11, -0.447984
74, 11, 12, -0.447141
74, 11, 13, -0.432313
74, 11, 14, -0.430928
74, 11, 15, -0.461422
74, 11, 16, -0.462312
74, 11, 17, -0.385747
74, 11, 18, -0.339326
74, 11, 19, -0.271904
74, 11, 20, -0.063132
74, 11, 21, 0.277729
74, 11, 22, 0.685696
74, 11, 23, 1.175267
74, 11, 24, 1.734804
74, 11, 25, 2.410381
74, 11, 26, 100.000000
74, 11, 27, 100.000000
74, 11, 28, 100.000000
74, 11, 29, 100.000000
74, 11, 30, 100.000000
74, 11, 31, 100.000000
74, 11, 32, 100.000000
74, 11, 33, 100.000000
74, 11, 34, 100.000000
74, 12, 0, 0.323323
74, 12, 1, -0.177781
74, 12, 2, -0.376829
74, 12, 3, -0.426897
74, 12, 4, -0.484651
74, 12, 5, -0.480698
74, 12, 6, -0.481177
74, 12, 7, -0.461521
74, 12, 8, -0.450918
74, 12, 9, -0.445856
74, 12, 10, -0.471296
74, 12, 11, -0.459412
74, 12, 12, -0.473644
74, 12, 13, -0.439661
74, 12, 14, -0.410578
74, 12, 15, -0.445030
74, 12, 16, -0.463568
74, 12, 17, -0.404575
74, 12, 18, -0.346401
74, 12, 19, -0.288634
74, 12, 20, -0.079699
74, 12, 21, 0.316695
74, 12, 22, 0.828332
74, 12, 23, 1.241096
74, 12, 24, 1.579932
74, 12, 25, 1.999906
74, 12, 26, 100.000000
74, 12, 27, 100.000000
74, 12, 28, 100.000000
74, 12, 29, 100.000000
74, 12, 30, 100.000000
74, 12, 31, 100.000000
74, 12, 32, 100.000000
74, 12, 33, 100.000000
74, 12, 34, 100.000000
74, 13, 0, 0.350768
74, 13, 1, -0.173728
74, 13, 2, -0.394584
74, 13, 3, -0.435674
74, 13, 4, -0.471249
74, 13, 5, -0.474624
74, 13, 6, -0.491051
74, 13, 7, -0.464928
74, 13, 8, -0.461776
74, 13, 9, -0.438044
74, 13, 10, -0.468622
74, 13, 11, -0.465413
74, 13, 12, -0.475112
74, 13, 13, -0.444848
74, 13, 14, -0.406949
74, 13, 15, -0.433439
74, 13, 16, -0.450896
74, 13, 17, -0.374105
74, 13, 18, -0.299364
74, 13, 19, -0.230023
74, 13, 20, -0.044786
74, 13, 21, 0.315955
74, 13, 22, 0.809911
74, 13, 23, 1.155050
74, 13, 24, 1.490953
74, 13, 25, 1.955349
74, 13, 26, 100.000000
74, 13, 27, 100.000000
74, 13, 28, 100.000000
74, 13, 29, 100.000000
74, 13, 30, 100.000000
74, 13, 31, 100.000000
74, 13, 32, 100.000000
74, 13, 33, 100.000000
74, 13, 34, 100.000000
74, 14, 0, 0.365056
74, 14, 1, -0.131336
74, 14, 2, -0.370569
74, 14, 3, -0.437573
74, 14, 4, -0.479986
74, 14, 5, -0.482826
74, 14, 6, -0.483044
74, 14, 7, -0.480677
74, 14, 8, -0.463413
74, 14, 9, -0.439908
74, 14, 10, -0.456317
74, 14, 11, -0.438603
74, 14, 12, -0.445026
74, 14, 13, -0.440445
74, 14, 14, -0.413344
74, 14, 15, -0.412741
74, 14, 16, -0.434620
74, 14, 17, -0.372688
74, 14, 18, -0.288241
74, 14, 19, -0.214754
74, 14, 20, -0.050037
74, 14, 21, 0.254342
74, 14, 22, 0.700514
74, 14, 23, 1.132777
74, 14, 24, 1.494650
74, 14, 25, 2.028546
74, 14, 26, 100.000000
74, 14, 27, 100.000000
74, 14, 28, 100.000000
74, 14, 29, 100.000000
74, 14, 30, 100.000000
74, 14, 31, 100.000000
74, 14, 32, 100.000000
74, 14, 33, 100.000000
74, 14, 34, 100.000000
74, 15, 0, 0.370347
74, 15, 1, -0.087999
74, 15, 2, -0.308660
74, 15, 3, -0.416974
74, 15, 4, -0.481233
74, 15, 5, -0.478155
74, 15, 6, -0.484947
74, 15, 7, -0.472718
74, 15, 8, -0.460421
74, 15, 9, -0.462654
74, 15, 10, -0.444632
74, 15, 11, -0.429647
74, 15, 12, -0.437692
74, 15, 13, -0.433371
74, 15, 14, -0.411564
74, 15, 15, -0.388419
74, 15, 16, -0.380876
74, 15, 17, -0.351451
74, 15, 18, -0.266327
74, 15, 19, -0.180073
74, 15, 20, -0.054384
74, 15, 21, 0.219951
74, 15, 22, 0.645052
74, 15, 23, 1.105229
74, 15, 24, 1.418672
74, 15, 25, 2.031682
74, 15, 26, 100.000000
74, 15, 27, 100.000000
74, 15, 28, 100.000000
74, 15, 29, 100.000000
74, 15, 30, 100.000000
74, 15, 31, 100.000000
74, 15, 32, 100.000000
74, 15, 33, 100.000000
74, 15, 34, 100.000000
74, 16, 0, 0.332442
74, 16, 1, -0.110262
74, 16, 2, -0.279062
74, 16, 3, -0.342084
74, 16, 4, -0.441915
74, 16, 5, -0.478161
74, 16, 6, -0.472419
74, 16, 7, -0.469367
74, 16, 8, -0.440654
74, 16, 9, -0.441661
74, 16, 10, -0.439996
74, 16, 11, -0.458657
74, 16, 12, -0.449849
74, 16, 13, -0.430880
74, 16, 14, -0.416708
74, 16, 15, -0.401412
74, 16, 16, -0.366287
74, 16, 17, -0.293883
74, 16, 18, -0.216813
74, 16, 19, -0.171136
74, 16, 20, -0.067221
74, 16, 21, 0.191336
74, 16, 22, 0.633316
74, 16, 23, 1.142199
74, 16, 24, 1.524682
74, 16, 25, 2.312622
74, 16, 26, 100.000000
74, 16, 27, 100.000000
74, 16, 28, 100.000000
74, 16, 29, 100.000000
74, 16, 30, 100.000000
74, 16, 31, 100.000000
74, 16, 32, 100.000000
74, 16, 33, 100.000000
74, 16, 34, 100.000000
74, 17, 0, 0.288625
74, 17, 1, -0.170966
74, 17, 2, -0.318417
74, 17, 3, -0.330569
74, 17, 4, -0.395263
74, 17, 5, -0.462425
74, 17, 6, -0.480865
74, 17, 7, -0.488945
74, 17, 8, -0.474465
74, 17, 9, -0.437983
74, 17, 10, -0.444608
74, 17, 11, -0.452116
74, 17, 12, -0.449076
74, 17, 13, -0.439932
74, 17, 14, -0.436833
74, 17, 15, -0.444648
74, 17, 16, -0.405052
74, 17, 17, -0.300043
74, 17, 18, -0.213029
74, 17, 19, -0.165650
74, 17, 20, -0.074837
74, 17, 21, 0.173738
74, 17, 22, 0.635632
74, 17, 23, 1.168473
74, 17, 24, 1.755678
74, 17, 25, 100.000000
74, 17, 26, 100.000000
74, 17, 27, 100.000000
74, 17, 28, 100.000000
74, 17, 29, 100.000000
74, 17, 30, 100.000000
74, 17, 31, 100.000000
74, 17, 32, 100.000000
74, 17, 33, 100.000000
74, 17, 34, 100.000000
74, 18, 0, 0.268869
74, 18, 1, -0.202977
74, 18, 2, -0.354634
74, 18, 3, -0.364457
74, 18, 4, -0.419630
74, 18, 5, -0.458069
74, 18, 6, -0.476622
74, 18, 7, -0.461358
74, 18, 8, -0.462722
74, 18, 9, -0.465136
74, 18, 10, -0.443490
74, 18, 11, -0.435939
74, 18, 12, -0.469216
74, 18, 13, -0.481098
74, 18, 14, -0.455115
74, 18, 15, -0.451126
74, 18, 16, -0.398626
74, 18, 17, -0.338724
74, 18, 18, -0.254934
74, 18, 19, -0.170901
74, 18, 20, -0.052051
74, 18, 21, 0.193542
74, 18, 22, 0.645228
74, 18, 23, 1.224832
74, 18, 24, 1.897083
74, 18, 25, 100.000000
74, 18, 26, 100.000000
74, 18, 27, 100.000000
74, 18, 28, 100.000000
74, 18, 29, 100.000000
74, 18, 30, 100.000000
74, 18, 31, 100.000000
74, 18, 32, 100.000000
74, 18, 33, 100.000000
74, 18, 34, 100.000000
74, 19, 0, 0.276011
74, 19, 1, -0.211711
74, 19, 2, -0.369390
74, 19, 3, -0.385048
74, 19, 4, -0.448186
74, 19, 5, -0.458813
74, 19, 6, -0.441770
74, 19, 7, -0.472074
74, 19, 8, -0.462003
74, 19, 9, -0.465596
74, 19, 10, -0.446039
74, 19, 11, -0.454487
74, 19, 12, -0.461615
74, 19, 13, -0.452481
74, 19, 14, -0.446521
74, 19, 15, -0.436237
74, 19, 16, -0.405322
74, 19, 17, -0.364511
74, 19, 18, -0.277646
74, 19, 19, -0.168258
74, 19, 20, 0.008231
74, 19, 21, 0.285139
74, 19, 22, 0.765901
74, 19, 23, 1.401516
74, 19, 24, 2.081194
74, 19, 25, 100.000000
74, 19, 26, 100.000000
74, 19, 27, 100.000000
74, 19, 28, 100.000000
74, 19, 29, 100.000000
74, 19, 30, 100.000000
74, 19, 31, 100.000000
74, 19, 32, 100.000000
74, 19, 33, 100.000000
74, 19, 34, 100.000000
74, 20, 0, 0.304718
74, 20, 1, -0.189487
74, 20, 2, -0.368524
74, 20, 3, -0.396199
74, 20, 4, -0.464725
74, 20, 5, -0.477020
74, 20, 6, -0.438147
74, 20, 7, -0.452829
74, 20, 8, -0.481206
74, 20, 9, -0.468896
74, 20, 10, -0.453700
74, 20, 11, -0.484196
74, 20, 12, -0.476220
74, 20, 13, -0.465765
74, 20, 14, -0.459424
74, 20, 15, -0.448964
74, 20, 16, -0.431952
74, 20, 17, -0.373172
74, 20, 18, -0.264655
74, 20, 19, -0.139830
74, 20, 20, 0.071994
74, 20, 21, 0.386931
74, 20, 22, 0.845266
74, 20, 23, 1.435975
74, 20, 24, 2.184694
74, 20, 25, 100.000000
74, 20, 26, 100.000000
74, 20, 27, 100.000000
74, 20, 28, 100.000000
74, 20, 29, 100.000000
74, 20, 30, 100.000000
74, 20, 31, 100.000000
74, 20, 32, 100.000000
74, 20, 33, 100.000000
74, 20, 34, 100.000000
74, 21, 0, 0.308449
74, 21, 1, -0.177221
74, 21, 2, -0.371339
74, 21, 3, -0.405374
74, 21, 4, -0.444799
74, 21, 5, -0.460935
74, 21, 6, -0.449902
74, 21, 7, -0.433527
74, 21, 8, -0.474924
74, 21, 9, -0.473419
74, 21, 10, -0.466365
74, 21, 11, -0.490434
74, 21, 12, -0.481013
74, 21, 13, -0.480303
74, 21, 14, -0.473658
74, 21, 15, -0.463382
74, 21, 16, -0.443682
74, 21, 17, -0.366474
74, 21, 18, -0.250149
74, 21, 19, -0.121554
74, 21, 20, 0.082116
74, 21, 21, 0.417131
74, 21, 22, 0.803672
74, 21, 23, 1.283295
74, 21, 24, 1.940013
74, 21, 25, 100.000000
74, 21, 26, 100.000000
74, 21, 27, 100.000000
74, 21, 28, 100.000000
74, 21, 29, 100.000000
74, 21, 30, 100.000000
74, 21, 31, 100.000000
74, 21, 32, 100.000000
74, 21, 33, 100.000000
74, 21, 34, 100.000000
74, 22, 0, 0.314280
74, 22, 1, -0.170445
74, 22, 2, -0.373910
74, 22, 3, -0.413804
74, 22, 4, -0.430627
74, 22, 5, -0.428887
74, 22, 6, -0.420249
74, 22, 7, -0.408924
74, 22, 8, -0.467441
74, 22, 9, -0.469038
74, 22, 10, -0.466038
74, 22, 11, -0.483837
74, 22, 12, -0.474866
74, 22, 13, -0.478189
74, 22, 14, -0.477412
74, 22, 15, -0.478262
74, 22, 16, -0.458119
74, 22, 17, -0.367613
74, 22, 18, -0.248168
74, 22, 19, -0.145079
74, 22, 20, 0.027424
74, 22, 21, 0.366596
74, 22, 22, 0.748019
74, 22, 23, 1.151177
74, 22, 24, 1.793898
74, 22, 25, 100.000000
74, 22, 26, 100.000000
74, 22, 27, 100.000000
74, 22, 28, 100.000000
74, 22, 29, 100.000000
74, 22, 30, 100.000000
74, 22, 31, 100.000000
74, 22, 32, 100.000000
74, 22, 33, 100.000000
74, 22, 34, 100.000000
74, 23, 0, 0.340468
74, 23, 1, -0.146164
74, 23, 2, -0.377975
74, 23, 3, -0.426820
74, 23, 4, -0.462623
74, 23, 5, -0.457024
74, 23, 6, -0.424458
74, 23, 7, -0.392563
74, 23, 8, -0.457002
74, 23, 9, -0.464934
74, 23, 10, -0.455416
74, 23, 11, -0.481437
74, 23, 12, -0.487814
74, 23, 13, -0.474276
74, 23, 14, -0.454897
74, 23, 15, -0.460440
74, 23, 16, -0.441829
74, 23, 17, -0.351033
74, 23, 18, -0.236004
74, 23, 19, -0.159162
74, 23, 20, -0.017718
74, 23, 21, 0.310822
74, 23, 22, 0.763104
74, 23, 23, 1.157773
74, 23, 24, 1.835532
74, 23, 25, 100.000000
74, 23, 26, 100.000000
74, 23, 27, 100.000000
74, 23, 28, 100.000000
74, 23, 29, 100.000000
74, 23, 30, 100.000000
74, 23, 31, 100.000000
74, 23, 32, 100.000000
74, 23, 33, 100.000000
74, 23, 34, 100.000000
74, 24, 0, 0.356749
74, 24, 1, -0.117289
74, 24, 2, -0.358020
74, 24, 3, -0.454667
74, 24, 4, -0.470781
74, 24, 5, -0.471494
74, 24, 6, -0.463039
74, 24, 7, -0.413990
74, 24, 8, -0.449059
74, 24, 9, -0.477549
74, 24, 10, -0.464920
74, 24, 11, -0.485445
74, 24, 12, -0.494943
74, 24, 13, -0.482293
74, 24, 14, -0.478244
74, 24, 15, -0.443648
74, 24, 16, -0.391751
74, 24, 17, -0.313340
74, 24, 18, -0.223644
74, 24, 19, -0.151688
74, 24, 20, -0.014180
74, 24, 21, 0.317831
74, 24, 22, 0.789530
74, 24, 23, 1.283327
74, 24, 24, 2.036984
74, 24, 25, 100.000000
74, 24, 26, 100.000000
74, 24, 27, 100.000000
74, 24, 28, 100.000000
74, 24, 29, 100.000000
74, 24, 30, 100.000000
74, 24, 31, 100.000000
74, 24, 32, 100.000000
74, 24, 33, 100.000000
74, 24, 34, 100.000000
74, 25, 0, 0.352571
74, 25, 1, -0.109865
74, 25, 2, -0.355325
74, 25, 3, -0.424744
74, 25, 4, -0.420227
74, 25, 5, -0.440697
74, 25, 6, -0.447888
74, 25, 7, -0.449929
74, 25, 8, -0.438929
74, 25, 9, -0.451981
74, 25, 10, -0.470780
74, 25, 11, -0.485172
74, 25, 12, -0.473728
74, 25, 13, -0.457750
74, 25, 14, -0.419068
74, 25, 15, -0.391153
74, 25, 16, -0.361353
74, 25, 17, -0.315862
74, 25, 18, -0.246603
74, 25, 19, -0.155365
74, 25, 20, -0.006540
74, 25, 21, 0.356161
74, 25, 22, 0.864605
74, 25, 23, 1.405350
74, 25, 24, 2.148921
74, 25, 25, 100.000000
74, 25, 26, 100.000000
74, 25, 27, 100.000000
74, 25, 28, 100.000000
74, 25, 29, 100.000000
74, 25, 30, 100.000000
74, 25, 31, 100.000000
74, 25, 32, 100.000000
74, 25, 33, 100.000000
74, 25, 34, 100.000000
74, 26, 0, 0.361510
74, 26, 1, -0.113921
74, 26, 2, -0.395787
74, 26, 3, -0.464366
74, 26, 4, -0.447572
74, 26, 5, -0.440461
74, 26, 6, -0.433124
74, 26, 7, -0.457291
74, 26, 8, -0.447571
74, 26, 9, -0.435973
74, 26, 10, -0.443013
74, 26, 11, -0.436594
74, 26, 12, -0.428490
74, 26, 13, -0.427616
74, 26, 14, -0.406806
74, 26, 15, -0.396842
74, 26, 16, -0.390611
74, 26, 17, -0.374234
74, 26, 18, -0.273488
74, 26, 19, -0.150690
74, 26, 20, 0.038514
74, 26, 21, 0.453282
74, 26, 22, 1.001577
74, 26, 23, 1.550536
74, 26, 24, 2.260547
74, 26, 25, 100.000000
74, 26, 26, 100.000000
74, 26, 27, 100.000000
74, 26, 28, 100.000000
74, 26, 29, 100.000000
74, 26, 30, 100.000000
74, 26, 31, 100.000000
74, 26, 32, 100.000000
74, 26, 33, 100.000000
74, 26, 34, 100.000000
74, 27, 0, 0.364440
74, 27, 1, -0.141439
74, 27, 2, -0.417427
74, 27, 3, -0.455671
74, 27, 4, -0.445875
74, 27, 5, -0.458375
74, 27, 6, -0.452904
74, 27, 7, -0.451683
74, 27, 8, -0.451623
74, 27, 9, -0.451093
74, 27, 10, -0.438301
74, 27, 11, -0.420449
74, 27, 12, -0.402657
74, 27, 13, -0.401285
74, 27, 14, -0.396957
74, 27, 15, -0.383691
74, 27, 16, -0.395746
74, 27, 17, -0.395303
74, 27, 18, -0.299403
74, 27, 19, -0.145860
74, 27, 20, 0.118461
74, 27, 21, 0.537172
74, 27, 22, 1.099226
74, 27, 23, 1.722193
74, 27, 24, 100.000000
74, 27, 25, 100.000000
74, 27, 26, 100.000000
74, 27, 27, 100.000000
74, 27, 28, 100.000000
74, 27, 29, 100.000000
74, 27, 30, 100.000000
74, 27, 31, 100.000000
74, 27, 32, 100.000000
74, 27, 33, 100.000000
74, 27, 34, 100.000000
74, 28, 0, 0.351641
74, 28, 1, -0.146890
74, 28, 2, -0.373745
74, 28, 3, -0.444711
74, 28, 4, -0.449750
74, 28, 5, -0.446587
74, 28, 6, -0.443526
74, 28, 7, -0.428090
74, 28, 8, -0.402557
74, 28, 9, -0.381502
74, 28, 10, -0.375020
74, 28, 11, -0.386645
74, 28, 12, -0.382589
74, 28, 13, -0.354503
74, 28, 14, -0.361607
74, 28, 15, -0.371155
74, 28, 16, -0.399601
74, 28, 17, -0.373374
74, 28, 18, -0.303640
74, 28, 19, -0.159547
74, 28, 20, 0.145336
74, 28, 21, 0.595469
74, 28, 22, 1.138079
74, 28, 23, 1.944703
74, 28, 24, 100.000000
74, 28, 25, 100.000000
74, 28, 26, 100.000000
74, 28, 27, 100.000000
74, 28, 28, 100.000000
74, 28, 29, 100.000000
74, 28, 30, 100.000000
74, 28, 31, 100.000000
74, 28, 32, 100.000000
74, 28, 33, 100.000000
74, 28, 34, 100.000000
74, 29, 0, 0.409906
74, 29, 1, 0.028021
74, 29, 2, -0.087464
74, 29, 3, -0.127436
74, 29, 4, -0.124511
74, 29, 5, -0.132654
74, 29, 6, -0.132614
74, 29, 7, -0.122309
74, 29, 8, -0.105150
74, 29, 9, -0.090500
74, 29, 10, -0.085780
74, 29, 11, -0.107988
74, 29, 12, -0.113358
74, 29, 13, -0.075311
74, 29, 14, -0.079594
74, 29, 15, -0.123969
74, 29, 16, -0.145356
74, 29, 17, -0.115079
74, 29, 18, -0.081074
74, 29, 19, -0.035446
74, 29, 20, 0.219456
74, 29, 21, 0.687964
74, 29, 22, 1.219266
74, 29, 23, 2.008308
74, 29, 24, 100.000000
74, 29, 25, 100.000000
74, 29, 26, 100.000000
74, 29, 27, 100.000000
74, 29, 28, 100.000000
74, 29, 29, 100.000000
74, 29, 30, 100.000000
74, 29, 31, 100.000000
74, 29, 32, 100.000000
74, 29, 33, 100.000000
74, 29, 34, 100.000000
75, 0, 0, 0.741557
75, 0, 1, 0.448445
75, 0, 2, 0.389808
75, 0, 3, 0.406561
75, 0, 4, 0.429279
75, 0, 5, 0.439075
75, 0, 6, 0.458172
75, 0, 7, 0.469697
75, 0, 8, 0.466793
75, 0, 9, 0.437353
75, 0, 10, 0.410730
75, 0, 11, 0.397284
75, 0, 12, 0.382584
75, 0, 13, 0.361764
75, 0, 14, 0.373894
75, 0, 15, 0.408563
75, 0, 16, 0.435195
75, 0, 17, 0.459099
75, 0, 18, 0.492782
75, 0, 19, 0.506665
75, 0, 20, 0.508206
75, 0, 21, 0.626782
75, 0, 22, 0.858362
75, 0, 23, 1.038335
75, 0, 24, 0.834424
75, 0, 25, 1.426267
75, 0, 26, 1.976125
75, 0, 27, 100.000000
75, 0, 28, 100.000000
75, 0, 29, 100.000000
75, 0, 30, 100.000000
75, 0, 31, 100.000000
75, 0, 32, 100.000000
75, 0, 33, 100.000000
75, 0, 34, 100.000000
75, 1, 0, 0.426698
75, 1, 1, -0.019209
75, 1, 2, -0.115123
75, 1, 3, -0.089232
75, 1, 4, -0.057665
75, 1, 5, -0.040666
75, 1, 6, -0.022848
75, 1, 7, -0.002598
75, 1, 8, -0.021004
75, 1, 9, -0.050960
75, 1, 10, -0.074333
75, 1, 11, -0.105811
75, 1, 12, -0.130494
75, 1, 13, -0.152420
75, 1, 14, -0.139171
75, 1, 15, -0.132106
75, 1, 16, -0.138101
75, 1, 17, -0.123798
75, 1, 18, -0.081861
75, 1, 19, -0.055037
75, 1, 20, 0.001372
75, 1, 21, 0.190347
75, 1, 22, 0.512103
75, 1, 23, 0.921492
75, 1, 24, 0.650619
75, 1, 25, 1.283079
75, 1, 26, 1.866634
75, 1, 27, 100.000000
75, 1, 28, 100.000000
75, 1, 29, 100.000000
75, 1, 30, 100.000000
75, 1, 31, 100.000000
75, 1, 32, 100.000000
75, 1, 33, 100.000000
75, 1, 34, 100.000000
75, 2, 0, 0.341742
75, 2, 1, -0.152073
75, 2, 2, -0.360991
75, 2, 3, -0.358350
75, 2, 4, -0.363884
75, 2, 5, -0.363117
75, 2, 6, -0.351597
75, 2, 7, -0.315288
75, 2, 8, -0.299113
75, 2, 9, -0.320313
75, 2, 10, -0.360095
75, 2, 11, -0.372973
75, 2, 12, -0.354764
75, 2, 13, -0.374170
75, 2, 14, -0.395419
75, 2, 15, -0.406760
75, 2, 16, -0.366237
75, 2, 17, -0.397074
75, 2, 18, -0.379411
75, 2, 19, -0.306529
75, 2, 20, -0.184981
75, 2, 21, 0.022234
75, 2, 22, 0.383667
75, 2, 23, 0.895874
75, 2, 24, 1.033381
75, 2, 25, 1.656003
75, 2, 26, 2.159082
75, 2, 27, 100.000000
75, 2, 28, 100.000000
75, 2, 29, 100.000000
75, 2, 30, 100.000000
75, 2, 31, 100.000000
75, 2, 32, 100.000000
75, 2, 33, 100.000000
75, 2, 34, 100.000000
75, 3, 0, 0.330013
75, 3, 1, -0.138531
75, 3, 2, -0.364896
75, 3, 3, -0.401931
75, 3, 4, -0.476501
75, 3, 5, -0.461952
75, 3, 6, -0.460320
75, 3, 7, -0.433015
75, 3, 8, -0.395136
75, 3, 9, -0.386795
75, 3, 10, -0.389882
75, 3, 11, -0.409412
75, 3, 12, -0.402639
75, 3, 13, -0.415547
75, 3, 14, -0.448256
75, 3, 15, -0.417973
75, 3, 16, -0.374549
75, 3, 17, -0.403255
75, 3, 18, -0.391430
75, 3, 19, -0.336201
75, 3, 20, -0.219725
75, 3, 21, 0.000836
75, 3, 22, 0.376019
75, 3, 23, 0.848664
75, 3, 24, 1.373013
75, 3, 25, 1.812710
75, 3, 26, 100.000000
75, 3, 27, 100.000000
75, 3, 28, 100.000000
75, 3, 29, 100.000000
75, 3, 30, 100.000000
75, 3, 31, 100.000000
75, 3, 32, 100.000000
75, 3, 33, 100.000000
75, 3, 34, 100.000000
75, 4, 0, 0.345395
75, 4, 1, -0.118049
75, 4, 2, -0.360372
75, 4, 3, -0.438080
75, 4, 4, -0.456446
75, 4, 5, -0.461052
75, 4, 6, -0.470693
75, 4, 7, -0.458349
75, 4, 8, -0.430959
75, 4, 9, -0.436207
75, 4, 10, -0.399890
75, 4, 11, -0.407719
75, 4, 12, -0.414638
75, 4, 13, -0.426398
75, 4, 14, -0.456737
75, 4, 15, -0.420131
75, 4, 16, -0.388806
75, 4, 17, -0.393072
75, 4, 18, -0.393772
75, 4, 19, -0.367839
75, 4, 20, -0.271379
75, 4, 21, -0.042954
75, 4, 22, 0.342148
75, 4, 23, 0.836600
75, 4, 24, 1.307613
75, 4, 25, 1.939607
75, 4, 26, 100.000000
75, 4, 27, 100.000000
75, 4, 28, 100.000000
75, 4, 29, 100.000000
75, 4, 30, 100.000000
75, 4, 31, 100.000000
75, 4, 32, 100.000000
75, 4, 33, 100.000000
75, 4, 34, 100.000000
75, 5, 0, 0.350430
75, 5, 1, -0.132361
75, 5, 2, -0.375776
75, 5, 3, -0.453795
75, 5, 4, -0.477770
75, 5, 5, -0.455660
75, 5, 6, -0.461238
75, 5, 7, -0.461918
75, 5, 8, -0.468981
75, 5, 9, -0.464939
75, 5, 10, -0.429162
75, 5, 11, -0.408537
75, 5, 12, -0.406622
75, 5, 13, -0.420814
75, 5, 14, -0.444127
75, 5, 15, -0.403662
75, 5, 16, -0.377443
75, 5, 17, -0.397777
75, 5, 18, -0.408020
75, 5, 19, -0.387884
75, 5, 20, -0.296878
75, 5, 21, -0.058691
75, 5, 22, 0.313711
75, 5, 23, 0.819714
75, 5, 24, 1.298309
75, 5, 25, 1.991966
75, 5, 26, 100.000000
75, 5, 27, 100.000000
75, 5, 28, 100.000000
75, 5, 29, 100.000000
75, 5, 30, 100.000000
75, 5, 31, 100.000000
75, 5, 32, 100.000000
75, 5, 33, 100.000000
75, 5, 34, 100.000000
75, 6, 0, 0.318465
75, 6, 1, -0.173966
75, 6, 2, -0.400948
75, 6, 3, -0.427983
75, 6, 4, -0.456292
75, 6, 5, -0.466279
75, 6, 6, -0.482246
75, 6, 7, -0.469395
75, 6, 8, -0.447960
75, 6, 9, -0.435124
75, 6, 10, -0.423895
75, 6, 11, -0.431107
75, 6, 12, -0.406024
75, 6, 13, -0.440252
75, 6, 14, -0.434922
75, 6, 15, -0.401953
75, 6, 16, -0.344265
75, 6, 17, -0.382170
75, 6, 18, -0.402686
75, 6, 19, -0.376775
75, 6, 20, -0.278913
75, 6, 21, -0.063041
75, 6, 22, 0.286362
75, 6, 23, 0.770175
75, 6, 24, 1.255320
75, 6, 25, 1.906943
75, 6, 26, 100.000000
75, 6, 27, 100.000000
75, 6, 28, 100.000000
75, 6, 29, 100.000000
75, 6, 30, 100.000000
75, 6, 31, 100.000000
75, 6, 32, 100.000000
75, 6, 33, 100.000000
75, 6, 34, 100.000000
75, 7, 0, 0.314883
75, 7, 1, -0.197221
75, 7, 2, -0.432965
75, 7, 3, -0.418621
75, 7, 4, -0.441118
75, 7, 5, -0.453378
75, 7, 6, -0.436130
75, 7, 7, -0.441577
75, 7, 8, -0.435319
75, 7, 9, -0.444399
75, 7, 10, -0.422803
75, 7, 11, -0.408814
75, 7, 12, -0.409663
75, 7, 13, -0.427507
75, 7, 14, -0.448939
75, 7, 15, -0.412417
75, 7, 16, -0.361335
75, 7, 17, -0.355466
75, 7, 18, -0.382239
75, 7, 19, -0.357942
75, 7, 20, -0.277725
75, 7, 21, -0.106453
75, 7, 22, 0.226461
75, 7, 23, 0.716279
75, 7, 24, 1.266294
75, 7, 25, 1.836812
75, 7, 26, 100.000000
75, 7, 27, 100.000000
75, 7, 28, 100.000000
75, 7, 29, 100.000000
75, 7, 30, 100.000000
75, 7, 31, 100.000000
75, 7, 32, 100.000000
75, 7, 33, 100.000000
75, 7, 34, 100.000000
75, 8, 0, 0.334221
75, 8, 1, -0.190784
75, 8, 2, -0.443897
75, 8, 3, -0.440027
75, 8, 4, -0.422869
75, 8, 5, -0.452323
75, 8, 6, -0.449241
75, 8, 7, -0.430768
75, 8, 8, -0.413508
75, 8, 9, -0.425892
75, 8, 10, -0.450553
75, 8, 11, -0.425045
75, 8, 12, -0.422037
75, 8, 13, -0.423844
75, 8, 14, -0.435407
75, 8, 15, -0.429950
75, 8, 16, -0.403047
75, 8, 17, -0.364120
75, 8, 18, -0.351989
75, 8, 19, -0.304527
75, 8, 20, -0.279240
75, 8, 21, -0.171470
75, 8, 22, 0.124531
75, 8, 23, 0.603697
75, 8, 24, 1.206747
75, 8, 25, 1.841717
75, 8, 26, 100.000000
75, 8, 27, 100.000000
75, 8, 28, 100.000000
75, 8, 29, 100.000000
75, 8, 30, 100.000000
75, 8, 31, 100.000000
75, 8, 32, 100.000000
75, 8, 33, 100.000000
75, 8, 34, 100.000000
75, 9, 0, 0.321754
75, 9, 1, -0.176688
75, 9, 2, -0.420200
75, 9, 3, -0.436223
75, 9, 4, -0.421899
75, 9, 5, -0.449546
75, 9, 6, -0.459203
75, 9, 7, -0.443744
75, 9, 8, -0.423937
75, 9, 9, -0.431583
75, 9, 10, -0.453933
75, 9, 11, -0.456414
75, 9, 12, -0.463275
75, 9, 13, -0.437159
75, 9, 14, -0.414180
75, 9, 15, -0.433377
75, 9, 16, -0.405968
75, 9, 17, -0.357884
75, 9, 18, -0.316405
75, 9, 19, -0.274348
75, 9, 20, -0.249361
75, 9, 21, -0.163858
75, 9, 22, 0.105876
75, 9, 23, 0.574508
75, 9, 24, 1.139255
75, 9, 25, 1.759140
75, 9, 26, 100.000000
75, 9, 27, 100.000000
75, 9, 28, 100.000000
75, 9, 29, 100.000000
75, 9, 30, 100.000000
75, 9, 31, 100.000000
75, 9, 32, 100.000000
75, 9, 33, 100.000000
75, 9, 34, 100.000000
75, 10, 0, 0.271954
75, 10, 1, -0.183662
75, 10, 2, -0.381518
75, 10, 3, -0.414888
75, 10, 4, -0.407494
75, 10, 5, -0.435163
75, 10, 6, -0.468192
75, 10, 7, -0.470482
75, 10, 8, -0.445150
75, 10, 9, -0.436724
75, 10, 10, -0.454446
75, 10, 11, -0.466049
75, 10, 12, -0.476518
75, 10, 13, -0.454773
75, 10, 14, -0.420893
75, 10, 15, -0.413744
75, 10, 16, -0.433677
75, 10, 17, -0.374231
75, 10, 18, -0.320531
75, 10, 19, -0.259890
75, 10, 20, -0.168876
75, 10, 21, -0.046014
75, 10, 22, 0.240003
75, 10, 23, 0.667863
75, 10, 24, 1.215439
75, 10, 25, 1.869568
75, 10, 26, 100.000000
75, 10, 27, 100.000000
75, 10, 28, 100.000000
75, 10, 29, 100.000000
75, 10, 30, 100.000000
75, 10, 31, 100.000000
75, 10, 32, 100.000000
75, 10, 33, 100.000000
75, 10, 34, 100.000000
75, 11, 0, 0.270653
75, 11, 1, -0.189744
75, 11, 2, -0.352847
75, 11, 3, -0.414522
75, 11, 4, -0.415513
75, 11, 5, -0.428269
75, 11, 6, -0.458599
75, 11, 7, -0.466818
75, 11, 8, -0.435566
75, 11, 9, -0.454419
75, 11, 10, -0.451169
75, 11, 11, -0.457718
75, 11, 12, -0.476732
75, 11, 13, -0.460395
75, 11, 14, -0.441399
75, 11, 15, -0.459595
75, 11, 16, -0.467522
75, 11, 17, -0.414354
75, 11, 18, -0.390220
75, 11, 19, -0.327351
75, 11, 20, -0.164076
75, 11, 21, 0.095200
75, 11, 22, 0.422848
75, 11, 23, 0.772759
75, 11, 24, 1.140621
75, 11, 25, 1.577119
75, 11, 26, 2.418612
75, 11, 27, 100.000000
75, 11, 28, 100.000000
75, 11, 29, 100.000000
75, 11, 30, 100.000000
75, 11, 31, 100.000000
75, 11, 32, 100.000000
75, 11, 33, 100.000000
75, 11, 34, 100.000000
75, 12, 0, 0.290179
75, 12, 1, -0.210072
75, 12, 2, -0.378184
75, 12, 3, -0.421320
75, 12, 4, -0.438314
75, 12, 5, -0.452089
75, 12, 6, -0.478805
75, 12, 7, -0.474107
75, 12, 8, -0.464196
75, 12, 9, -0.467440
75, 12, 10, -0.465010
75, 12, 11, -0.458555
75, 12, 12, -0.465590
75, 12, 13, -0.464072
75, 12, 14, -0.449666
75, 12, 15, -0.441571
75, 12, 16, -0.443274
75, 12, 17, -0.401831
75, 12, 18, -0.385220
75, 12, 19, -0.349585
75, 12, 20, -0.180923
75, 12, 21, 0.153609
75, 12, 22, 0.555055
75, 12, 23, 0.776649
75, 12, 24, 0.961597
75, 12, 25, 1.228295
75, 12, 26, 2.009484
75, 12, 27, 100.000000
75, 12, 28, 100.000000
75, 12, 29, 100.000000
75, 12, 30, 100.000000
75, 12, 31, 100.000000
75, 12, 32, 100.000000
75, 12, 33, 100.000000
75, 12, 34, 100.000000
75, 13, 0, 0.282285
75, 13, 1, -0.210522
75, 13, 2, -0.379184
75, 13, 3, -0.407259
75, 13, 4, -0.442914
75, 13, 5, -0.452522
75, 13, 6, -0.470786
75, 13, 7, -0.488575
75, 13, 8, -0.477050
75, 13, 9, -0.462466
75, 13, 10, -0.474572
75, 13, 11, -0.453375
75, 13, 12, -0.478144
75, 13, 13, -0.490091
75, 13, 14, -0.442181
75, 13, 15, -0.417517
75, 13, 16, -0.412418
75, 13, 17, -0.367131
75, 13, 18, -0.343650
75, 13, 19, -0.297846
75, 13, 20, -0.147308
75, 13, 21, 0.150515
75, 13, 22, 0.508648
75, 13, 23, 0.724049
75, 13, 24, 0.910435
75, 13, 25, 1.194243
75, 13, 26, 1.965101
75, 13, 27, 100.000000
75, 13, 28, 100.000000
75, 13, 29, 100.000000
75, 13, 30, 100.000000
75, 13, 31, 100.000000
75, 13, 32, 100.000000
75, 13, 33, 100.000000
75, 13, 34, 100.000000
75, 14, 0, 0.285006
75, 14, 1, -0.176967
75, 14, 2, -0.351421
75, 14, 3, -0.402340
75, 14, 4, -0.443677
75, 14, 5, -0.452922
75, 14, 6, -0.459094
75, 14, 7, -0.485874
75, 14, 8, -0.473634
75, 14, 9, -0.454325
75, 14, 10, -0.469629
75, 14, 11, -0.465284
75, 14, 12, -0.467032
75, 14, 13, -0.465871
75, 14, 14, -0.429927
75, 14, 15, -0.393542
75, 14, 16, -0.388018
75, 14, 17, -0.357421
75, 14, 18, -0.331440
75, 14, 19, -0.280234
75, 14, 20, -0.142246
75, 14, 21, 0.089563
75, 14, 22, 0.412821
75, 14, 23, 0.708422
75, 14, 24, 0.968873
75, 14, 25, 1.367985
75, 14, 26, 2.282982
75, 14, 27, 100.000000
75, 14, 28, 100.000000
75, 14, 29, 100.000000
75, 14, 30, 100.000000
75, 14, 31, 100.000000
75, 14, 32, 100.000000
75, 14, 33, 100.000000
75, 14, 34, 100.000000
75, 15, 0, 0.302656
75, 15, 1, -0.135756
75, 15, 2, -0.321031
75, 15, 3, -0.407651
75, 15, 4, -0.424772
75, 15, 5, -0.436434
75, 15, 6, -0.456627
75, 15, 7, -0.477975
75, 15, 8, -0.466303
75, 15, 9, -0.462899
75, 15, 10, -0.486672
75, 15, 11, -0.478960
75, 15, 12, -0.457720
75, 15, 13, -0.444926
75, 15, 14, -0.411088
75, 15, 15, -0.375912
75, 15, 16, -0.368356
75, 15, 17, -0.335312
75, 15, 18, -0.291724
75, 15, 19, -0.253479
75, 15, 20, -0.151854
75, 15, 21, 0.056637
75, 15, 22, 0.362627
75, 15, 23, 0.707561
75, 15, 24, 1.050990
75, 15, 25, 1.481539
75, 15, 26, 2.355325
75, 15, 27, 100.000000
75, 15, 28, 100.000000
75, 15, 29, 100.000000
75, 15, 30, 100.000000
75, 15, 31, 100.000000
75, 15, 32, 100.000000
75, 15, 33, 100.000000
75, 15, 34, 100.000000
75, 16, 0, 0.291814
75, 16, 1, -0.140588
75, 16, 2, -0.300788
75, 16, 3, -0.357628
75, 16, 4, -0.411757
75, 16, 5, -0.446258
75, 16, 6, -0.483868
75, 16, 7, -0.459939
75, 16, 8, -0.443680
75, 16, 9, -0.460766
75, 16, 10, -0.468027
75, 16, 11, -0.475954
75, 16, 12, -0.471881
75, 16, 13, -0.453106
75, 16, 14, -0.433854
75, 16, 15, -0.417809
75, 16, 16, -0.407146
75, 16, 17, -0.355020
75, 16, 18, -0.278910
75, 16, 19, -0.243960
75, 16, 20, -0.176958
75, 16, 21, 0.022521
75, 16, 22, 0.330971
75, 16, 23, 0.749775
75, 16, 24, 1.224310
75, 16, 25, 1.794555
75, 16, 26, 100.000000
75, 16, 27, 100.000000
75, 16, 28, 100.000000
75, 16, 29, 100.000000
75, 16, 30, 100.000000
75, 16, 31, 100.000000
75, 16, 32, 100.000000
75, 16, 33, 100.000000
75, 16, 34, 100.000000
75, 17, 0, 0.271207
75, 17, 1, -0.183557
75, 17, 2, -0.341823
75, 17, 3, -0.350742
75, 17, 4, -0.390406
75, 17, 5, -0.459417
75, 17, 6, -0.492258
75, 17, 7, -0.477556
75, 17, 8, -0.449023
75, 17, 9, -0.441109
75, 17, 10, -0.458360
75, 17, 11, -0.475010
75, 17, 12, -0.464267
75, 17, 13, -0.468727
75, 17, 14, -0.447341
75, 17, 15, -0.453141
75, 17, 16, -0.450379
75, 17, 17, -0.380100
75, 17, 18, -0.290760
75, 17, 19, -0.233055
75, 17, 20, -0.180457
75, 17, 21, 0.001102
75, 17, 22, 0.333206
75, 17, 23, 0.847615
75, 17, 24, 1.460192
75, 17, 25, 2.235148
75, 17, 26, 100.000000
75, 17, 27, 100.000000
75, 17, 28, 100.000000
75, 17, 29, 100.000000
75, 17, 30, 100.000000
75, 17, 31, 100.000000
75, 17, 32, 100.000000
75, 17, 33, 100.000000
75, 17, 34, 100.000000
75, 18, 0, 0.260399
75, 18, 1, -0.217557
75, 18, 2, -0.379463
75, 18, 3, -0.361579
75, 18, 4, -0.417863
75, 18, 5, -0.462955
75, 18, 6, -0.472038
75, 18, 7, -0.459112
75, 18, 8, -0.463888
75, 18, 9, -0.454368
75, 18, 10, -0.457780
75, 18, 11, -0.460254
75, 18, 12, -0.476297
75, 18, 13, -0.480005
75, 18, 14, -0.458647
75, 18, 15, -0.445260
75, 18, 16, -0.436917
75, 18, 17, -0.397665
75, 18, 18, -0.308680
75, 18, 19, -0.226105
75, 18, 20, -0.163362
75, 18, 21, -0.004882
75, 18, 22, 0.334310
75, 18, 23, 0.927871
75, 18, 24, 1.615760
75, 18, 25, 2.456869
75, 18, 26, 100.000000
75, 18, 27, 100.000000
75, 18, 28, 100.000000
75, 18, 29, 100.000000
75, 18, 30, 100.000000
75, 18, 31, 100.000000
75, 18, 32, 100.000000
75, 18, 33, 100.000000
75, 18, 34, 100.000000
75, 19, 0, 0.270138
75, 19, 1, -0.222192
75, 19, 2, -0.384011
75, 19, 3, -0.367509
75, 19, 4, -0.424838
75, 19, 5, -0.448090
75, 19, 6, -0.440242
75, 19, 7, -0.465349
75, 19, 8, -0.480007
75, 19, 9, -0.463503
75, 19, 10, -0.459832
75, 19, 11, -0.477390
75, 19, 12, -0.458886
75, 19, 13, -0.438905
75, 19, 14, -0.436068
75, 19, 15, -0.430207
75, 19, 16, -0.420817
75, 19, 17, -0.388695
75, 19, 18, -0.313963
75, 19, 19, -0.221668
75, 19, 20, -0.114070
75, 19, 21, 0.043932
75, 19, 22, 0.386850
75, 19, 23, 0.988764
75, 19, 24, 1.673387
75, 19, 25, 2.447868
75, 19, 26, 100.000000
75, 19, 27, 100.000000
75, 19, 28, 100.000000
75, 19, 29, 100.000000
75, 19, 30, 100.000000
75, 19, 31, 100.000000
75, 19, 32, 100.000000
75, 19, 33, 100.000000
75, 19, 34, 100.000000
75, 20, 0, 0.293004
75, 20, 1, -0.201205
75, 20, 2, -0.374715
75, 20, 3, -0.373026
75, 20, 4, -0.406949
75, 20, 5, -0.418324
75, 20, 6, -0.436465
75, 20, 7, -0.453445
75, 20, 8, -0.476646
75, 20, 9, -0.456230
75, 20, 10, -0.469537
75, 20, 11, -0.477978
75, 20, 12, -0.465615
75, 20, 13, -0.462774
75, 20, 14, -0.459298
75, 20, 15, -0.450984
75, 20, 16, -0.440739
75, 20, 17, -0.388334
75, 20, 18, -0.318717
75, 20, 19, -0.225314
75, 20, 20, -0.078779
75, 20, 21, 0.107737
75, 20, 22, 0.450639
75, 20, 23, 0.970661
75, 20, 24, 1.618831
75, 20, 25, 2.386808
75, 20, 26, 100.000000
75, 20, 27, 100.000000
75, 20, 28, 100.000000
75, 20, 29, 100.000000
75, 20, 30, 100.000000
75, 20, 31, 100.000000
75, 20, 32, 100.000000
75, 20, 33, 100.000000
75, 20, 34, 100.000000
75, 21, 0, 0.298392
75, 21, 1, -0.184247
75, 21, 2, -0.362010
75, 21, 3, -0.373820
75, 21, 4, -0.383017
75, 21, 5, -0.392457
75, 21, 6, -0.411347
75, 21, 7, -0.451255
75, 21, 8, -0.470443
75, 21, 9, -0.466793
75, 21, 10, -0.471646
75, 21, 11, -0.484909
75, 21, 12, -0.486128
75, 21, 13, -0.479080
75, 21, 14, -0.470775
75, 21, 15, -0.458162
75, 21, 16, -0.436148
75, 21, 17, -0.389607
75, 21, 18, -0.310374
75, 21, 19, -0.223745
75, 21, 20, -0.055743
75, 21, 21, 0.159459
75, 21, 22, 0.485007
75, 21, 23, 0.910424
75, 21, 24, 1.543267
75, 21, 25, 2.337590
75, 21, 26, 100.000000
75, 21, 27, 100.000000
75, 21, 28, 100.000000
75, 21, 29, 100.000000
75, 21, 30, 100.000000
75, 21, 31, 100.000000
75, 21, 32, 100.000000
75, 21, 33, 100.000000
75, 21, 34, 100.000000
75, 22, 0, 0.297460
75, 22, 1, -0.162887
75, 22, 2, -0.331374
75, 22, 3, -0.377163
75, 22, 4, -0.399120
75, 22, 5, -0.396812
75, 22, 6, -0.397670
75, 22, 7, -0.435121
75, 22, 8, -0.470515
75, 22, 9, -0.469593
75, 22, 10, -0.473341
75, 22, 11, -0.476947
75, 22, 12, -0.477673
75, 22, 13, -0.480072
75, 22, 14, -0.464597
75, 22, 15, -0.459491
75, 22, 16, -0.447024
75, 22, 17, -0.400930
75, 22, 18, -0.309495
75, 22, 19, -0.241336
75, 22, 20, -0.095689
75, 22, 21, 0.163078
75, 22, 22, 0.541399
75, 22, 23, 0.953180
75, 22, 24, 1.627227
75, 22, 25, 100.000000
75, 22, 26, 100.000000
75, 22, 27, 100.000000
75, 22, 28, 100.000000
75, 22, 29, 100.000000
75, 22, 30, 100.000000
75, 22, 31, 100.000000
75, 22, 32, 100.000000
75, 22, 33, 100.000000
75, 22, 34, 100.000000
75, 23, 0, 0.318580
75, 23, 1, -0.141391
75, 23, 2, -0.367475
75, 23, 3, -0.446192
75, 23, 4, -0.446127
75, 23, 5, -0.398463
75, 23, 6, -0.381155
75, 23, 7, -0.414878
75, 23, 8, -0.477147
75, 23, 9, -0.490842
75, 23, 10, -0.475168
75, 23, 11, -0.481958
75, 23, 12, -0.479896
75, 23, 13, -0.465677
75, 23, 14, -0.452201
75, 23, 15, -0.441248
75, 23, 16, -0.436884
75, 23, 17, -0.399080
75, 23, 18, -0.309044
75, 23, 19, -0.238702
75, 23, 20, -0.136695
75, 23, 21, 0.155534
75, 23, 22, 0.608406
75, 23, 23, 1.105814
75, 23, 24, 1.779379
75, 23, 25, 100.000000
75, 23, 26, 100.000000
75, 23, 27, 100.000000
75, 23, 28, 100.000000
75, 23, 29, 100.000000
75, 23, 30, 100.000000
75, 23, 31, 100.000000
75, 23, 32, 100.000000
75, 23, 33, 100.000000
75, 23, 34, 100.000000
75, 24, 0, 0.336807
75, 24, 1, -0.125348
75, 24, 2, -0.344404
75, 24, 3, -0.438125
75, 24, 4, -0.453658
75, 24, 5, -0.423629
75, 24, 6, -0.391703
75, 24, 7, -0.403268
75, 24, 8, -0.442883
75, 24, 9, -0.450409
75, 24, 10, -0.463305
75, 24, 11, -0.471144
75, 24, 12, -0.476592
75, 24, 13, -0.487168
75, 24, 14, -0.462322
75, 24, 15, -0.433280
75, 24, 16, -0.415293
75, 24, 17, -0.379026
75, 24, 18, -0.303652
75, 24, 19, -0.243661
75, 24, 20, -0.157706
75, 24, 21, 0.166672
75, 24, 22, 0.666680
75, 24, 23, 1.231559
75, 24, 24, 1.925331
75, 24, 25, 100.000000
75, 24, 26, 100.000000
75, 24, 27, 100.000000
75, 24, 28, 100.000000
75, 24, 29, 100.000000
75, 24, 30, 100.000000
75, 24, 31, 100.000000
75, 24, 32, 100.000000
75, 24, 33, 100.000000
75, 24, 34, 100.000000
75, 25, 0, 0.330903
75, 25, 1, -0.131378
75, 25, 2, -0.350395
75, 25, 3, -0.418575
75, 25, 4, -0.416663
75, 25, 5, -0.415099
75, 25, 6, -0.400836
75, 25, 7, -0.420947
75, 25, 8, -0.448231
75, 25, 9, -0.436839
75, 25, 10, -0.446307
75, 25, 11, -0.462418
75, 25, 12, -0.463272
75, 25, 13, -0.458393
75, 25, 14, -0.427566
75, 25, 15, -0.409576
75, 25, 16, -0.388755
75, 25, 17, -0.374724
75, 25, 18, -0.314310
75, 25, 19, -0.250730
75, 25, 20, -0.140726
75, 25, 21, 0.206304
75, 25, 22, 0.731685
75, 25, 23, 1.328543
75, 25, 24, 2.068786
75, 25, 25, 100.000000
75, 25, 26, 100.000000
75, 25, 27, 100.000000
75, 25, 28, 100.000000
75, 25, 29, 100.000000
75, 25, 30, 100.000000
75, 25, 31, 100.000000
75, 25, 32, 100.000000
75, 25, 33, 100.000000
75, 25, 34, 100.000000
75, 26, 0, 0.347172
75, 26, 1, -0.148678
75, 26, 2, -0.405871
75, 26, 3, -0.455007
75, 26, 4, -0.440991
75, 26, 5, -0.427684
75, 26, 6, -0.406832
75, 26, 7, -0.425871
75, 26, 8, -0.445902
75, 26, 9, -0.447442
75, 26, 10, -0.446678
75, 26, 11, -0.447932
75, 26, 12, -0.445614
75, 26, 13, -0.449255
75, 26, 14, -0.423256
75, 26, 15, -0.398506
75, 26, 16, -0.393357
75, 26, 17, -0.403213
75, 26, 18, -0.337570
75, 26, 19, -0.241528
75, 26, 20, -0.082198
75, 26, 21, 0.293249
75, 26, 22, 0.822403
75, 26, 23, 1.432058
75, 26, 24, 2.159054
75, 26, 25, 100.000000
75, 26, 26, 100.000000
75, 26, 27, 100.000000
75, 26, 28, 100.000000
75, 26, 29, 100.000000
75, 26, 30, 100.000000
75, 26, 31, 100.000000
75, 26, 32, 100.000000
75, 26, 33, 100.000000
75, 26, 34, 100.000000
75, 27, 0, 0.340761
75, 27, 1, -0.193780
75, 27, 2, -0.424806
75, 27, 3, -0.454617
75, 27, 4, -0.466310
75, 27, 5, -0.455686
75, 27, 6, -0.430820
75, 27, 7, -0.441931
75, 27, 8, -0.460041
75, 27, 9, -0.449638
75, 27, 10, -0.443292
75, 27, 11, -0.434346
75, 27, 12, -0.440558
75, 27, 13, -0.431932
75, 27, 14, -0.404271
75, 27, 15, -0.386652
75, 27, 16, -0.395139
75, 27, 17, -0.410460
75, 27, 18, -0.354252
75, 27, 19, -0.221506
75, 27, 20, -0.027196
75, 27, 21, 0.338433
75, 27, 22, 0.849524
75, 27, 23, 1.485445
75, 27, 24, 2.398692
75, 27, 25, 100.000000
75, 27, 26, 100.000000
75, 27, 27, 100.000000
75, 27, 28, 100.000000
75, 27, 29, 100.000000
75, 27, 30, 100.000000
75, 27, 31, 100.000000
75, 27, 32, 100.000000
75, 27, 33, 100.000000
75, 27, 34, 100.000000
75, 28, 0, 0.313058
75, 28, 1, -0.211791
75, 28, 2, -0.406824
75, 28, 3, -0.453980
75, 28, 4, -0.478141
75, 28, 5, -0.458388
75, 28, 6, -0.438128
75, 28, 7, -0.432779
75, 28, 8, -0.420982
75, 28, 9, -0.397487
75, 28, 10, -0.370165
75, 28, 11, -0.376987
75, 28, 12, -0.377325
75, 28, 13, -0.355876
75, 28, 14, -0.355553
75, 28, 15, -0.361744
75, 28, 16, -0.384810
75, 28, 17, -0.375282
75, 28, 18, -0.325128
75, 28, 19, -0.232639
75, 28, 20, -0.026071
75, 28, 21, 0.350709
75, 28, 22, 0.845399
75, 28, 23, 1.484668
75, 28, 24, 2.230442
75, 28, 25, 100.000000
75, 28, 26, 100.000000
75, 28, 27, 100.000000
75, 28, 28, 100.000000
75, 28, 29, 100.000000
75, 28, 30, 100.000000
75, 28, 31, 100.000000
75, 28, 32, 100.000000
75, 28, 33, 100.000000
75, 28, 34, 100.000000
75, 29, 0, 0.370498
75, 29, 1, -0.009682
75, 29, 2, -0.102106
75, 29, 3, -0.145507
75, 29, 4, -0.144358
75, 29, 5, -0.144967
75, 29, 6, -0.146990
75, 29, 7, -0.139228
75, 29, 8, -0.128291
75, 29, 9, -0.102195
75, 29, 10, -0.083469
75, 29, 11, -0.109951
75, 29, 12, -0.109414
75, 29, 13, -0.058466
75, 29, 14, -0.064591
75, 29, 15, -0.110432
75, 29, 16, -0.136764
75, 29, 17, -0.110682
75, 29, 18, -0.098813
75, 29, 19, -0.079744
75, 29, 20, 0.088700
75, 29, 21, 0.460644
75, 29, 22, 0.943891
75, 29, 23, 1.584487
75, 29, 24, 2.305423
75, 29, 25, 100.000000
75, 29, 26, 100.000000
75, 29, 27, 100.000000
75, 29, 28, 100.000000
75, 29, 29, 100.000000
75, 29, 30, 100.000000
75, 29, 31, 100.000000
75, 29, 32, 100.000000
75, 29, 33, 100.000000
75, 29, 34, 100.000000
76, 0, 0, 0.651875
76, 0, 1, 0.424048
76, 0, 2, 0.372485
76, 0, 3, 0.394477
76, 0, 4, 0.428182
76, 0, 5, 0.438035
76, 0, 6, 0.459254
76, 0, 7, 0.482859
76, 0, 8, 0.493956
76, 0, 9, 0.461454
76, 0, 10, 0.410329
76, 0, 11, 0.406822
76, 0, 12, 0.394351
76, 0, 13, 0.374981
76, 0, 14, 0.380683
76, 0, 15, 0.422172
76, 0, 16, 0.444476
76, 0, 17, 0.447978
76, 0, 18, 0.465888
76, 0, 19, 0.459386
76, 0, 20, 0.445108
76, 0, 21, 0.540005
76, 0, 22, 0.791957
76, 0, 23, 1.214082
76, 0, 24, 1.645615
76, 0, 25, 2.319237
76, 0, 26, 100.000000
76, 0, 27, 100.000000
76, 0, 28, 100.000000
76, 0, 29, 100.000000
76, 0, 30, 100.000000
76, 0, 31, 100.000000
76, 0, 32, 100.000000
76, 0, 33, 100.000000
76, 0, 34, 100.000000
76, 1, 0, 0.374611
76, 1, 1, -0.014822
76, 1, 2, -0.113673
76, 1, 3, -0.087971
76, 1, 4, -0.047161
76, 1, 5, -0.029133
76, 1, 6, -0.018471
76, 1, 7, -0.005774
76, 1, 8, -0.009308
76, 1, 9, -0.017443
76, 1, 10, -0.045536
76, 1, 11, -0.071225
76, 1, 12, -0.091982
76, 1, 13, -0.106677
76, 1, 14, -0.128462
76, 1, 15, -0.111856
76, 1, 16, -0.107292
76, 1, 17, -0.119158
76, 1, 18, -0.114639
76, 1, 19, -0.107387
76, 1, 20, -0.078063
76, 1, 21, 0.061793
76, 1, 22, 0.399861
76, 1, 23, 0.930185
76, 1, 24, 1.475828
76, 1, 25, 2.198114
76, 1, 26, 100.000000
76, 1, 27, 100.000000
76, 1, 28, 100.000000
76, 1, 29, 100.000000
76, 1, 30, 100.000000
76, 1, 31, 100.000000
76, 1, 32, 100.000000
76, 1, 33, 100.000000
76, 1, 34, 100.000000
76, 2, 0, 0.318497
76, 2, 1, -0.137926
76, 2, 2, -0.333666
76, 2, 3, -0.338053
76, 2, 4, -0.335816
76, 2, 5, -0.335668
76, 2, 6, -0.337830
76, 2, 7, -0.330421
76, 2, 8, -0.322349
76, 2, 9, -0.304214
76, 2, 10, -0.324978
76, 2, 11, -0.350795
76, 2, 12, -0.326818
76, 2, 13, -0.300342
76, 2, 14, -0.365437
76, 2, 15, -0.393943
76, 2, 16, -0.395415
76, 2, 17, -0.388776
76, 2, 18, -0.396416
76, 2, 19, -0.381451
76, 2, 20, -0.311998
76, 2, 21, -0.125541
76, 2, 22, 0.256238
76, 2, 23, 0.789358
76, 2, 24, 1.429326
76, 2, 25, 2.167842
76, 2, 26, 100.000000
76, 2, 27, 100.000000
76, 2, 28, 100.000000
76, 2, 29, 100.000000
76, 2, 30, 100.000000
76, 2, 31, 100.000000
76, 2, 32, 100.000000
76, 2, 33, 100.000000
76, 2, 34, 100.000000
76, 3, 0, 0.309083
76, 3, 1, -0.141283
76, 3, 2, -0.344772
76, 3, 3, -0.405886
76, 3, 4, -0.464091
76, 3, 5, -0.489118
76, 3, 6, -0.469291
76, 3, 7, -0.456740
76, 3, 8, -0.463152
76, 3, 9, -0.407753
76, 3, 10, -0.410170
76, 3, 11, -0.416845
76, 3, 12, -0.394995
76, 3, 13, -0.363328
76, 3, 14, -0.425032
76, 3, 15, -0.452191
76, 3, 16, -0.421032
76, 3, 17, -0.394074
76, 3, 18, -0.422478
76, 3, 19, -0.452072
76, 3, 20, -0.378455
76, 3, 21, -0.165398
76, 3, 22, 0.223819
76, 3, 23, 0.701390
76, 3, 24, 1.231292
76, 3, 25, 1.807260
76, 3, 26, 100.000000
76, 3, 27, 100.000000
76, 3, 28, 100.000000
76, 3, 29, 100.000000
76, 3, 30, 100.000000
76, 3, 31, 100.000000
76, 3, 32, 100.000000
76, 3, 33, 100.000000
76, 3, 34, 100.000000
76, 4, 0, 0.319233
76, 4, 1, -0.130023
76, 4, 2, -0.355520
76, 4, 3, -0.424642
76, 4, 4, -0.456625
76, 4, 5, -0.464083
76, 4, 6, -0.458182
76, 4, 7, -0.437518
76, 4, 8, -0.421948
76, 4, 9, -0.431234
76, 4, 10, -0.442422
76, 4, 11, -0.424178
76, 4, 12, -0.426664
76, 4, 13, -0.394367
76, 4, 14, -0.426692
76, 4, 15, -0.444368
76, 4, 16, -0.416915
76, 4, 17, -0.394035
76, 4, 18, -0.412119
76, 4, 19, -0.436245
76, 4, 20, -0.411220
76, 4, 21, -0.205547
76, 4, 22, 0.171115
76, 4, 23, 0.642733
76, 4, 24, 1.083038
76, 4, 25, 1.529179
76, 4, 26, 2.436200
76, 4, 27, 100.000000
76, 4, 28, 100.000000
76, 4, 29, 100.000000
76, 4, 30, 100.000000
76, 4, 31, 100.000000
76, 4, 32, 100.000000
76, 4, 33, 100.000000
76, 4, 34, 100.000000
76, 5, 0, 0.331111
76, 5, 1, -0.135938
76, 5, 2, -0.377279
76, 5, 3, -0.444526
76, 5, 4, -0.462419
76, 5, 5, -0.467190
76, 5, 6, -0.480204
76, 5, 7, -0.478284
76, 5, 8, -0.490730
76, 5, 9, -0.490412
76, 5, 10, -0.460869
76, 5, 11, -0.442043
76, 5, 12, -0.421482
76, 5, 13, -0.406297
76, 5, 14, -0.411663
76, 5, 15, -0.385611
76, 5, 16, -0.379716
76, 5, 17, -0.380744
76, 5, 18, -0.382151
76, 5, 19, -0.380596
76, 5, 20, -0.362107
76, 5, 21, -0.190318
76, 5, 22, 0.147689
76, 5, 23, 0.599635
76, 5, 24, 1.071050
76, 5, 25, 1.506495
76, 5, 26, 2.334882
76, 5, 27, 100.000000
76, 5, 28, 100.000000
76, 5, 29, 100.000000
76, 5, 30, 100.000000
76, 5, 31, 100.000000
76, 5, 32, 100.000000
76, 5, 33, 100.000000
76, 5, 34, 100.000000
76, 6, 0, 0.325133
76, 6, 1, -0.165450
76, 6, 2, -0.417447
76, 6, 3, -0.438243
76, 6, 4, -0.428469
76, 6, 5, -0.454977
76, 6, 6, -0.469674
76, 6, 7, -0.453631
76, 6, 8, -0.447159
76, 6, 9, -0.451320
76, 6, 10, -0.461476
76, 6, 11, -0.451716
76, 6, 12, -0.416818
76, 6, 13, -0.424411
76, 6, 14, -0.424417
76, 6, 15, -0.412518
76, 6, 16, -0.374911
76, 6, 17, -0.359633
76, 6, 18, -0.358788
76, 6, 19, -0.355752
76, 6, 20, -0.304652
76, 6, 21, -0.159355
76, 6, 22, 0.122149
76, 6, 23, 0.539020
76, 6, 24, 1.034701
76, 6, 25, 1.527891
76, 6, 26, 2.480273
76, 6, 27, 100.000000
76, 6, 28, 100.000000
76, 6, 29, 100.000000
76, 6, 30, 100.000000
76, 6, 31, 100.000000
76, 6, 32, 100.000000
76, 6, 33, 100.000000
76, 6, 34, 100.000000
76, 7, 0, 0.334489
76, 7, 1, -0.185725
76, 7, 2, -0.442901
76, 7, 3, -0.443108
76, 7, 4, -0.416361
76, 7, 5, -0.457753
76, 7, 6, -0.478107
76, 7, 7, -0.490899
76, 7, 8, -0.472593
76, 7, 9, -0.459766
76, 7, 10, -0.443040
76, 7, 11, -0.430281
76, 7, 12, -0.411853
76, 7, 13, -0.417365
76, 7, 14, -0.432921
76, 7, 15, -0.425246
76, 7, 16, -0.379040
76, 7, 17, -0.339462
76, 7, 18, -0.331299
76, 7, 19, -0.319623
76, 7, 20, -0.273731
76, 7, 21, -0.209540
76, 7, 22, 0.019480
76, 7, 23, 0.430547
76, 7, 24, 0.929404
76, 7, 25, 1.583900
76, 7, 26, 2.358390
76, 7, 27, 100.000000
76, 7, 28, 100.000000
76, 7, 29, 100.000000
76, 7, 30, 100.000000
76, 7, 31, 100.000000
76, 7, 32, 100.000000
76, 7, 33, 100.000000
76, 7, 34, 100.000000
76, 8, 0, 0.359471
76, 8, 1, -0.171718
76, 8, 2, -0.448515
76, 8, 3, -0.479287
76, 8, 4, -0.410417
76, 8, 5, -0.424356
76, 8, 6, -0.460567
76, 8, 7, -0.483218
76, 8, 8, -0.481732
76, 8, 9, -0.461700
76, 8, 10, -0.473485
76, 8, 11, -0.456364
76, 8, 12, -0.438195
76, 8, 13, -0.437408
76, 8, 14, -0.438144
76, 8, 15, -0.425992
76, 8, 16, -0.403132
76, 8, 17, -0.372963
76, 8, 18, -0.329232
76, 8, 19, -0.285454
76, 8, 20, -0.273703
76, 8, 21, -0.254544
76, 8, 22, -0.067250
76, 8, 23, 0.331206
76, 8, 24, 0.866459
76, 8, 25, 1.493492
76, 8, 26, 2.346250
76, 8, 27, 100.000000
76, 8, 28, 100.000000
76, 8, 29, 100.000000
76, 8, 30, 100.000000
76, 8, 31, 100.000000
76, 8, 32, 100.000000
76, 8, 33, 100.000000
76, 8, 34, 100.000000
76, 9, 0, 0.351652
76, 9, 1, -0.167836
76, 9, 2, -0.417663
76, 9, 3, -0.493658
76, 9, 4, -0.455791
76, 9, 5, -0.417439
76, 9, 6, -0.437302
76, 9, 7, -0.461915
76, 9, 8, -0.472189
76, 9, 9, -0.458656
76, 9, 10, -0.465051
76, 9, 11, -0.477105
76, 9, 12, -0.470698
76, 9, 13, -0.458605
76, 9, 14, -0.437596
76, 9, 15, -0.452812
76, 9, 16, -0.451026
76, 9, 17, -0.418048
76, 9, 18, -0.342807
76, 9, 19, -0.296668
76, 9, 20, -0.273094
76, 9, 21, -0.231789
76, 9, 22, -0.035633
76, 9, 23, 0.348502
76, 9, 24, 0.854542
76, 9, 25, 1.466370
76, 9, 26, 2.285462
76, 9, 27, 100.000000
76, 9, 28, 100.000000
76, 9, 29, 100.000000
76, 9, 30, 100.000000
76, 9, 31, 100.000000
76, 9, 32, 100.000000
76, 9, 33, 100.000000
76, 9, 34, 100.000000
76, 10, 0, 0.301333
76, 10, 1, -0.183358
76, 10, 2, -0.396203
76, 10, 3, -0.456147
76, 10, 4, -0.460255
76, 10, 5, -0.442994
76, 10, 6, -0.454761
76, 10, 7, -0.476976
76, 10, 8, -0.468558
76, 10, 9, -0.454606
76, 10, 10, -0.460848
76, 10, 11, -0.474405
76, 10, 12, -0.475017
76, 10, 13, -0.470961
76, 10, 14, -0.448889
76, 10, 15, -0.450937
76, 10, 16, -0.469869
76, 10, 17, -0.447405
76, 10, 18, -0.396104
76, 10, 19, -0.323572
76, 10, 20, -0.217238
76, 10, 21, -0.124155
76, 10, 22, 0.091455
76, 10, 23, 0.433482
76, 10, 24, 0.935514
76, 10, 25, 1.620792
76, 10, 26, 100.000000
76, 10, 27, 100.000000
76, 10, 28, 100.000000
76, 10, 29, 100.000000
76, 10, 30, 100.000000
76, 10, 31, 100.000000
76, 10, 32, 100.000000
76, 10, 33, 100.000000
76, 10, 34, 100.000000
76, 11, 0, 0.298118
76, 11, 1, -0.186288
76, 11, 2, -0.371456
76, 11, 3, -0.425485
76, 11, 4, -0.445070
76, 11, 5, -0.434898
76, 11, 6, -0.437266
76, 11, 7, -0.455830
76, 11, 8, -0.447143
76, 11, 9, -0.459612
76, 11, 10, -0.464254
76, 11, 11, -0.459832
76, 11, 12, -0.477391
76, 11, 13, -0.467540
76, 11, 14, -0.461648
76, 11, 15, -0.456136
76, 11, 16, -0.456887
76, 11, 17, -0.448210
76, 11, 18, -0.442388
76, 11, 19, -0.384792
76, 11, 20, -0.235643
76, 11, 21, -0.029637
76, 11, 22, 0.237795
76, 11, 23, 0.516724
76, 11, 24, 0.901879
76, 11, 25, 1.296562
76, 11, 26, 2.193650
76, 11, 27, 100.000000
76, 11, 28, 100.000000
76, 11, 29, 100.000000
76, 11, 30, 100.000000
76, 11, 31, 100.000000
76, 11, 32, 100.000000
76, 11, 33, 100.000000
76, 11, 34, 100.000000
76, 12, 0, 0.292158
76, 12, 1, -0.217142
76, 12, 2, -0.400968
76, 12, 3, -0.439042
76, 12, 4, -0.458097
76, 12, 5, -0.443689
76, 12, 6, -0.442907
76, 12, 7, -0.451734
76, 12, 8, -0.468486
76, 12, 9, -0.484826
76, 12, 10, -0.467617
76, 12, 11, -0.465440
76, 12, 12, -0.463470
76, 12, 13, -0.458215
76, 12, 14, -0.467573
76, 12, 15, -0.462776
76, 12, 16, -0.449531
76, 12, 17, -0.417858
76, 12, 18, -0.432835
76, 12, 19, -0.401009
76, 12, 20, -0.259923
76, 12, 21, -0.002173
76, 12, 22, 0.303498
76, 12, 23, 0.523413
76, 12, 24, 0.768395
76, 12, 25, 0.947583
76, 12, 26, 1.743873
76, 12, 27, 100.000000
76, 12, 28, 100.000000
76, 12, 29, 100.000000
76, 12, 30, 100.000000
76, 12, 31, 100.000000
76, 12, 32, 100.000000
76, 12, 33, 100.000000
76, 12, 34, 100.000000
76, 13, 0, 0.262526
76, 13, 1, -0.232669
76, 13, 2, -0.409853
76, 13, 3, -0.433769
76, 13, 4, -0.472927
76, 13, 5, -0.440815
76, 13, 6, -0.434518
76, 13, 7, -0.451778
76, 13, 8, -0.463492
76, 13, 9, -0.486525
76, 13, 10, -0.484843
76, 13, 11, -0.464334
76, 13, 12, -0.467615
76, 13, 13, -0.464704
76, 13, 14, -0.472703
76, 13, 15, -0.468446
76, 13, 16, -0.434295
76, 13, 17, -0.384851
76, 13, 18, -0.390333
76, 13, 19, -0.362077
76, 13, 20, -0.251362
76, 13, 21, -0.028939
76, 13, 22, 0.231845
76, 13, 23, 0.461173
76, 13, 24, 0.711118
76, 13, 25, 0.985436
76, 13, 26, 1.694124
76, 13, 27, 100.000000
76, 13, 28, 100.000000
76, 13, 29, 100.000000
76, 13, 30, 100.000000
76, 13, 31, 100.000000
76, 13, 32, 100.000000
76, 13, 33, 100.000000
76, 13, 34, 100.000000
76, 14, 0, 0.252897
76, 14, 1, -0.211987
76, 14, 2, -0.391890
76, 14, 3, -0.439845
76, 14, 4, -0.475642
76, 14, 5, -0.442260
76, 14, 6, -0.427692
76, 14, 7, -0.443774
76, 14, 8, -0.454381
76, 14, 9, -0.473444
76, 14, 10, -0.474290
76, 14, 11, -0.482115
76, 14, 12, -0.473112
76, 14, 13, -0.470404
76, 14, 14, -0.471540
76, 14, 15, -0.453723
76, 14, 16, -0.404117
76, 14, 17, -0.370593
76, 14, 18, -0.363020
76, 14, 19, -0.337720
76, 14, 20, -0.247400
76, 14, 21, -0.058820
76, 14, 22, 0.172309
76, 14, 23, 0.435715
76, 14, 24, 0.774268
76, 14, 25, 1.210132
76, 14, 26, 2.019986
76, 14, 27, 100.000000
76, 14, 28, 100.000000
76, 14, 29, 100.000000
76, 14, 30, 100.000000
76, 14, 31, 100.000000
76, 14, 32, 100.000000
76, 14, 33, 100.000000
76, 14, 34, 100.000000
76, 15, 0, 0.278135
76, 15, 1, -0.160135
76, 15, 2, -0.367704
76, 15, 3, -0.469844
76, 15, 4, -0.473616
76, 15, 5, -0.442423
76, 15, 6, -0.413876
76, 15, 7, -0.439401
76, 15, 8, -0.455004
76, 15, 9, -0.479290
76, 15, 10, -0.476862
76, 15, 11, -0.463420
76, 15, 12, -0.462027
76, 15, 13, -0.457534
76, 15, 14, -0.465285
76, 15, 15, -0.448554
76, 15, 16, -0.395800
76, 15, 17, -0.360830
76, 15, 18, -0.353754
76, 15, 19, -0.313360
76, 15, 20, -0.230846
76, 15, 21, -0.077189
76, 15, 22, 0.158380
76, 15, 23, 0.475291
76, 15, 24, 0.894772
76, 15, 25, 1.324769
76, 15, 26, 2.200727
76, 15, 27, 100.000000
76, 15, 28, 100.000000
76, 15, 29, 100.000000
76, 15, 30, 100.000000
76, 15, 31, 100.000000
76, 15, 32, 100.000000
76, 15, 33, 100.000000
76, 15, 34, 100.000000
76, 16, 0, 0.294385
76, 16, 1, -0.134508
76, 16, 2, -0.339170
76, 16, 3, -0.439421
76, 16, 4, -0.457399
76, 16, 5, -0.438609
76, 16, 6, -0.422116
76, 16, 7, -0.431712
76, 16, 8, -0.445108
76, 16, 9, -0.482123
76, 16, 10, -0.470847
76, 16, 11, -0.466243
76, 16, 12, -0.457925
76, 16, 13, -0.456696
76, 16, 14, -0.477958
76, 16, 15, -0.470764
76, 16, 16, -0.424627
76, 16, 17, -0.392405
76, 16, 18, -0.353418
76, 16, 19, -0.318089
76, 16, 20, -0.223257
76, 16, 21, -0.054010
76, 16, 22, 0.200428
76, 16, 23, 0.561622
76, 16, 24, 1.067238
76, 16, 25, 1.608179
76, 16, 26, 2.494220
76, 16, 27, 100.000000
76, 16, 28, 100.000000
76, 16, 29, 100.000000
76, 16, 30, 100.000000
76, 16, 31, 100.000000
76, 16, 32, 100.000000
76, 16, 33, 100.000000
76, 16, 34, 100.000000
76, 17, 0, 0.294024
76, 17, 1, -0.149214
76, 17, 2, -0.327475
76, 17, 3, -0.391908
76, 17, 4, -0.416930
76, 17, 5, -0.435357
76, 17, 6, -0.431069
76, 17, 7, -0.438250
76, 17, 8, -0.453088
76, 17, 9, -0.463991
76, 17, 10, -0.478365
76, 17, 11, -0.482612
76, 17, 12, -0.461153
76, 17, 13, -0.454728
76, 17, 14, -0.457256
76, 17, 15, -0.437433
76, 17, 16, -0.430469
76, 17, 17, -0.410609
76, 17, 18, -0.352887
76, 17, 19, -0.315032
76, 17, 20, -0.215065
76, 17, 21, -0.061130
76, 17, 22, 0.173090
76, 17, 23, 0.652697
76, 17, 24, 1.323112
76, 17, 25, 2.102205
76, 17, 26, 100.000000
76, 17, 27, 100.000000
76, 17, 28, 100.000000
76, 17, 29, 100.000000
76, 17, 30, 100.000000
76, 17, 31, 100.000000
76, 17, 32, 100.000000
76, 17, 33, 100.000000
76, 17, 34, 100.000000
76, 18, 0, 0.293111
76, 18, 1, -0.183308
76, 18, 2, -0.338396
76, 18, 3, -0.346837
76, 18, 4, -0.392642
76, 18, 5, -0.422058
76, 18, 6, -0.432455
76, 18, 7, -0.430277
76, 18, 8, -0.451186
76, 18, 9, -0.453799
76, 18, 10, -0.455474
76, 18, 11, -0.486862
76, 18, 12, -0.468078
76, 18, 13, -0.454927
76, 18, 14, -0.438657
76, 18, 15, -0.427619
76, 18, 16, -0.448634
76, 18, 17, -0.420161
76, 18, 18, -0.352789
76, 18, 19, -0.298283
76, 18, 20, -0.228842
76, 18, 21, -0.097005
76, 18, 22, 0.190372
76, 18, 23, 0.764709
76, 18, 24, 1.481433
76, 18, 25, 2.345258
76, 18, 26, 100.000000
76, 18, 27, 100.000000
76, 18, 28, 100.000000
76, 18, 29, 100.000000
76, 18, 30, 100.000000
76, 18, 31, 100.000000
76, 18, 32, 100.000000
76, 18, 33, 100.000000
76, 18, 34, 100.000000
76, 19, 0, 0.296607
76, 19, 1, -0.188345
76, 19, 2, -0.334289
76, 19, 3, -0.330085
76, 19, 4, -0.376524
76, 19, 5, -0.404913
76, 19, 6, -0.423797
76, 19, 7, -0.438520
76, 19, 8, -0.453580
76, 19, 9, -0.468604
76, 19, 10, -0.478729
76, 19, 11, -0.480331
76, 19, 12, -0.453742
76, 19, 13, -0.438758
76, 19, 14, -0.432777
76, 19, 15, -0.441801
76, 19, 16, -0.434419
76, 19, 17, -0.392842
76, 19, 18, -0.335838
76, 19, 19, -0.273063
76, 19, 20, -0.217302
76, 19, 21, -0.107280
76, 19, 22, 0.181585
76, 19, 23, 0.780624
76, 19, 24, 1.490494
76, 19, 25, 2.329544
76, 19, 26, 100.000000
76, 19, 27, 100.000000
76, 19, 28, 100.000000
76, 19, 29, 100.000000
76, 19, 30, 100.000000
76, 19, 31, 100.000000
76, 19, 32, 100.000000
76, 19, 33, 100.000000
76, 19, 34, 100.000000
76, 20, 0, 0.304909
76, 20, 1, -0.180271
76, 20, 2, -0.328553
76, 20, 3, -0.328880
76, 20, 4, -0.370445
76, 20, 5, -0.404368
76, 20, 6, -0.409338
76, 20, 7, -0.432105
76, 20, 8, -0.453671
76, 20, 9, -0.476563
76, 20, 10, -0.487365
76, 20, 11, -0.465302
76, 20, 12, -0.467159
76, 20, 13, -0.466988
76, 20, 14, -0.477777
76, 20, 15, -0.470851
76, 20, 16, -0.431614
76, 20, 17, -0.380620
76, 20, 18, -0.351044
76, 20, 19, -0.297026
76, 20, 20, -0.217472
76, 20, 21, -0.095087
76, 20, 22, 0.197111
76, 20, 23, 0.703202
76, 20, 24, 1.363075
76, 20, 25, 2.058662
76, 20, 26, 100.000000
76, 20, 27, 100.000000
76, 20, 28, 100.000000
76, 20, 29, 100.000000
76, 20, 30, 100.000000
76, 20, 31, 100.000000
76, 20, 32, 100.000000
76, 20, 33, 100.000000
76, 20, 34, 100.000000
76, 21, 0, 0.301441
76, 21, 1, -0.171583
76, 21, 2, -0.327389
76, 21, 3, -0.347594
76, 21, 4, -0.371221
76, 21, 5, -0.416245
76, 21, 6, -0.405657
76, 21, 7, -0.437794
76, 21, 8, -0.452791
76, 21, 9, -0.473293
76, 21, 10, -0.471331
76, 21, 11, -0.464660
76, 21, 12, -0.486187
76, 21, 13, -0.474157
76, 21, 14, -0.480867
76, 21, 15, -0.471763
76, 21, 16, -0.426775
76, 21, 17, -0.382976
76, 21, 18, -0.349021
76, 21, 19, -0.302145
76, 21, 20, -0.192446
76, 21, 21, -0.045276
76, 21, 22, 0.251884
76, 21, 23, 0.706658
76, 21, 24, 1.307657
76, 21, 25, 2.013606
76, 21, 26, 100.000000
76, 21, 27, 100.000000
76, 21, 28, 100.000000
76, 21, 29, 100.000000
76, 21, 30, 100.000000
76, 21, 31, 100.000000
76, 21, 32, 100.000000
76, 21, 33, 100.000000
76, 21, 34, 100.000000
76, 22, 0, 0.309466
76, 22, 1, -0.140537
76, 22, 2, -0.331084
76, 22, 3, -0.389990
76, 22, 4, -0.397426
76, 22, 5, -0.410211
76, 22, 6, -0.420413
76, 22, 7, -0.449508
76, 22, 8, -0.479107
76, 22, 9, -0.481188
76, 22, 10, -0.476574
76, 22, 11, -0.466388
76, 22, 12, -0.466567
76, 22, 13, -0.473353
76, 22, 14, -0.464019
76, 22, 15, -0.463783
76, 22, 16, -0.442848
76, 22, 17, -0.429239
76, 22, 18, -0.367394
76, 22, 19, -0.306340
76, 22, 20, -0.208663
76, 22, 21, -0.015997
76, 22, 22, 0.331575
76, 22, 23, 0.822840
76, 22, 24, 1.516485
76, 22, 25, 2.312364
76, 22, 26, 100.000000
76, 22, 27, 100.000000
76, 22, 28, 100.000000
76, 22, 29, 100.000000
76, 22, 30, 100.000000
76, 22, 31, 100.000000
76, 22, 32, 100.000000
76, 22, 33, 100.000000
76, 22, 34, 100.000000
76, 23, 0, 0.326115
76, 23, 1, -0.139460
76, 23, 2, -0.375024
76, 23, 3, -0.448283
76, 23, 4, -0.415509
76, 23, 5, -0.381946
76, 23, 6, -0.402786
76, 23, 7, -0.455722
76, 23, 8, -0.471482
76, 23, 9, -0.482645
76, 23, 10, -0.482661
76, 23, 11, -0.460270
76, 23, 12, -0.464611
76, 23, 13, -0.466406
76, 23, 14, -0.455491
76, 23, 15, -0.459016
76, 23, 16, -0.458710
76, 23, 17, -0.454892
76, 23, 18, -0.376601
76, 23, 19, -0.299676
76, 23, 20, -0.238851
76, 23, 21, 0.005032
76, 23, 22, 0.441209
76, 23, 23, 1.021804
76, 23, 24, 1.780085
76, 23, 25, 100.000000
76, 23, 26, 100.000000
76, 23, 27, 100.000000
76, 23, 28, 100.000000
76, 23, 29, 100.000000
76, 23, 30, 100.000000
76, 23, 31, 100.000000
76, 23, 32, 100.000000
76, 23, 33, 100.000000
76, 23, 34, 100.000000
76, 24, 0, 0.331140
76, 24, 1, -0.137114
76, 24, 2, -0.342573
76, 24, 3, -0.407819
76, 24, 4, -0.405861
76, 24, 5, -0.375402
76, 24, 6, -0.391015
76, 24, 7, -0.433412
76, 24, 8, -0.442651
76, 24, 9, -0.454155
76, 24, 10, -0.457206
76, 24, 11, -0.482267
76, 24, 12, -0.476142
76, 24, 13, -0.482271
76, 24, 14, -0.459442
76, 24, 15, -0.443461
76, 24, 16, -0.452632
76, 24, 17, -0.431738
76, 24, 18, -0.353005
76, 24, 19, -0.308416
76, 24, 20, -0.267777
76, 24, 21, 0.029333
76, 24, 22, 0.541140
76, 24, 23, 1.205705
76, 24, 24, 1.943549
76, 24, 25, 100.000000
76, 24, 26, 100.000000
76, 24, 27, 100.000000
76, 24, 28, 100.000000
76, 24, 29, 100.000000
76, 24, 30, 100.000000
76, 24, 31, 100.000000
76, 24, 32, 100.000000
76, 24, 33, 100.000000
76, 24, 34, 100.000000
76, 25, 0, 0.318394
76, 25, 1, -0.160528
76, 25, 2, -0.356736
76, 25, 3, -0.370503
76, 25, 4, -0.371914
76, 25, 5, -0.371547
76, 25, 6, -0.391039
76, 25, 7, -0.417776
76, 25, 8, -0.424217
76, 25, 9, -0.460350
76, 25, 10, -0.436354
76, 25, 11, -0.460789
76, 25, 12, -0.466207
76, 25, 13, -0.462562
76, 25, 14, -0.443779
76, 25, 15, -0.432136
76, 25, 16, -0.421602
76, 25, 17, -0.405143
76, 25, 18, -0.351524
76, 25, 19, -0.342674
76, 25, 20, -0.269569
76, 25, 21, 0.063744
76, 25, 22, 0.640579
76, 25, 23, 1.328250
76, 25, 24, 2.199282
76, 25, 25, 100.000000
76, 25, 26, 100.000000
76, 25, 27, 100.000000
76, 25, 28, 100.000000
76, 25, 29, 100.000000
76, 25, 30, 100.000000
76, 25, 31, 100.000000
76, 25, 32, 100.000000
76, 25, 33, 100.000000
76, 25, 34, 100.000000
76, 26, 0, 0.326964
76, 26, 1, -0.192936
76, 26, 2, -0.395240
76, 26, 3, -0.364840
76, 26, 4, -0.347004
76, 26, 5, -0.361815
76, 26, 6, -0.386777
76, 26, 7, -0.404898
76, 26, 8, -0.413929
76, 26, 9, -0.461153
76, 26, 10, -0.452361
76, 26, 11, -0.459462
76, 26, 12, -0.442790
76, 26, 13, -0.432547
76, 26, 14, -0.414961
76, 26, 15, -0.405085
76, 26, 16, -0.406255
76, 26, 17, -0.408515
76, 26, 18, -0.362759
76, 26, 19, -0.323162
76, 26, 20, -0.222284
76, 26, 21, 0.129466
76, 26, 22, 0.684921
76, 26, 23, 1.360055
76, 26, 24, 2.249222
76, 26, 25, 100.000000
76, 26, 26, 100.000000
76, 26, 27, 100.000000
76, 26, 28, 100.000000
76, 26, 29, 100.000000
76, 26, 30, 100.000000
76, 26, 31, 100.000000
76, 26, 32, 100.000000
76, 26, 33, 100.000000
76, 26, 34, 100.000000
76, 27, 0, 0.328488
76, 27, 1, -0.228653
76, 27, 2, -0.444019
76, 27, 3, -0.406757
76, 27, 4, -0.399498
76, 27, 5, -0.397875
76, 27, 6, -0.408386
76, 27, 7, -0.422218
76, 27, 8, -0.427776
76, 27, 9, -0.447324
76, 27, 10, -0.448849
76, 27, 11, -0.451163
76, 27, 12, -0.438437
76, 27, 13, -0.428921
76, 27, 14, -0.406380
76, 27, 15, -0.385869
76, 27, 16, -0.391552
76, 27, 17, -0.399901
76, 27, 18, -0.358238
76, 27, 19, -0.275891
76, 27, 20, -0.174011
76, 27, 21, 0.148496
76, 27, 22, 0.638916
76, 27, 23, 1.278910
76, 27, 24, 2.088365
76, 27, 25, 100.000000
76, 27, 26, 100.000000
76, 27, 27, 100.000000
76, 27, 28, 100.000000
76, 27, 29, 100.000000
76, 27, 30, 100.000000
76, 27, 31, 100.000000
76, 27, 32, 100.000000
76, 27, 33, 100.000000
76, 27, 34, 100.000000
76, 28, 0, 0.320442
76, 28, 1, -0.228908
76, 28, 2, -0.425654
76, 28, 3, -0.429970
76, 28, 4, -0.451236
76, 28, 5, -0.428388
76, 28, 6, -0.426774
76, 28, 7, -0.426562
76, 28, 8, -0.408040
76, 28, 9, -0.403637
76, 28, 10, -0.412376
76, 28, 11, -0.420612
76, 28, 12, -0.405705
76, 28, 13, -0.375946
76, 28, 14, -0.361210
76, 28, 15, -0.376421
76, 28, 16, -0.367920
76, 28, 17, -0.345999
76, 28, 18, -0.297677
76, 28, 19, -0.249358
76, 28, 20, -0.162862
76, 28, 21, 0.139631
76, 28, 22, 0.617559
76, 28, 23, 1.215675
76, 28, 24, 1.985103
76, 28, 25, 100.000000
76, 28, 26, 100.000000
76, 28, 27, 100.000000
76, 28, 28, 100.000000
76, 28, 29, 100.000000
76, 28, 30, 100.000000
76, 28, 31, 100.000000
76, 28, 32, 100.000000
76, 28, 33, 100.000000
76, 28, 34, 100.000000
76, 29, 0, 0.361897
76, 29, 1, -0.036457
76, 29, 2, -0.136973
76, 29, 3, -0.173750
76, 29, 4, -0.173008
76, 29, 5, -0.157057
76, 29, 6, -0.146376
76, 29, 7, -0.141402
76, 29, 8, -0.140620
76, 29, 9, -0.122237
76, 29, 10, -0.112931
76, 29, 11, -0.128729
76, 29, 12, -0.111072
76, 29, 13, -0.073681
76, 29, 14, -0.071380
76, 29, 15, -0.097245
76, 29, 16, -0.099891
76, 29, 17, -0.068738
76, 29, 18, -0.051963
76, 29, 19, -0.062292
76, 29, 20, 0.019454
76, 29, 21, 0.300006
76, 29, 22, 0.752098
76, 29, 23, 1.344875
76, 29, 24, 2.150641
76, 29, 25, 100.000000
76, 29, 26, 100.000000
76, 29, 27, 100.000000
76, 29, 28, 100.000000
76, 29, 29, 100.000000
76, 29, 30, 100.000000
76, 29, 31, 100.000000
76, 29, 32, 100.000000
76, 29, 33, 100.000000
76, 29, 34, 100.000000
77, 0, 0, 0.581151
77, 0, 1, 0.391652
77, 0, 2, 0.363736
77, 0, 3, 0.395398
77, 0, 4, 0.420370
77, 0, 5, 0.430952
77, 0, 6, 0.459013
77, 0, 7, 0.480593
77, 0, 8, 0.475415
77, 0, 9, 0.462631
77, 0, 10, 0.434647
77, 0, 11, 0.439269
77, 0, 12, 0.435922
77, 0, 13, 0.423555
77, 0, 14, 0.430525
77, 0, 15, 0.456704
77, 0, 16, 0.472530
77, 0, 17, 0.476942
77, 0, 18, 0.470824
77, 0, 19, 0.455081
77, 0, 20, 0.461444
77, 0, 21, 0.560746
77, 0, 22, 0.819669
77, 0, 23, 1.221703
77, 0, 24, 1.746653
77, 0, 25, 2.466521
77, 0, 26, 100.000000
77, 0, 27, 100.000000
77, 0, 28, 100.000000
77, 0, 29, 100.000000
77, 0, 30, 100.000000
77, 0, 31, 100.000000
77, 0, 32, 100.000000
77, 0, 33, 100.000000
77, 0, 34, 100.000000
77, 1, 0, 0.347166
77, 1, 1, -0.013451
77, 1, 2, -0.115437
77, 1, 3, -0.087800
77, 1, 4, -0.053567
77, 1, 5, -0.038686
77, 1, 6, -0.030361
77, 1, 7, -0.039140
77, 1, 8, -0.032886
77, 1, 9, -0.010107
77, 1, 10, -0.021275
77, 1, 11, -0.034451
77, 1, 12, -0.050824
77, 1, 13, -0.059185
77, 1, 14, -0.080060
77, 1, 15, -0.080500
77, 1, 16, -0.061470
77, 1, 17, -0.068258
77, 1, 18, -0.084362
77, 1, 19, -0.090997
77, 1, 20, -0.065697
77, 1, 21, 0.042292
77, 1, 22, 0.333757
77, 1, 23, 0.792148
77, 1, 24, 1.383456
77, 1, 25, 2.055256
77, 1, 26, 100.000000
77, 1, 27, 100.000000
77, 1, 28, 100.000000
77, 1, 29, 100.000000
77, 1, 30, 100.000000
77, 1, 31, 100.000000
77, 1, 32, 100.000000
77, 1, 33, 100.000000
77, 1, 34, 100.000000
77, 2, 0, 0.334084
77, 2, 1, -0.115029
77, 2, 2, -0.319049
77, 2, 3, -0.336447
77, 2, 4, -0.328125
77, 2, 5, -0.343549
77, 2, 6, -0.350409
77, 2, 7, -0.352104
77, 2, 8, -0.332344
77, 2, 9, -0.302650
77, 2, 10, -0.314259
77, 2, 11, -0.336015
77, 2, 12, -0.337954
77, 2, 13, -0.292106
77, 2, 14, -0.330015
77, 2, 15, -0.381110
77, 2, 16, -0.376263
77, 2, 17, -0.383736
77, 2, 18, -0.377169
77, 2, 19, -0.367520
77, 2, 20, -0.333438
77, 2, 21, -0.206452
77, 2, 22, 0.140212
77, 2, 23, 0.619277
77, 2, 24, 1.218646
77, 2, 25, 1.912852
77, 2, 26, 100.000000
77, 2, 27, 100.000000
77, 2, 28, 100.000000
77, 2, 29, 100.000000
77, 2, 30, 100.000000
77, 2, 31, 100.000000
77, 2, 32, 100.000000
77, 2, 33, 100.000000
77, 2, 34, 100.000000
77, 3, 0, 0.319066
77, 3, 1, -0.143375
77, 3, 2, -0.365232
77, 3, 3, -0.405476
77, 3, 4, -0.403987
77, 3, 5, -0.429916
77, 3, 6, -0.448925
77, 3, 7, -0.454568
77, 3, 8, -0.441545
77, 3, 9, -0.418214
77, 3, 10, -0.448122
77, 3, 11, -0.480242
77, 3, 12, -0.460074
77, 3, 13, -0.388000
77, 3, 14, -0.378244
77, 3, 15, -0.435042
77, 3, 16, -0.449303
77, 3, 17, -0.438092
77, 3, 18, -0.423244
77, 3, 19, -0.431620
77, 3, 20, -0.400569
77, 3, 21, -0.272007
77, 3, 22, 0.067994
77, 3, 23, 0.526878
77, 3, 24, 1.061501
77, 3, 25, 1.713634
77, 3, 26, 100.000000
77, 3, 27, 100.000000
77, 3, 28, 100.000000
77, 3, 29, 100.000000
77, 3, 30, 100.000000
77, 3, 31, 100.000000
77, 3, 32, 100.000000
77, 3, 33, 100.000000
77, 3, 34, 100.000000
77, 4, 0, 0.311646
77, 4, 1, -0.150261
77, 4, 2, -0.380553
77, 4, 3, -0.446886
77, 4, 4, -0.449739
77, 4, 5, -0.457121
77, 4, 6, -0.482127
77, 4, 7, -0.455857
77, 4, 8, -0.432324
77, 4, 9, -0.429591
77, 4, 10, -0.463047
77, 4, 11, -0.463534
77, 4, 12, -0.440598
77, 4, 13, -0.430926
77, 4, 14, -0.407869
77, 4, 15, -0.416923
77, 4, 16, -0.432727
77, 4, 17, -0.428662
77, 4, 18, -0.404850
77, 4, 19, -0.399182
77, 4, 20, -0.401070
77, 4, 21, -0.299910
77, 4, 22, 0.011437
77, 4, 23, 0.455700
77, 4, 24, 0.922820
77, 4, 25, 1.366598
77, 4, 26, 2.125018
77, 4, 27, 100.000000
77, 4, 28, 100.000000
77, 4, 29, 100.000000
77, 4, 30, 100.000000
77, 4, 31, 100.000000
77, 4, 32, 100.000000
77, 4, 33, 100.000000
77, 4, 34, 100.000000
77, 5, 0, 0.314570
77, 5, 1, -0.153327
77, 5, 2, -0.385344
77, 5, 3, -0.443062
77, 5, 4, -0.454373
77, 5, 5, -0.458452
77, 5, 6, -0.471776
77, 5, 7, -0.453153
77, 5, 8, -0.465914
77, 5, 9, -0.471557
77, 5, 10, -0.448784
77, 5, 11, -0.426218
77, 5, 12, -0.417581
77, 5, 13, -0.440268
77, 5, 14, -0.427742
77, 5, 15, -0.400373
77, 5, 16, -0.395930
77, 5, 17, -0.405651
77, 5, 18, -0.375183
77, 5, 19, -0.351823
77, 5, 20, -0.356375
77, 5, 21, -0.279933
77, 5, 22, -0.014309
77, 5, 23, 0.392570
77, 5, 24, 0.869244
77, 5, 25, 1.299362
77, 5, 26, 1.970302
77, 5, 27, 100.000000
77, 5, 28, 100.000000
77, 5, 29, 100.000000
77, 5, 30, 100.000000
77, 5, 31, 100.000000
77, 5, 32, 100.000000
77, 5, 33, 100.000000
77, 5, 34, 100.000000
77, 6, 0, 0.331307
77, 6, 1, -0.157687
77, 6, 2, -0.405689
77, 6, 3, -0.448904
77, 6, 4, -0.441559
77, 6, 5, -0.454369
77, 6, 6, -0.476088
77, 6, 7, -0.459840
77, 6, 8, -0.451600
77, 6, 9, -0.449052
77, 6, 10, -0.452828
77, 6, 11, -0.455938
77, 6, 12, -0.433987
77, 6, 13, -0.423648
77, 6, 14, -0.421508
77, 6, 15, -0.409924
77, 6, 16, -0.390615
77, 6, 17, -0.377666
77, 6, 18, -0.363315
77, 6, 19, -0.375447
77, 6, 20, -0.353154
77, 6, 21, -0.257307
77, 6, 22, -0.037835
77, 6, 23, 0.319027
77, 6, 24, 0.800887
77, 6, 25, 1.325305
77, 6, 26, 2.082470
77, 6, 27, 100.000000
77, 6, 28, 100.000000
77, 6, 29, 100.000000
77, 6, 30, 100.000000
77, 6, 31, 100.000000
77, 6, 32, 100.000000
77, 6, 33, 100.000000
77, 6, 34, 100.000000
77, 7, 0, 0.351240
77, 7, 1, -0.146178
77, 7, 2, -0.408358
77, 7, 3, -0.445900
77, 7, 4, -0.445428
77, 7, 5, -0.450691
77, 7, 6, -0.477016
77, 7, 7, -0.460378
77, 7, 8, -0.450439
77, 7, 9, -0.449590
77, 7, 10, -0.462444
77, 7, 11, -0.451279
77, 7, 12, -0.432622
77, 7, 13, -0.439400
77, 7, 14, -0.451928
77, 7, 15, -0.454853
77, 7, 16, -0.422335
77, 7, 17, -0.385952
77, 7, 18, -0.369738
77, 7, 19, -0.343884
77, 7, 20, -0.295550
77, 7, 21, -0.252429
77, 7, 22, -0.113234
77, 7, 23, 0.227901
77, 7, 24, 0.709761
77, 7, 25, 1.335361
77, 7, 26, 2.156526
77, 7, 27, 100.000000
77, 7, 28, 100.000000
77, 7, 29, 100.000000
77, 7, 30, 100.000000
77, 7, 31, 100.000000
77, 7, 32, 100.000000
77, 7, 33, 100.000000
77, 7, 34, 100.000000
77, 8, 0, 0.368208
77, 8, 1, -0.129684
77, 8, 2, -0.394698
77, 8, 3, -0.446718
77, 8, 4, -0.444834
77, 8, 5, -0.437509
77, 8, 6, -0.452787
77, 8, 7, -0.468622
77, 8, 8, -0.450860
77, 8, 9, -0.435607
77, 8, 10, -0.444802
77, 8, 11, -0.475489
77, 8, 12, -0.464399
77, 8, 13, -0.477048
77, 8, 14, -0.457016
77, 8, 15, -0.439357
77, 8, 16, -0.438648
77, 8, 17, -0.424508
77, 8, 18, -0.361214
77, 8, 19, -0.300594
77, 8, 20, -0.278438
77, 8, 21, -0.268255
77, 8, 22, -0.144489
77, 8, 23, 0.185824
77, 8, 24, 0.681130
77, 8, 25, 1.326238
77, 8, 26, 2.218396
77, 8, 27, 100.000000
77, 8, 28, 100.000000
77, 8, 29, 100.000000
77, 8, 30, 100.000000
77, 8, 31, 100.000000
77, 8, 32, 100.000000
77, 8, 33, 100.000000
77, 8, 34, 100.000000
77, 9, 0, 0.348547
77, 9, 1, -0.151716
77, 9, 2, -0.387505
77, 9, 3, -0.448829
77, 9, 4, -0.450942
77, 9, 5, -0.446652
77, 9, 6, -0.453157
77, 9, 7, -0.446038
77, 9, 8, -0.435800
77, 9, 9, -0.427942
77, 9, 10, -0.437274
77, 9, 11, -0.457254
77, 9, 12, -0.448167
77, 9, 13, -0.464083
77, 9, 14, -0.459101
77, 9, 15, -0.457909
77, 9, 16, -0.444997
77, 9, 17, -0.442508
77, 9, 18, -0.377265
77, 9, 19, -0.350482
77, 9, 20, -0.325985
77, 9, 21, -0.255657
77, 9, 22, -0.085770
77, 9, 23, 0.236694
77, 9, 24, 0.722830
77, 9, 25, 1.356346
77, 9, 26, 2.303162
77, 9, 27, 100.000000
77, 9, 28, 100.000000
77, 9, 29, 100.000000
77, 9, 30, 100.000000
77, 9, 31, 100.000000
77, 9, 32, 100.000000
77, 9, 33, 100.000000
77, 9, 34, 100.000000
77, 10, 0, 0.316475
77, 10, 1, -0.180194
77, 10, 2, -0.392304
77, 10, 3, -0.436689
77, 10, 4, -0.480634
77, 10, 5, -0.449661
77, 10, 6, -0.468111
77, 10, 7, -0.467651
77, 10, 8, -0.440707
77, 10, 9, -0.416799
77, 10, 10, -0.432426
77, 10, 11, -0.464932
77, 10, 12, -0.457164
77, 10, 13, -0.480417
77, 10, 14, -0.465974
77, 10, 15, -0.453467
77, 10, 16, -0.440436
77, 10, 17, -0.433680
77, 10, 18, -0.405886
77, 10, 19, -0.382096
77, 10, 20, -0.322170
77, 10, 21, -0.207822
77, 10, 22, 0.001006
77, 10, 23, 0.320993
77, 10, 24, 0.773690
77, 10, 25, 1.482074
77, 10, 26, 2.471223
77, 10, 27, 100.000000
77, 10, 28, 100.000000
77, 10, 29, 100.000000
77, 10, 30, 100.000000
77, 10, 31, 100.000000
77, 10, 32, 100.000000
77, 10, 33, 100.000000
77, 10, 34, 100.000000
77, 11, 0, 0.326091
77, 11, 1, -0.176843
77, 11, 2, -0.376364
77, 11, 3, -0.422904
77, 11, 4, -0.457461
77, 11, 5, -0.420350
77, 11, 6, -0.427397
77, 11, 7, -0.427325
77, 11, 8, -0.432163
77, 11, 9, -0.417155
77, 11, 10, -0.432683
77, 11, 11, -0.448061
77, 11, 12, -0.455572
77, 11, 13, -0.474754
77, 11, 14, -0.469871
77, 11, 15, -0.419352
77, 11, 16, -0.401041
77, 11, 17, -0.410475
77, 11, 18, -0.416748
77, 11, 19, -0.401867
77, 11, 20, -0.329471
77, 11, 21, -0.174242
77, 11, 22, 0.061032
77, 11, 23, 0.383928
77, 11, 24, 0.802784
77, 11, 25, 1.365946
77, 11, 26, 2.082585
77, 11, 27, 100.000000
77, 11, 28, 100.000000
77, 11, 29, 100.000000
77, 11, 30, 100.000000
77, 11, 31, 100.000000
77, 11, 32, 100.000000
77, 11, 33, 100.000000
77, 11, 34, 100.000000
77, 12, 0, 0.334665
77, 12, 1, -0.166826
77, 12, 2, -0.390905
77, 12, 3, -0.442715
77, 12, 4, -0.448196
77, 12, 5, -0.400776
77, 12, 6, -0.434024
77, 12, 7, -0.449634
77, 12, 8, -0.448316
77, 12, 9, -0.437452
77, 12, 10, -0.432287
77, 12, 11, -0.439474
77, 12, 12, -0.440894
77, 12, 13, -0.458580
77, 12, 14, -0.465489
77, 12, 15, -0.417224
77, 12, 16, -0.372883
77, 12, 17, -0.386102
77, 12, 18, -0.430682
77, 12, 19, -0.409093
77, 12, 20, -0.328197
77, 12, 21, -0.165577
77, 12, 22, 0.048100
77, 12, 23, 0.329735
77, 12, 24, 0.725692
77, 12, 25, 1.179485
77, 12, 26, 1.902387
77, 12, 27, 100.000000
77, 12, 28, 100.000000
77, 12, 29, 100.000000
77, 12, 30, 100.000000
77, 12, 31, 100.000000
77, 12, 32, 100.000000
77, 12, 33, 100.000000
77, 12, 34, 100.000000
77, 13, 0, 0.308164
77, 13, 1, -0.185423
77, 13, 2, -0.405394
77, 13, 3, -0.444371
77, 13, 4, -0.441128
77, 13, 5, -0.405112
77, 13, 6, -0.427858
77, 13, 7, -0.464305
77, 13, 8, -0.473831
77, 13, 9, -0.459900
77, 13, 10, -0.447322
77, 13, 11, -0.438098
77, 13, 12, -0.430342
77, 13, 13, -0.438354
77, 13, 14, -0.456302
77, 13, 15, -0.436528
77, 13, 16, -0.385587
77, 13, 17, -0.392773
77, 13, 18, -0.428052
77, 13, 19, -0.391550
77, 13, 20, -0.306533
77, 13, 21, -0.193392
77, 13, 22, -0.048059
77, 13, 23, 0.237966
77, 13, 24, 0.696612
77, 13, 25, 1.209183
77, 13, 26, 1.853526
77, 13, 27, 100.000000
77, 13, 28, 100.000000
77, 13, 29, 100.000000
77, 13, 30, 100.000000
77, 13, 31, 100.000000
77, 13, 32, 100.000000
77, 13, 33, 100.000000
77, 13, 34, 100.000000
77, 14, 0, 0.275931
77, 14, 1, -0.189241
77, 14, 2, -0.395589
77, 14, 3, -0.447080
77, 14, 4, -0.435413
77, 14, 5, -0.384888
77, 14, 6, -0.405051
77, 14, 7, -0.447679
77, 14, 8, -0.471970
77, 14, 9, -0.458088
77, 14, 10, -0.449433
77, 14, 11, -0.427992
77, 14, 12, -0.415816
77, 14, 13, -0.428211
77, 14, 14, -0.440604
77, 14, 15, -0.442218
77, 14, 16, -0.391568
77, 14, 17, -0.405290
77, 14, 18, -0.429598
77, 14, 19, -0.394690
77, 14, 20, -0.325399
77, 14, 21, -0.230964
77, 14, 22, -0.080238
77, 14, 23, 0.215990
77, 14, 24, 0.726566
77, 14, 25, 1.314904
77, 14, 26, 1.985734
77, 14, 27, 100.000000
77, 14, 28, 100.000000
77, 14, 29, 100.000000
77, 14, 30, 100.000000
77, 14, 31, 100.000000
77, 14, 32, 100.000000
77, 14, 33, 100.000000
77, 14, 34, 100.000000
77, 15, 0, 0.289113
77, 15, 1, -0.141793
77, 15, 2, -0.373005
77, 15, 3, -0.443412
77, 15, 4, -0.423931
77, 15, 5, -0.362035
77, 15, 6, -0.384537
77, 15, 7, -0.435025
77, 15, 8, -0.472038
77, 15, 9, -0.463885
77, 15, 10, -0.444031
77, 15, 11, -0.429574
77, 15, 12, -0.409847
77, 15, 13, -0.412174
77, 15, 14, -0.417624
77, 15, 15, -0.441879
77, 15, 16, -0.387226
77, 15, 17, -0.387931
77, 15, 18, -0.429281
77, 15, 19, -0.408433
77, 15, 20, -0.328954
77, 15, 21, -0.233928
77, 15, 22, -0.048307
77, 15, 23, 0.312576
77, 15, 24, 0.844885
77, 15, 25, 1.389403
77, 15, 26, 2.114811
77, 15, 27, 100.000000
77, 15, 28, 100.000000
77, 15, 29, 100.000000
77, 15, 30, 100.000000
77, 15, 31, 100.000000
77, 15, 32, 100.000000
77, 15, 33, 100.000000
77, 15, 34, 100.000000
77, 16, 0, 0.307540
77, 16, 1, -0.118594
77, 16, 2, -0.364296
77, 16, 3, -0.429908
77, 16, 4, -0.407954
77, 16, 5, -0.362571
77, 16, 6, -0.380181
77, 16, 7, -0.410722
77, 16, 8, -0.452380
77, 16, 9, -0.486414
77, 16, 10, -0.444976
77, 16, 11, -0.440590
77, 16, 12, -0.422849
77, 16, 13, -0.411413
77, 16, 14, -0.406543
77, 16, 15, -0.404584
77, 16, 16, -0.381746
77, 16, 17, -0.379871
77, 16, 18, -0.415985
77, 16, 19, -0.403464
77, 16, 20, -0.281594
77, 16, 21, -0.137611
77, 16, 22, 0.072437
77, 16, 23, 0.448092
77, 16, 24, 1.022746
77, 16, 25, 1.547877
77, 16, 26, 2.323890
77, 16, 27, 100.000000
77, 16, 28, 100.000000
77, 16, 29, 100.000000
77, 16, 30, 100.000000
77, 16, 31, 100.000000
77, 16, 32, 100.000000
77, 16, 33, 100.000000
77, 16, 34, 100.000000
77, 17, 0, 0.312346
77, 17, 1, -0.133327
77, 17, 2, -0.353876
77, 17, 3, -0.419782
77, 17, 4, -0.384504
77, 17, 5, -0.384500
77, 17, 6, -0.391254
77, 17, 7, -0.405147
77, 17, 8, -0.449527
77, 17, 9, -0.480064
77, 17, 10, -0.450131
77, 17, 11, -0.435304
77, 17, 12, -0.427774
77, 17, 13, -0.419406
77, 17, 14, -0.397010
77, 17, 15, -0.389173
77, 17, 16, -0.386796
77, 17, 17, -0.374819
77, 17, 18, -0.383945
77, 17, 19, -0.376882
77, 17, 20, -0.249024
77, 17, 21, -0.084512
77, 17, 22, 0.118527
77, 17, 23, 0.550727
77, 17, 24, 1.223985
77, 17, 25, 1.793330
77, 17, 26, 100.000000
77, 17, 27, 100.000000
77, 17, 28, 100.000000
77, 17, 29, 100.000000
77, 17, 30, 100.000000
77, 17, 31, 100.000000
77, 17, 32, 100.000000
77, 17, 33, 100.000000
77, 17, 34, 100.000000
77, 18, 0, 0.318533
77, 18, 1, -0.166778
77, 18, 2, -0.350313
77, 18, 3, -0.365085
77, 18, 4, -0.377887
77, 18, 5, -0.401269
77, 18, 6, -0.412615
77, 18, 7, -0.433974
77, 18, 8, -0.458329
77, 18, 9, -0.478768
77, 18, 10, -0.469613
77, 18, 11, -0.447472
77, 18, 12, -0.426506
77, 18, 13, -0.420266
77, 18, 14, -0.394080
77, 18, 15, -0.399255
77, 18, 16, -0.413618
77, 18, 17, -0.390570
77, 18, 18, -0.372029
77, 18, 19, -0.350329
77, 18, 20, -0.258526
77, 18, 21, -0.112337
77, 18, 22, 0.158134
77, 18, 23, 0.667460
77, 18, 24, 1.351051
77, 18, 25, 2.199049
77, 18, 26, 100.000000
77, 18, 27, 100.000000
77, 18, 28, 100.000000
77, 18, 29, 100.000000
77, 18, 30, 100.000000
77, 18, 31, 100.000000
77, 18, 32, 100.000000
77, 18, 33, 100.000000
77, 18, 34, 100.000000
77, 19, 0, 0.326952
77, 19, 1, -0.173707
77, 19, 2, -0.339913
77, 19, 3, -0.344071
77, 19, 4, -0.400122
77, 19, 5, -0.436126
77, 19, 6, -0.446288
77, 19, 7, -0.454515
77, 19, 8, -0.453931
77, 19, 9, -0.479096
77, 19, 10, -0.463567
77, 19, 11, -0.440843
77, 19, 12, -0.432615
77, 19, 13, -0.431172
77, 19, 14, -0.410276
77, 19, 15, -0.410093
77, 19, 16, -0.409818
77, 19, 17, -0.380242
77, 19, 18, -0.357067
77, 19, 19, -0.322219
77, 19, 20, -0.281190
77, 19, 21, -0.160939
77, 19, 22, 0.169638
77, 19, 23, 0.736088
77, 19, 24, 1.418217
77, 19, 25, 2.495765
77, 19, 26, 100.000000
77, 19, 27, 100.000000
77, 19, 28, 100.000000
77, 19, 29, 100.000000
77, 19, 30, 100.000000
77, 19, 31, 100.000000
77, 19, 32, 100.000000
77, 19, 33, 100.000000
77, 19, 34, 100.000000
77, 20, 0, 0.315351
77, 20, 1, -0.167098
77, 20, 2, -0.332479
77, 20, 3, -0.344997
77, 20, 4, -0.396693
77, 20, 5, -0.459147
77, 20, 6, -0.459757
77, 20, 7, -0.439357
77, 20, 8, -0.450129
77, 20, 9, -0.473071
77, 20, 10, -0.450591
77, 20, 11, -0.445794
77, 20, 12, -0.468754
77, 20, 13, -0.459873
77, 20, 14, -0.442097
77, 20, 15, -0.426111
77, 20, 16, -0.400575
77, 20, 17, -0.374217
77, 20, 18, -0.365244
77, 20, 19, -0.353261
77, 20, 20, -0.302487
77, 20, 21, -0.156193
77, 20, 22, 0.180110
77, 20, 23, 0.706345
77, 20, 24, 1.343340
77, 20, 25, 2.084386
77, 20, 26, 100.000000
77, 20, 27, 100.000000
77, 20, 28, 100.000000
77, 20, 29, 100.000000
77, 20, 30, 100.000000
77, 20, 31, 100.000000
77, 20, 32, 100.000000
77, 20, 33, 100.000000
77, 20, 34, 100.000000
77, 21, 0, 0.300729
77, 21, 1, -0.183803
77, 21, 2, -0.350019
77, 21, 3, -0.368390
77, 21, 4, -0.384328
77, 21, 5, -0.429625
77, 21, 6, -0.451264
77, 21, 7, -0.430932
77, 21, 8, -0.454184
77, 21, 9, -0.476712
77, 21, 10, -0.447670
77, 21, 11, -0.470974
77, 21, 12, -0.494119
77, 21, 13, -0.468178
77, 21, 14, -0.459977
77, 21, 15, -0.443651
77, 21, 16, -0.391814
77, 21, 17, -0.374544
77, 21, 18, -0.367152
77, 21, 19, -0.347405
77, 21, 20, -0.294942
77, 21, 21, -0.137575
77, 21, 22, 0.209410
77, 21, 23, 0.695128
77, 21, 24, 1.275441
77, 21, 25, 2.011626
77, 21, 26, 100.000000
77, 21, 27, 100.000000
77, 21, 28, 100.000000
77, 21, 29, 100.000000
77, 21, 30, 100.000000
77, 21, 31, 100.000000
77, 21, 32, 100.000000
77, 21, 33, 100.000000
77, 21, 34, 100.000000
77, 22, 0, 0.319692
77, 22, 1, -0.169294
77, 22, 2, -0.358159
77, 22, 3, -0.397010
77, 22, 4, -0.379844
77, 22, 5, -0.418342
77, 22, 6, -0.466482
77, 22, 7, -0.446056
77, 22, 8, -0.465364
77, 22, 9, -0.480060
77, 22, 10, -0.462429
77, 22, 11, -0.472568
77, 22, 12, -0.492689
77, 22, 13, -0.476564
77, 22, 14, -0.471403
77, 22, 15, -0.452174
77, 22, 16, -0.402037
77, 22, 17, -0.400434
77, 22, 18, -0.376736
77, 22, 19, -0.332064
77, 22, 20, -0.279708
77, 22, 21, -0.125172
77, 22, 22, 0.248410
77, 22, 23, 0.748036
77, 22, 24, 1.409086
77, 22, 25, 2.290583
77, 22, 26, 100.000000
77, 22, 27, 100.000000
77, 22, 28, 100.000000
77, 22, 29, 100.000000
77, 22, 30, 100.000000
77, 22, 31, 100.000000
77, 22, 32, 100.000000
77, 22, 33, 100.000000
77, 22, 34, 100.000000
77, 23, 0, 0.335966
77, 23, 1, -0.160150
77, 23, 2, -0.382438
77, 23, 3, -0.415820
77, 23, 4, -0.389750
77, 23, 5, -0.423388
77, 23, 6, -0.461013
77, 23, 7, -0.462389
77, 23, 8, -0.458801
77, 23, 9, -0.464847
77, 23, 10, -0.481819
77, 23, 11, -0.453986
77, 23, 12, -0.457811
77, 23, 13, -0.469185
77, 23, 14, -0.465867
77, 23, 15, -0.429621
77, 23, 16, -0.424331
77, 23, 17, -0.432297
77, 23, 18, -0.409622
77, 23, 19, -0.321845
77, 23, 20, -0.270645
77, 23, 21, -0.092456
77, 23, 22, 0.326486
77, 23, 23, 0.890530
77, 23, 24, 1.607916
77, 23, 25, 2.493758
77, 23, 26, 100.000000
77, 23, 27, 100.000000
77, 23, 28, 100.000000
77, 23, 29, 100.000000
77, 23, 30, 100.000000
77, 23, 31, 100.000000
77, 23, 32, 100.000000
77, 23, 33, 100.000000
77, 23, 34, 100.000000
77, 24, 0, 0.338302
77, 24, 1, -0.161889
77, 24, 2, -0.363271
77, 24, 3, -0.382300
77, 24, 4, -0.403512
77, 24, 5, -0.438737
77, 24, 6, -0.442462
77, 24, 7, -0.471527
77, 24, 8, -0.443572
77, 24, 9, -0.462389
77, 24, 10, -0.445265
77, 24, 11, -0.444803
77, 24, 12, -0.443576
77, 24, 13, -0.455919
77, 24, 14, -0.455539
77, 24, 15, -0.418646
77, 24, 16, -0.427246
77, 24, 17, -0.438171
77, 24, 18, -0.392248
77, 24, 19, -0.335738
77, 24, 20, -0.302913
77, 24, 21, -0.058754
77, 24, 22, 0.437653
77, 24, 23, 1.085813
77, 24, 24, 1.736877
77, 24, 25, 100.000000
77, 24, 26, 100.000000
77, 24, 27, 100.000000
77, 24, 28, 100.000000
77, 24, 29, 100.000000
77, 24, 30, 100.000000
77, 24, 31, 100.000000
77, 24, 32, 100.000000
77, 24, 33, 100.000000
77, 24, 34, 100.000000
77, 25, 0, 0.344854
77, 25, 1, -0.181777
77, 25, 2, -0.366743
77, 25, 3, -0.350237
77, 25, 4, -0.404424
77, 25, 5, -0.428997
77, 25, 6, -0.448185
77, 25, 7, -0.473586
77, 25, 8, -0.446479
77, 25, 9, -0.476683
77, 25, 10, -0.437740
77, 25, 11, -0.459545
77, 25, 12, -0.461181
77, 25, 13, -0.460873
77, 25, 14, -0.437054
77, 25, 15, -0.416427
77, 25, 16, -0.426791
77, 25, 17, -0.425647
77, 25, 18, -0.388228
77, 25, 19, -0.380663
77, 25, 20, -0.333271
77, 25, 21, -0.008184
77, 25, 22, 0.572442
77, 25, 23, 1.255411
77, 25, 24, 1.990328
77, 25, 25, 100.000000
77, 25, 26, 100.000000
77, 25, 27, 100.000000
77, 25, 28, 100.000000
77, 25, 29, 100.000000
77, 25, 30, 100.000000
77, 25, 31, 100.000000
77, 25, 32, 100.000000
77, 25, 33, 100.000000
77, 25, 34, 100.000000
77, 26, 0, 0.343602
77, 26, 1, -0.205047
77, 26, 2, -0.384703
77, 26, 3, -0.335532
77, 26, 4, -0.386728
77, 26, 5, -0.414037
77, 26, 6, -0.442906
77, 26, 7, -0.447471
77, 26, 8, -0.448192
77, 26, 9, -0.476071
77, 26, 10, -0.462002
77, 26, 11, -0.474481
77, 26, 12, -0.486364
77, 26, 13, -0.478724
77, 26, 14, -0.421670
77, 26, 15, -0.411717
77, 26, 16, -0.449890
77, 26, 17, -0.441013
77, 26, 18, -0.392023
77, 26, 19, -0.367328
77, 26, 20, -0.314234
77, 26, 21, 0.040978
77, 26, 22, 0.608783
77, 26, 23, 1.302949
77, 26, 24, 2.127880
77, 26, 25, 100.000000
77, 26, 26, 100.000000
77, 26, 27, 100.000000
77, 26, 28, 100.000000
77, 26, 29, 100.000000
77, 26, 30, 100.000000
77, 26, 31, 100.000000
77, 26, 32, 100.000000
77, 26, 33, 100.000000
77, 26, 34, 100.000000
77, 27, 0, 0.345566
77, 27, 1, -0.218186
77, 27, 2, -0.431021
77, 27, 3, -0.359439
77, 27, 4, -0.376416
77, 27, 5, -0.413092
77, 27, 6, -0.442412
77, 27, 7, -0.432571
77, 27, 8, -0.442779
77, 27, 9, -0.478956
77, 27, 10, -0.468177
77, 27, 11, -0.472565
77, 27, 12, -0.453165
77, 27, 13, -0.443219
77, 27, 14, -0.411332
77, 27, 15, -0.413628
77, 27, 16, -0.461657
77, 27, 17, -0.456281
77, 27, 18, -0.389305
77, 27, 19, -0.322670
77, 27, 20, -0.267746
77, 27, 21, 0.028646
77, 27, 22, 0.539717
77, 27, 23, 1.199978
77, 27, 24, 2.019342
77, 27, 25, 100.000000
77, 27, 26, 100.000000
77, 27, 27, 100.000000
77, 27, 28, 100.000000
77, 27, 29, 100.000000
77, 27, 30, 100.000000
77, 27, 31, 100.000000
77, 27, 32, 100.000000
77, 27, 33, 100.000000
77, 27, 34, 100.000000
77, 28, 0, 0.355149
77, 28, 1, -0.186500
77, 28, 2, -0.410377
77, 28, 3, -0.414532
77, 28, 4, -0.416502
77, 28, 5, -0.406649
77, 28, 6, -0.426628
77, 28, 7, -0.421309
77, 28, 8, -0.411193
77, 28, 9, -0.431842
77, 28, 10, -0.418743
77, 28, 11, -0.390527
77, 28, 12, -0.384741
77, 28, 13, -0.377515
77, 28, 14, -0.367307
77, 28, 15, -0.381727
77, 28, 16, -0.396212
77, 28, 17, -0.366781
77, 28, 18, -0.310190
77, 28, 19, -0.275672
77, 28, 20, -0.237421
77, 28, 21, 0.017184
77, 28, 22, 0.524196
77, 28, 23, 1.151242
77, 28, 24, 1.903823
77, 28, 25, 100.000000
77, 28, 26, 100.000000
77, 28, 27, 100.000000
77, 28, 28, 100.000000
77, 28, 29, 100.000000
77, 28, 30, 100.000000
77, 28, 31, 100.000000
77, 28, 32, 100.000000
77, 28, 33, 100.000000
77, 28, 34, 100.000000
77, 29, 0, 0.408004
77, 29, 1, -0.014697
77, 29, 2, -0.150020
77, 29, 3, -0.184580
77, 29, 4, -0.165351
77, 29, 5, -0.137666
77, 29, 6, -0.131040
77, 29, 7, -0.136438
77, 29, 8, -0.149169
77, 29, 9, -0.145542
77, 29, 10, -0.123341
77, 29, 11, -0.110507
77, 29, 12, -0.111204
77, 29, 13, -0.083726
77, 29, 14, -0.064789
77, 29, 15, -0.079250
77, 29, 16, -0.074386
77, 29, 17, -0.045397
77, 29, 18, -0.036367
77, 29, 19, -0.049792
77, 29, 20, -0.010706
77, 29, 21, 0.219654
77, 29, 22, 0.678559
77, 29, 23, 1.286296
77, 29, 24, 2.028743
77, 29, 25, 100.000000
77, 29, 26, 100.000000
77, 29, 27, 100.000000
77, 29, 28, 100.000000
77, 29, 29, 100.000000
77, 29, 30, 100.000000
77, 29, 31, 100.000000
77, 29, 32, 100.000000
77, 29, 33, 100.000000
77, 29, 34, 100.000000
78, 0, 0, 0.623506
78, 0, 1, 0.406653
78, 0, 2, 0.363995
78, 0, 3, 0.390369
78, 0, 4, 0.431415
78, 0, 5, 0.464404
78, 0, 6, 0.488026
78, 0, 7, 0.485524
78, 0, 8, 0.466333
78, 0, 9, 0.460479
78, 0, 10, 0.458035
78, 0, 11, 0.456236
78, 0, 12, 0.454530
78, 0, 13, 0.461977
78, 0, 14, 0.461930
78, 0, 15, 0.459518
78, 0, 16, 0.486586
78, 0, 17, 0.499441
78, 0, 18, 0.484531
78, 0, 19, 0.463814
78, 0, 20, 0.486317
78, 0, 21, 0.579604
78, 0, 22, 0.825541
78, 0, 23, 1.200547
78, 0, 24, 1.646254
78, 0, 25, 2.264077
78, 0, 26, 100.000000
78, 0, 27, 100.000000
78, 0, 28, 100.000000
78, 0, 29, 100.000000
78, 0, 30, 100.000000
78, 0, 31, 100.000000
78, 0, 32, 100.000000
78, 0, 33, 100.000000
78, 0, 34, 100.000000
78, 1, 0, 0.378556
78, 1, 1, 0.001575
78, 1, 2, -0.105007
78, 1, 3, -0.091658
78, 1, 4, -0.073189
78, 1, 5, -0.046190
78, 1, 6, -0.033047
78, 1, 7, -0.030512
78, 1, 8, -0.001977
78, 1, 9, 0.028696
78, 1, 10, 0.019680
78, 1, 11, 0.007228
78, 1, 12, -0.013682
78, 1, 13, -0.021721
78, 1, 14, -0.034255
78, 1, 15, -0.050862
78, 1, 16, -0.032804
78, 1, 17, -0.020881
78, 1, 18, -0.054867
78, 1, 19, -0.078014
78, 1, 20, -0.051472
78, 1, 21, 0.042596
78, 1, 22, 0.300532
78, 1, 23, 0.744071
78, 1, 24, 1.247756
78, 1, 25, 1.923945
78, 1, 26, 100.000000
78, 1, 27, 100.000000
78, 1, 28, 100.000000
78, 1, 29, 100.000000
78, 1, 30, 100.000000
78, 1, 31, 100.000000
78, 1, 32, 100.000000
78, 1, 33, 100.000000
78, 1, 34, 100.000000
78, 2, 0, 0.370389
78, 2, 1, -0.093012
78, 2, 2, -0.312200
78, 2, 3, -0.341968
78, 2, 4, -0.349773
78, 2, 5, -0.354512
78, 2, 6, -0.386474
78, 2, 7, -0.344098
78, 2, 8, -0.275420
78, 2, 9, -0.237074
78, 2, 10, -0.236850
78, 2, 11, -0.246121
78, 2, 12, -0.278552
78, 2, 13, -0.296481
78, 2, 14, -0.331284
78, 2, 15, -0.356554
78, 2, 16, -0.331612
78, 2, 17, -0.315477
78, 2, 18, -0.351384
78, 2, 19, -0.371566
78, 2, 20, -0.345324
78, 2, 21, -0.245975
78, 2, 22, 0.053919
78, 2, 23, 0.518210
78, 2, 24, 1.116544
78, 2, 25, 1.830909
78, 2, 26, 100.000000
78, 2, 27, 100.000000
78, 2, 28, 100.000000
78, 2, 29, 100.000000
78, 2, 30, 100.000000
78, 2, 31, 100.000000
78, 2, 32, 100.000000
78, 2, 33, 100.000000
78, 2, 34, 100.000000
78, 3, 0, 0.357127
78, 3, 1, -0.129490
78, 3, 2, -0.385150
78, 3, 3, -0.401501
78, 3, 4, -0.379290
78, 3, 5, -0.374441
78, 3, 6, -0.407485
78, 3, 7, -0.400618
78, 3, 8, -0.383860
78, 3, 9, -0.370972
78, 3, 10, -0.374056
78, 3, 11, -0.379140
78, 3, 12, -0.402896
78, 3, 13, -0.416921
78, 3, 14, -0.404480
78, 3, 15, -0.427448
78, 3, 16, -0.448951
78, 3, 17, -0.428659
78, 3, 18, -0.406565
78, 3, 19, -0.400559
78, 3, 20, -0.399161
78, 3, 21, -0.307381
78, 3, 22, -0.023107
78, 3, 23, 0.420417
78, 3, 24, 0.997837
78, 3, 25, 1.689335
78, 3, 26, 100.000000
78, 3, 27, 100.000000
78, 3, 28, 100.000000
78, 3, 29, 100.000000
78, 3, 30, 100.000000
78, 3, 31, 100.000000
78, 3, 32, 100.000000
78, 3, 33, 100.000000
78, 3, 34, 100.000000
78, 4, 0, 0.330021
78, 4, 1, -0.171011
78, 4, 2, -0.421744
78, 4, 3, -0.432522
78, 4, 4, -0.394588
78, 4, 5, -0.381829
78, 4, 6, -0.414307
78, 4, 7, -0.434785
78, 4, 8, -0.431891
78, 4, 9, -0.414996
78, 4, 10, -0.412672
78, 4, 11, -0.414029
78, 4, 12, -0.434489
78, 4, 13, -0.462001
78, 4, 14, -0.446906
78, 4, 15, -0.439794
78, 4, 16, -0.452117
78, 4, 17, -0.465878
78, 4, 18, -0.442602
78, 4, 19, -0.400171
78, 4, 20, -0.395561
78, 4, 21, -0.319044
78, 4, 22, -0.058274
78, 4, 23, 0.345021
78, 4, 24, 0.849262
78, 4, 25, 1.426456
78, 4, 26, 2.140039
78, 4, 27, 100.000000
78, 4, 28, 100.000000
78, 4, 29, 100.000000
78, 4, 30, 100.000000
78, 4, 31, 100.000000
78, 4, 32, 100.000000
78, 4, 33, 100.000000
78, 4, 34, 100.000000
78, 5, 0, 0.338567
78, 5, 1, -0.154010
78, 5, 2, -0.385568
78, 5, 3, -0.445201
78, 5, 4, -0.437727
78, 5, 5, -0.418977
78, 5, 6, -0.448532
78, 5, 7, -0.429848
78, 5, 8, -0.432863
78, 5, 9, -0.429467
78, 5, 10, -0.418532
78, 5, 11, -0.417698
78, 5, 12, -0.439076
78, 5, 13, -0.459747
78, 5, 14, -0.453802
78, 5, 15, -0.437291
78, 5, 16, -0.421868
78, 5, 17, -0.420689
78, 5, 18, -0.400387
78, 5, 19, -0.366599
78, 5, 20, -0.371744
78, 5, 21, -0.357676
78, 5, 22, -0.135076
78, 5, 23, 0.233097
78, 5, 24, 0.685997
78, 5, 25, 1.253576
78, 5, 26, 1.964297
78, 5, 27, 100.000000
78, 5, 28, 100.000000
78, 5, 29, 100.000000
78, 5, 30, 100.000000
78, 5, 31, 100.000000
78, 5, 32, 100.000000
78, 5, 33, 100.000000
78, 5, 34, 100.000000
78, 6, 0, 0.340994
78, 6, 1, -0.139365
78, 6, 2, -0.360659
78, 6, 3, -0.443162
78, 6, 4, -0.450089
78, 6, 5, -0.446732
78, 6, 6, -0.443578
78, 6, 7, -0.425427
78, 6, 8, -0.438643
78, 6, 9, -0.432479
78, 6, 10, -0.394480
78, 6, 11, -0.383220
78, 6, 12, -0.395962
78, 6, 13, -0.414210
78, 6, 14, -0.414354
78, 6, 15, -0.396354
78, 6, 16, -0.373550
78, 6, 17, -0.369477
78, 6, 18, -0.352822
78, 6, 19, -0.351847
78, 6, 20, -0.365307
78, 6, 21, -0.333939
78, 6, 22, -0.171622
78, 6, 23, 0.138527
78, 6, 24, 0.608553
78, 6, 25, 1.186902
78, 6, 26, 1.978932
78, 6, 27, 100.000000
78, 6, 28, 100.000000
78, 6, 29, 100.000000
78, 6, 30, 100.000000
78, 6, 31, 100.000000
78, 6, 32, 100.000000
78, 6, 33, 100.000000
78, 6, 34, 100.000000
78, 7, 0, 0.344225
78, 7, 1, -0.118335
78, 7, 2, -0.345272
78, 7, 3, -0.445094
78, 7, 4, -0.466690
78, 7, 5, -0.435710
78, 7, 6, -0.435612
78, 7, 7, -0.426713
78, 7, 8, -0.427783
78, 7, 9, -0.431570
78, 7, 10, -0.429671
78, 7, 11, -0.449950
78, 7, 12, -0.435401
78, 7, 13, -0.444632
78, 7, 14, -0.434375
78, 7, 15, -0.414122
78, 7, 16, -0.402763
78, 7, 17, -0.395417
78, 7, 18, -0.409518
78, 7, 19, -0.368307
78, 7, 20, -0.315133
78, 7, 21, -0.277343
78, 7, 22, -0.199411
78, 7, 23, 0.094913
78, 7, 24, 0.589391
78, 7, 25, 1.205657
78, 7, 26, 1.992335
78, 7, 27, 100.000000
78, 7, 28, 100.000000
78, 7, 29, 100.000000
78, 7, 30, 100.000000
78, 7, 31, 100.000000
78, 7, 32, 100.000000
78, 7, 33, 100.000000
78, 7, 34, 100.000000
78, 8, 0, 0.346800
78, 8, 1, -0.117800
78, 8, 2, -0.347506
78, 8, 3, -0.424690
78, 8, 4, -0.430597
78, 8, 5, -0.410612
78, 8, 6, -0.412456
78, 8, 7, -0.431826
78, 8, 8, -0.425809
78, 8, 9, -0.421888
78, 8, 10, -0.391056
78, 8, 11, -0.390169
78, 8, 12, -0.380952
78, 8, 13, -0.397597
78, 8, 14, -0.413722
78, 8, 15, -0.422213
78, 8, 16, -0.417051
78, 8, 17, -0.418786
78, 8, 18, -0.375613
78, 8, 19, -0.318350
78, 8, 20, -0.295670
78, 8, 21, -0.280855
78, 8, 22, -0.215306
78, 8, 23, 0.098266
78, 8, 24, 0.611165
78, 8, 25, 1.228139
78, 8, 26, 2.100560
78, 8, 27, 100.000000
78, 8, 28, 100.000000
78, 8, 29, 100.000000
78, 8, 30, 100.000000
78, 8, 31, 100.000000
78, 8, 32, 100.000000
78, 8, 33, 100.000000
78, 8, 34, 100.000000
78, 9, 0, 0.336275
78, 9, 1, -0.152899
78, 9, 2, -0.375099
78, 9, 3, -0.399817
78, 9, 4, -0.404941
78, 9, 5, -0.412995
78, 9, 6, -0.413371
78, 9, 7, -0.398938
78, 9, 8, -0.381726
78, 9, 9, -0.407841
78, 9, 10, -0.406265
78, 9, 11, -0.390014
78, 9, 12, -0.379604
78, 9, 13, -0.392244
78, 9, 14, -0.406115
78, 9, 15, -0.399458
78, 9, 16, -0.367551
78, 9, 17, -0.357765
78, 9, 18, -0.312787
78, 9, 19, -0.314401
78, 9, 20, -0.339610
78, 9, 21, -0.290075
78, 9, 22, -0.154089
78, 9, 23, 0.173797
78, 9, 24, 0.679866
78, 9, 25, 1.262612
78, 9, 26, 2.154465
78, 9, 27, 100.000000
78, 9, 28, 100.000000
78, 9, 29, 100.000000
78, 9, 30, 100.000000
78, 9, 31, 100.000000
78, 9, 32, 100.000000
78, 9, 33, 100.000000
78, 9, 34, 100.000000
78, 10, 0, 0.316796
78, 10, 1, -0.187348
78, 10, 2, -0.408641
78, 10, 3, -0.397442
78, 10, 4, -0.388318
78, 10, 5, -0.398882
78, 10, 6, -0.402224
78, 10, 7, -0.383251
78, 10, 8, -0.365327
78, 10, 9, -0.384368
78, 10, 10, -0.399649
78, 10, 11, -0.399869
78, 10, 12, -0.393712
78, 10, 13, -0.406596
78, 10, 14, -0.412523
78, 10, 15, -0.381011
78, 10, 16, -0.374776
78, 10, 17, -0.369300
78, 10, 18, -0.340849
78, 10, 19, -0.342730
78, 10, 20, -0.353461
78, 10, 21, -0.273180
78, 10, 22, -0.090738
78, 10, 23, 0.239325
78, 10, 24, 0.724642
78, 10, 25, 1.304143
78, 10, 26, 2.226787
78, 10, 27, 100.000000
78, 10, 28, 100.000000
78, 10, 29, 100.000000
78, 10, 30, 100.000000
78, 10, 31, 100.000000
78, 10, 32, 100.000000
78, 10, 33, 100.000000
78, 10, 34, 100.000000
78, 11, 0, 0.336445
78, 11, 1, -0.166860
78, 11, 2, -0.398817
78, 11, 3, -0.389787
78, 11, 4, -0.367154
78, 11, 5, -0.351811
78, 11, 6, -0.356095
78, 11, 7, -0.337269
78, 11, 8, -0.337228
78, 11, 9, -0.353903
78, 11, 10, -0.373959
78, 11, 11, -0.362272
78, 11, 12, -0.369679
78, 11, 13, -0.391495
78, 11, 14, -0.393771
78, 11, 15, -0.340432
78, 11, 16, -0.362594
78, 11, 17, -0.385578
78, 11, 18, -0.371160
78, 11, 19, -0.352543
78, 11, 20, -0.343498
78, 11, 21, -0.250096
78, 11, 22, -0.078443
78, 11, 23, 0.267580
78, 11, 24, 0.750128
78, 11, 25, 1.384313
78, 11, 26, 2.153859
78, 11, 27, 100.000000
78, 11, 28, 100.000000
78, 11, 29, 100.000000
78, 11, 30, 100.000000
78, 11, 31, 100.000000
78, 11, 32, 100.000000
78, 11, 33, 100.000000
78, 11, 34, 100.000000
78, 12, 0, 0.337368
78, 12, 1, -0.124327
78, 12, 2, -0.347321
78, 12, 3, -0.358888
78, 12, 4, -0.353774
78, 12, 5, -0.326162
78, 12, 6, -0.350604
78, 12, 7, -0.354105
78, 12, 8, -0.343986
78, 12, 9, -0.350439
78, 12, 10, -0.353467
78, 12, 11, -0.323954
78, 12, 12, -0.323890
78, 12, 13, -0.362115
78, 12, 14, -0.370448
78, 12, 15, -0.315357
78, 12, 16, -0.319967
78, 12, 17, -0.384731
78, 12, 18, -0.399821
78, 12, 19, -0.367809
78, 12, 20, -0.322237
78, 12, 21, -0.244575
78, 12, 22, -0.126790
78, 12, 23, 0.204091
78, 12, 24, 0.710449
78, 12, 25, 1.352718
78, 12, 26, 2.063187
78, 12, 27, 100.000000
78, 12, 28, 100.000000
78, 12, 29, 100.000000
78, 12, 30, 100.000000
78, 12, 31, 100.000000
78, 12, 32, 100.000000
78, 12, 33, 100.000000
78, 12, 34, 100.000000
78, 13, 0, 0.313036
78, 13, 1, -0.131199
78, 13, 2, -0.317791
78, 13, 3, -0.336650
78, 13, 4, -0.343760
78, 13, 5, -0.349472
78, 13, 6, -0.394083
78, 13, 7, -0.380110
78, 13, 8, -0.365211
78, 13, 9, -0.357004
78, 13, 10, -0.350339
78, 13, 11, -0.308629
78, 13, 12, -0.290271
78, 13, 13, -0.333605
78, 13, 14, -0.362791
78, 13, 15, -0.325503
78, 13, 16, -0.304465
78, 13, 17, -0.366749
78, 13, 18, -0.387114
78, 13, 19, -0.346766
78, 13, 20, -0.284771
78, 13, 21, -0.260979
78, 13, 22, -0.206137
78, 13, 23, 0.120959
78, 13, 24, 0.733434
78, 13, 25, 1.367437
78, 13, 26, 1.972424
78, 13, 27, 100.000000
78, 13, 28, 100.000000
78, 13, 29, 100.000000
78, 13, 30, 100.000000
78, 13, 31, 100.000000
78, 13, 32, 100.000000
78, 13, 33, 100.000000
78, 13, 34, 100.000000
78, 14, 0, 0.284861
78, 14, 1, -0.145846
78, 14, 2, -0.317727
78, 14, 3, -0.349411
78, 14, 4, -0.362732
78, 14, 5, -0.383244
78, 14, 6, -0.432514
78, 14, 7, -0.377967
78, 14, 8, -0.352813
78, 14, 9, -0.348760
78, 14, 10, -0.344933
78, 14, 11, -0.317960
78, 14, 12, -0.307744
78, 14, 13, -0.345051
78, 14, 14, -0.371687
78, 14, 15, -0.361513
78, 14, 16, -0.319751
78, 14, 17, -0.359374
78, 14, 18, -0.370328
78, 14, 19, -0.336551
78, 14, 20, -0.277141
78, 14, 21, -0.263306
78, 14, 22, -0.201264
78, 14, 23, 0.137360
78, 14, 24, 0.801033
78, 14, 25, 1.454239
78, 14, 26, 2.292903
78, 14, 27, 100.000000
78, 14, 28, 100.000000
78, 14, 29, 100.000000
78, 14, 30, 100.000000
78, 14, 31, 100.000000
78, 14, 32, 100.000000
78, 14, 33, 100.000000
78, 14, 34, 100.000000
78, 15, 0, 0.297495
78, 15, 1, -0.112384
78, 15, 2, -0.318187
78, 15, 3, -0.399385
78, 15, 4, -0.413900
78, 15, 5, -0.402740
78, 15, 6, -0.440433
78, 15, 7, -0.383179
78, 15, 8, -0.359633
78, 15, 9, -0.357551
78, 15, 10, -0.347456
78, 15, 11, -0.343732
78, 15, 12, -0.354300
78, 15, 13, -0.385067
78, 15, 14, -0.387659
78, 15, 15, -0.380654
78, 15, 16, -0.334918
78, 15, 17, -0.348347
78, 15, 18, -0.373521
78, 15, 19, -0.358060
78, 15, 20, -0.286189
78, 15, 21, -0.245112
78, 15, 22, -0.133599
78, 15, 23, 0.263267
78, 15, 24, 0.901481
78, 15, 25, 1.527857
78, 15, 26, 2.290021
78, 15, 27, 100.000000
78, 15, 28, 100.000000
78, 15, 29, 100.000000
78, 15, 30, 100.000000
78, 15, 31, 100.000000
78, 15, 32, 100.000000
78, 15, 33, 100.000000
78, 15, 34, 100.000000
78, 16, 0, 0.309460
78, 16, 1, -0.091448
78, 16, 2, -0.305661
78, 16, 3, -0.437737
78, 16, 4, -0.437067
78, 16, 5, -0.404933
78, 16, 6, -0.446243
78, 16, 7, -0.413747
78, 16, 8, -0.405653
78, 16, 9, -0.392364
78, 16, 10, -0.354637
78, 16, 11, -0.361370
78, 16, 12, -0.385732
78, 16, 13, -0.406085
78, 16, 14, -0.391130
78, 16, 15, -0.356230
78, 16, 16, -0.332189
78, 16, 17, -0.337766
78, 16, 18, -0.381240
78, 16, 19, -0.390067
78, 16, 20, -0.271695
78, 16, 21, -0.181316
78, 16, 22, -0.039814
78, 16, 23, 0.376744
78, 16, 24, 1.008060
78, 16, 25, 1.434867
78, 16, 26, 2.486954
78, 16, 27, 100.000000
78, 16, 28, 100.000000
78, 16, 29, 100.000000
78, 16, 30, 100.000000
78, 16, 31, 100.000000
78, 16, 32, 100.000000
78, 16, 33, 100.000000
78, 16, 34, 100.000000
78, 17, 0, 0.300915
78, 17, 1, -0.135594
78, 17, 2, -0.304380
78, 17, 3, -0.387214
78, 17, 4, -0.398741
78, 17, 5, -0.424376
78, 17, 6, -0.444654
78, 17, 7, -0.426731
78, 17, 8, -0.422040
78, 17, 9, -0.400345
78, 17, 10, -0.354485
78, 17, 11, -0.344003
78, 17, 12, -0.370371
78, 17, 13, -0.389393
78, 17, 14, -0.382401
78, 17, 15, -0.358966
78, 17, 16, -0.341443
78, 17, 17, -0.343428
78, 17, 18, -0.381762
78, 17, 19, -0.372588
78, 17, 20, -0.259745
78, 17, 21, -0.139331
78, 17, 22, 0.034153
78, 17, 23, 0.452593
78, 17, 24, 1.127218
78, 17, 25, 1.616411
78, 17, 26, 100.000000
78, 17, 27, 100.000000
78, 17, 28, 100.000000
78, 17, 29, 100.000000
78, 17, 30, 100.000000
78, 17, 31, 100.000000
78, 17, 32, 100.000000
78, 17, 33, 100.000000
78, 17, 34, 100.000000
78, 18, 0, 0.298369
78, 18, 1, -0.180798
78, 18, 2, -0.325823
78, 18, 3, -0.334531
78, 18, 4, -0.395949
78, 18, 5, -0.454503
78, 18, 6, -0.418812
78, 18, 7, -0.409853
78, 18, 8, -0.409844
78, 18, 9, -0.386239
78, 18, 10, -0.351367
78, 18, 11, -0.334303
78, 18, 12, -0.358916
78, 18, 13, -0.372333
78, 18, 14, -0.360965
78, 18, 15, -0.351406
78, 18, 16, -0.339626
78, 18, 17, -0.339010
78, 18, 18, -0.368646
78, 18, 19, -0.366194
78, 18, 20, -0.281514
78, 18, 21, -0.161570
78, 18, 22, 0.104632
78, 18, 23, 0.584264
78, 18, 24, 1.250241
78, 18, 25, 1.877407
78, 18, 26, 100.000000
78, 18, 27, 100.000000
78, 18, 28, 100.000000
78, 18, 29, 100.000000
78, 18, 30, 100.000000
78, 18, 31, 100.000000
78, 18, 32, 100.000000
78, 18, 33, 100.000000
78, 18, 34, 100.000000
78, 19, 0, 0.311385
78, 19, 1, -0.196257
78, 19, 2, -0.335912
78, 19, 3, -0.333286
78, 19, 4, -0.402631
78, 19, 5, -0.419567
78, 19, 6, -0.391039
78, 19, 7, -0.387265
78, 19, 8, -0.387267
78, 19, 9, -0.367475
78, 19, 10, -0.331137
78, 19, 11, -0.336298
78, 19, 12, -0.359821
78, 19, 13, -0.355183
78, 19, 14, -0.329030
78, 19, 15, -0.316833
78, 19, 16, -0.303675
78, 19, 17, -0.309054
78, 19, 18, -0.350254
78, 19, 19, -0.365847
78, 19, 20, -0.332348
78, 19, 21, -0.197990
78, 19, 22, 0.162283
78, 19, 23, 0.710140
78, 19, 24, 1.400914
78, 19, 25, 2.268846
78, 19, 26, 100.000000
78, 19, 27, 100.000000
78, 19, 28, 100.000000
78, 19, 29, 100.000000
78, 19, 30, 100.000000
78, 19, 31, 100.000000
78, 19, 32, 100.000000
78, 19, 33, 100.000000
78, 19, 34, 100.000000
78, 20, 0, 0.286730
78, 20, 1, -0.206170
78, 20, 2, -0.333814
78, 20, 3, -0.317923
78, 20, 4, -0.366345
78, 20, 5, -0.404149
78, 20, 6, -0.390507
78, 20, 7, -0.395599
78, 20, 8, -0.372685
78, 20, 9, -0.337487
78, 20, 10, -0.322304
78, 20, 11, -0.355833
78, 20, 12, -0.372466
78, 20, 13, -0.349098
78, 20, 14, -0.317777
78, 20, 15, -0.304887
78, 20, 16, -0.298701
78, 20, 17, -0.298540
78, 20, 18, -0.347806
78, 20, 19, -0.413334
78, 20, 20, -0.391497
78, 20, 21, -0.229091
78, 20, 22, 0.164895
78, 20, 23, 0.719941
78, 20, 24, 1.378445
78, 20, 25, 2.250992
78, 20, 26, 100.000000
78, 20, 27, 100.000000
78, 20, 28, 100.000000
78, 20, 29, 100.000000
78, 20, 30, 100.000000
78, 20, 31, 100.000000
78, 20, 32, 100.000000
78, 20, 33, 100.000000
78, 20, 34, 100.000000
78, 21, 0, 0.266928
78, 21, 1, -0.218856
78, 21, 2, -0.345633
78, 21, 3, -0.335741
78, 21, 4, -0.357612
78, 21, 5, -0.383265
78, 21, 6, -0.397545
78, 21, 7, -0.411356
78, 21, 8, -0.373630
78, 21, 9, -0.333222
78, 21, 10, -0.322888
78, 21, 11, -0.364556
78, 21, 12, -0.390039
78, 21, 13, -0.360195
78, 21, 14, -0.331547
78, 21, 15, -0.319113
78, 21, 16, -0.312529
78, 21, 17, -0.313483
78, 21, 18, -0.335557
78, 21, 19, -0.393371
78, 21, 20, -0.413235
78, 21, 21, -0.223419
78, 21, 22, 0.176738
78, 21, 23, 0.698240
78, 21, 24, 1.292130
78, 21, 25, 2.104502
78, 21, 26, 100.000000
78, 21, 27, 100.000000
78, 21, 28, 100.000000
78, 21, 29, 100.000000
78, 21, 30, 100.000000
78, 21, 31, 100.000000
78, 21, 32, 100.000000
78, 21, 33, 100.000000
78, 21, 34, 100.000000
78, 22, 0, 0.298567
78, 22, 1, -0.190102
78, 22, 2, -0.339749
78, 22, 3, -0.354084
78, 22, 4, -0.342871
78, 22, 5, -0.352780
78, 22, 6, -0.373926
78, 22, 7, -0.375390
78, 22, 8, -0.375552
78, 22, 9, -0.369241
78, 22, 10, -0.357043
78, 22, 11, -0.376451
78, 22, 12, -0.391169
78, 22, 13, -0.378064
78, 22, 14, -0.348432
78, 22, 15, -0.337237
78, 22, 16, -0.340070
78, 22, 17, -0.351366
78, 22, 18, -0.330225
78, 22, 19, -0.338724
78, 22, 20, -0.344561
78, 22, 21, -0.191614
78, 22, 22, 0.205947
78, 22, 23, 0.703585
78, 22, 24, 1.329743
78, 22, 25, 2.175030
78, 22, 26, 100.000000
78, 22, 27, 100.000000
78, 22, 28, 100.000000
78, 22, 29, 100.000000
78, 22, 30, 100.000000
78, 22, 31, 100.000000
78, 22, 32, 100.000000
78, 22, 33, 100.000000
78, 22, 34, 100.000000
78, 23, 0, 0.341260
78, 23, 1, -0.164990
78, 23, 2, -0.334956
78, 23, 3, -0.337224
78, 23, 4, -0.326609
78, 23, 5, -0.337301
78, 23, 6, -0.341111
78, 23, 7, -0.347890
78, 23, 8, -0.376191
78, 23, 9, -0.390135
78, 23, 10, -0.374703
78, 23, 11, -0.353793
78, 23, 12, -0.369033
78, 23, 13, -0.377256
78, 23, 14, -0.345649
78, 23, 15, -0.320108
78, 23, 16, -0.344915
78, 23, 17, -0.352918
78, 23, 18, -0.335752
78, 23, 19, -0.307941
78, 23, 20, -0.296223
78, 23, 21, -0.164114
78, 23, 22, 0.262651
78, 23, 23, 0.807050
78, 23, 24, 1.445944
78, 23, 25, 2.379391
78, 23, 26, 100.000000
78, 23, 27, 100.000000
78, 23, 28, 100.000000
78, 23, 29, 100.000000
78, 23, 30, 100.000000
78, 23, 31, 100.000000
78, 23, 32, 100.000000
78, 23, 33, 100.000000
78, 23, 34, 100.000000
78, 24, 0, 0.357149
78, 24, 1, -0.173274
78, 24, 2, -0.341904
78, 24, 3, -0.304444
78, 24, 4, -0.323374
78, 24, 5, -0.359349
78, 24, 6, -0.352527
78, 24, 7, -0.342967
78, 24, 8, -0.366223
78, 24, 9, -0.397082
78, 24, 10, -0.364973
78, 24, 11, -0.322244
78, 24, 12, -0.325339
78, 24, 13, -0.333844
78, 24, 14, -0.330236
78, 24, 15, -0.315169
78, 24, 16, -0.333955
78, 24, 17, -0.333997
78, 24, 18, -0.337995
78, 24, 19, -0.312491
78, 24, 20, -0.290005
78, 24, 21, -0.094971
78, 24, 22, 0.394836
78, 24, 23, 1.013595
78, 24, 24, 1.556377
78, 24, 25, 2.349419
78, 24, 26, 100.000000
78, 24, 27, 100.000000
78, 24, 28, 100.000000
78, 24, 29, 100.000000
78, 24, 30, 100.000000
78, 24, 31, 100.000000
78, 24, 32, 100.000000
78, 24, 33, 100.000000
78, 24, 34, 100.000000
78, 25, 0, 0.365631
78, 25, 1, -0.200543
78, 25, 2, -0.365057
78, 25, 3, -0.305759
78, 25, 4, -0.329630
78, 25, 5, -0.374611
78, 25, 6, -0.365661
78, 25, 7, -0.338926
78, 25, 8, -0.354460
78, 25, 9, -0.380442
78, 25, 10, -0.350037
78, 25, 11, -0.324563
78, 25, 12, -0.314446
78, 25, 13, -0.307671
78, 25, 14, -0.305431
78, 25, 15, -0.318581
78, 25, 16, -0.335047
78, 25, 17, -0.331846
78, 25, 18, -0.338458
78, 25, 19, -0.331420
78, 25, 20, -0.272312
78, 25, 21, -0.004901
78, 25, 22, 0.522794
78, 25, 23, 1.185971
78, 25, 24, 1.779994
78, 25, 25, 100.000000
78, 25, 26, 100.000000
78, 25, 27, 100.000000
78, 25, 28, 100.000000
78, 25, 29, 100.000000
78, 25, 30, 100.000000
78, 25, 31, 100.000000
78, 25, 32, 100.000000
78, 25, 33, 100.000000
78, 25, 34, 100.000000
78, 26, 0, 0.355110
78, 26, 1, -0.220659
78, 26, 2, -0.372523
78, 26, 3, -0.299892
78, 26, 4, -0.315070
78, 26, 5, -0.382543
78, 26, 6, -0.396531
78, 26, 7, -0.370517
78, 26, 8, -0.376975
78, 26, 9, -0.378378
78, 26, 10, -0.353847
78, 26, 11, -0.338252
78, 26, 12, -0.330591
78, 26, 13, -0.304280
78, 26, 14, -0.276726
78, 26, 15, -0.312737
78, 26, 16, -0.355482
78, 26, 17, -0.343324
78, 26, 18, -0.325982
78, 26, 19, -0.318570
78, 26, 20, -0.257649
78, 26, 21, 0.041072
78, 26, 22, 0.560623
78, 26, 23, 1.219675
78, 26, 24, 1.902963
78, 26, 25, 100.000000
78, 26, 26, 100.000000
78, 26, 27, 100.000000
78, 26, 28, 100.000000
78, 26, 29, 100.000000
78, 26, 30, 100.000000
78, 26, 31, 100.000000
78, 26, 32, 100.000000
78, 26, 33, 100.000000
78, 26, 34, 100.000000
78, 27, 0, 0.355088
78, 27, 1, -0.199745
78, 27, 2, -0.394513
78, 27, 3, -0.332551
78, 27, 4, -0.328716
78, 27, 5, -0.407471
78, 27, 6, -0.431769
78, 27, 7, -0.414077
78, 27, 8, -0.416789
78, 27, 9, -0.393939
78, 27, 10, -0.347750
78, 27, 11, -0.319897
78, 27, 12, -0.316734
78, 27, 13, -0.309040
78, 27, 14, -0.288299
78, 27, 15, -0.326915
78, 27, 16, -0.373048
78, 27, 17, -0.383435
78, 27, 18, -0.338949
78, 27, 19, -0.308846
78, 27, 20, -0.260289
78, 27, 21, 0.012369
78, 27, 22, 0.517492
78, 27, 23, 1.144971
78, 27, 24, 1.901459
78, 27, 25, 100.000000
78, 27, 26, 100.000000
78, 27, 27, 100.000000
78, 27, 28, 100.000000
78, 27, 29, 100.000000
78, 27, 30, 100.000000
78, 27, 31, 100.000000
78, 27, 32, 100.000000
78, 27, 33, 100.000000
78, 27, 34, 100.000000
78, 28, 0, 0.371928
78, 28, 1, -0.149666
78, 28, 2, -0.382705
78, 28, 3, -0.385697
78, 28, 4, -0.361210
78, 28, 5, -0.381411
78, 28, 6, -0.388503
78, 28, 7, -0.374114
78, 28, 8, -0.376220
78, 28, 9, -0.362026
78, 28, 10, -0.310068
78, 28, 11, -0.283541
78, 28, 12, -0.303199
78, 28, 13, -0.312113
78, 28, 14, -0.313262
78, 28, 15, -0.349650
78, 28, 16, -0.383418
78, 28, 17, -0.362289
78, 28, 18, -0.291781
78, 28, 19, -0.272259
78, 28, 20, -0.247619
78, 28, 21, -0.010317
78, 28, 22, 0.493340
78, 28, 23, 1.143237
78, 28, 24, 1.907276
78, 28, 25, 100.000000
78, 28, 26, 100.000000
78, 28, 27, 100.000000
78, 28, 28, 100.000000
78, 28, 29, 100.000000
78, 28, 30, 100.000000
78, 28, 31, 100.000000
78, 28, 32, 100.000000
78, 28, 33, 100.000000
78, 28, 34, 100.000000
78, 29, 0, 0.451079
78, 29, 1, 0.021395
78, 29, 2, -0.146445
78, 29, 3, -0.145270
78, 29, 4, -0.100047
78, 29, 5, -0.080067
78, 29, 6, -0.091703
78, 29, 7, -0.102854
78, 29, 8, -0.109960
78, 29, 9, -0.097188
78, 29, 10, -0.077101
78, 29, 11, -0.084501
78, 29, 12, -0.104198
78, 29, 13, -0.083750
78, 29, 14, -0.062719
78, 29, 15, -0.077448
78, 29, 16, -0.083775
78, 29, 17, -0.070753
78, 29, 18, -0.049283
78, 29, 19, -0.041971
78, 29, 20, 0.002107
78, 29, 21, 0.185767
78, 29, 22, 0.617684
78, 29, 23, 1.265040
78, 29, 24, 2.018565
78, 29, 25, 100.000000
78, 29, 26, 100.000000
78, 29, 27, 100.000000
78, 29, 28, 100.000000
78, 29, 29, 100.000000
78, 29, 30, 100.000000
78, 29, 31, 100.000000
78, 29, 32, 100.000000
78, 29, 33, 100.000000
78, 29, 34, 100.000000
79, 0, 0, 0.743267
79, 0, 1, 0.545927
79, 0, 2, 0.477221
79, 0, 3, 0.454131
79, 0, 4, 0.475358
79, 0, 5, 0.509743
79, 0, 6, 0.541954
79, 0, 7, 0.546915
79, 0, 8, 0.510975
79, 0, 9, 0.499626
79, 0, 10, 0.509889
79, 0, 11, 0.496703
79, 0, 12, 0.473940
79, 0, 13, 0.468641
79, 0, 14, 0.448846
79, 0, 15, 0.456083
79, 0, 16, 0.527490
79, 0, 17, 0.572538
79, 0, 18, 0.556804
79, 0, 19, 0.479770
79, 0, 20, 0.467960
79, 0, 21, 0.548813
79, 0, 22, 0.777428
79, 0, 23, 1.170195
79, 0, 24, 1.713969
79, 0, 25, 2.412043
79, 0, 26, 100.000000
79, 0, 27, 100.000000
79, 0, 28, 100.000000
79, 0, 29, 100.000000
79, 0, 30, 100.000000
79, 0, 31, 100.000000
79, 0, 32, 100.000000
79, 0, 33, 100.000000
79, 0, 34, 100.000000
79, 1, 0, 0.459984
79, 1, 1, 0.147167
79, 1, 2, 0.057813
79, 1, 3, 0.032460
79, 1, 4, 0.009410
79, 1, 5, 0.025388
79, 1, 6, 0.061299
79, 1, 7, 0.105216
79, 1, 8, 0.128436
79, 1, 9, 0.140720
79, 1, 10, 0.134046
79, 1, 11, 0.119555
79, 1, 12, 0.083899
79, 1, 13, 0.060337
79, 1, 14, 0.041745
79, 1, 15, 0.026470
79, 1, 16, 0.056178
79, 1, 17, 0.095797
79, 1, 18, 0.059921
79, 1, 19, -0.019476
79, 1, 20, -0.048358
79, 1, 21, 0.025672
79, 1, 22, 0.276143
79, 1, 23, 0.751577
79, 1, 24, 1.321556
79, 1, 25, 2.031994
79, 1, 26, 100.000000
79, 1, 27, 100.000000
79, 1, 28, 100.000000
79, 1, 29, 100.000000
79, 1, 30, 100.000000
79, 1, 31, 100.000000
79, 1, 32, 100.000000
79, 1, 33, 100.000000
79, 1, 34, 100.000000
79, 2, 0, 0.417723
79, 2, 1, 0.009968
79, 2, 2, -0.138244
79, 2, 3, -0.169203
79, 2, 4, -0.176515
79, 2, 5, -0.152534
79, 2, 6, -0.138961
79, 2, 7, -0.116677
79, 2, 8, -0.079010
79, 2, 9, -0.046915
79, 2, 10, -0.058711
79, 2, 11, -0.069855
79, 2, 12, -0.103018
79, 2, 13, -0.133595
79, 2, 14, -0.152121
79, 2, 15, -0.185063
79, 2, 16, -0.190355
79, 2, 17, -0.155063
79, 2, 18, -0.177644
79, 2, 19, -0.219339
79, 2, 20, -0.241742
79, 2, 21, -0.203815
79, 2, 22, 0.030615
79, 2, 23, 0.496628
79, 2, 24, 1.124682
79, 2, 25, 1.773572
79, 2, 26, 100.000000
79, 2, 27, 100.000000
79, 2, 28, 100.000000
79, 2, 29, 100.000000
79, 2, 30, 100.000000
79, 2, 31, 100.000000
79, 2, 32, 100.000000
79, 2, 33, 100.000000
79, 2, 34, 100.000000
79, 3, 0, 0.423092
79, 3, 1, -0.028587
79, 3, 2, -0.186298
79, 3, 3, -0.195452
79, 3, 4, -0.193639
79, 3, 5, -0.156563
79, 3, 6, -0.139640
79, 3, 7, -0.145553
79, 3, 8, -0.140417
79, 3, 9, -0.123221
79, 3, 10, -0.119406
79, 3, 11, -0.132852
79, 3, 12, -0.150925
79, 3, 13, -0.156782
79, 3, 14, -0.167256
79, 3, 15, -0.216216
79, 3, 16, -0.257466
79, 3, 17, -0.248906
79, 3, 18, -0.235825
79, 3, 19, -0.235748
79, 3, 20, -0.232963
79, 3, 21, -0.206582
79, 3, 22, -0.009984
79, 3, 23, 0.398746
79, 3, 24, 0.992696
79, 3, 25, 1.717376
79, 3, 26, 100.000000
79, 3, 27, 100.000000
79, 3, 28, 100.000000
79, 3, 29, 100.000000
79, 3, 30, 100.000000
79, 3, 31, 100.000000
79, 3, 32, 100.000000
79, 3, 33, 100.000000
79, 3, 34, 100.000000
79, 4, 0, 0.408182
79, 4, 1, -0.038000
79, 4, 2, -0.174115
79, 4, 3, -0.178455
79, 4, 4, -0.172321
79, 4, 5, -0.143731
79, 4, 6, -0.139445
79, 4, 7, -0.159494
79, 4, 8, -0.178505
79, 4, 9, -0.162541
79, 4, 10, -0.155018
79, 4, 11, -0.174156
79, 4, 12, -0.195689
79, 4, 13, -0.197716
79, 4, 14, -0.190576
79, 4, 15, -0.201287
79, 4, 16, -0.228338
79, 4, 17, -0.244773
79, 4, 18, -0.237623
79, 4, 19, -0.227042
79, 4, 20, -0.227302
79, 4, 21, -0.180872
79, 4, 22, -0.002053
79, 4, 23, 0.337113
79, 4, 24, 0.832915
79, 4, 25, 1.514359
79, 4, 26, 2.407912
79, 4, 27, 100.000000
79, 4, 28, 100.000000
79, 4, 29, 100.000000
79, 4, 30, 100.000000
79, 4, 31, 100.000000
79, 4, 32, 100.000000
79, 4, 33, 100.000000
79, 4, 34, 100.000000
79, 5, 0, 0.400697
79, 5, 1, -0.022146
79, 5, 2, -0.148287
79, 5, 3, -0.166070
79, 5, 4, -0.166569
79, 5, 5, -0.150377
79, 5, 6, -0.155649
79, 5, 7, -0.181039
79, 5, 8, -0.202183
79, 5, 9, -0.195934
79, 5, 10, -0.184514
79, 5, 11, -0.186083
79, 5, 12, -0.202751
79, 5, 13, -0.216739
79, 5, 14, -0.204026
79, 5, 15, -0.181065
79, 5, 16, -0.182553
79, 5, 17, -0.195015
79, 5, 18, -0.181900
79, 5, 19, -0.163251
79, 5, 20, -0.173576
79, 5, 21, -0.167183
79, 5, 22, -0.045667
79, 5, 23, 0.231702
79, 5, 24, 0.653081
79, 5, 25, 1.276840
79, 5, 26, 2.051569
79, 5, 27, 100.000000
79, 5, 28, 100.000000
79, 5, 29, 100.000000
79, 5, 30, 100.000000
79, 5, 31, 100.000000
79, 5, 32, 100.000000
79, 5, 33, 100.000000
79, 5, 34, 100.000000
79, 6, 0, 0.379666
79, 6, 1, -0.018774
79, 6, 2, -0.129589
79, 6, 3, -0.166746
79, 6, 4, -0.184211
79, 6, 5, -0.164682
79, 6, 6, -0.159913
79, 6, 7, -0.192870
79, 6, 8, -0.226633
79, 6, 9, -0.214321
79, 6, 10, -0.180600
79, 6, 11, -0.157204
79, 6, 12, -0.162832
79, 6, 13, -0.178831
79, 6, 14, -0.174801
79, 6, 15, -0.159659
79, 6, 16, -0.149174
79, 6, 17, -0.145206
79, 6, 18, -0.115886
79, 6, 19, -0.091538
79, 6, 20, -0.108037
79, 6, 21, -0.115779
79, 6, 22, -0.062376
79, 6, 23, 0.141359
79, 6, 24, 0.544013
79, 6, 25, 1.175154
79, 6, 26, 1.856384
79, 6, 27, 100.000000
79, 6, 28, 100.000000
79, 6, 29, 100.000000
79, 6, 30, 100.000000
79, 6, 31, 100.000000
79, 6, 32, 100.000000
79, 6, 33, 100.000000
79, 6, 34, 100.000000
79, 7, 0, 0.368920
79, 7, 1, -0.023668
79, 7, 2, -0.112275
79, 7, 3, -0.153472
79, 7, 4, -0.182652
79, 7, 5, -0.172868
79, 7, 6, -0.164525
79, 7, 7, -0.190146
79, 7, 8, -0.223251
79, 7, 9, -0.207040
79, 7, 10, -0.181131
79, 7, 11, -0.149683
79, 7, 12, -0.132477
79, 7, 13, -0.138565
79, 7, 14, -0.141323
79, 7, 15, -0.128786
79, 7, 16, -0.124939
79, 7, 17, -0.128244
79, 7, 18, -0.108408
79, 7, 19, -0.080216
79, 7, 20, -0.076234
79, 7, 21, -0.086586
79, 7, 22, -0.082820
79, 7, 23, 0.103202
79, 7, 24, 0.546066
79, 7, 25, 1.184104
79, 7, 26, 1.901647
79, 7, 27, 100.000000
79, 7, 28, 100.000000
79, 7, 29, 100.000000
79, 7, 30, 100.000000
79, 7, 31, 100.000000
79, 7, 32, 100.000000
79, 7, 33, 100.000000
79, 7, 34, 100.000000
79, 8, 0, 0.361048
79, 8, 1, -0.045060
79, 8, 2, -0.127089
79, 8, 3, -0.133446
79, 8, 4, -0.154296
79, 8, 5, -0.164460
79, 8, 6, -0.160830
79, 8, 7, -0.165897
79, 8, 8, -0.176428
79, 8, 9, -0.172503
79, 8, 10, -0.146734
79, 8, 11, -0.118362
79, 8, 12, -0.109210
79, 8, 13, -0.110993
79, 8, 14, -0.100339
79, 8, 15, -0.095039
79, 8, 16, -0.108466
79, 8, 17, -0.113530
79, 8, 18, -0.100574
79, 8, 19, -0.082328
79, 8, 20, -0.079317
79, 8, 21, -0.107777
79, 8, 22, -0.119615
79, 8, 23, 0.100144
79, 8, 24, 0.608401
79, 8, 25, 1.185793
79, 8, 26, 2.048021
79, 8, 27, 100.000000
79, 8, 28, 100.000000
79, 8, 29, 100.000000
79, 8, 30, 100.000000
79, 8, 31, 100.000000
79, 8, 32, 100.000000
79, 8, 33, 100.000000
79, 8, 34, 100.000000
79, 9, 0, 0.375340
79, 9, 1, -0.071801
79, 9, 2, -0.174188
79, 9, 3, -0.144565
79, 9, 4, -0.144602
79, 9, 5, -0.159211
79, 9, 6, -0.150350
79, 9, 7, -0.119122
79, 9, 8, -0.110135
79, 9, 9, -0.148492
79, 9, 10, -0.166049
79, 9, 11, -0.147658
79, 9, 12, -0.130650
79, 9, 13, -0.110779
79, 9, 14, -0.091165
79, 9, 15, -0.092789
79, 9, 16, -0.114221
79, 9, 17, -0.116641
79, 9, 18, -0.101423
79, 9, 19, -0.109112
79, 9, 20, -0.123969
79, 9, 21, -0.134679
79, 9, 22, -0.117989
79, 9, 23, 0.163134
79, 9, 24, 0.669301
79, 9, 25, 1.184918
79, 9, 26, 2.016686
79, 9, 27, 100.000000
79, 9, 28, 100.000000
79, 9, 29, 100.000000
79, 9, 30, 100.000000
79, 9, 31, 100.000000
79, 9, 32, 100.000000
79, 9, 33, 100.000000
79, 9, 34, 100.000000
79, 10, 0, 0.386983
79, 10, 1, -0.081391
79, 10, 2, -0.214738
79, 10, 3, -0.176495
79, 10, 4, -0.142206
79, 10, 5, -0.133313
79, 10, 6, -0.110036
79, 10, 7, -0.067052
79, 10, 8, -0.070151
79, 10, 9, -0.123534
79, 10, 10, -0.159628
79, 10, 11, -0.148764
79, 10, 12, -0.139637
79, 10, 13, -0.125163
79, 10, 14, -0.102364
79, 10, 15, -0.101010
79, 10, 16, -0.139306
79, 10, 17, -0.148252
79, 10, 18, -0.135885
79, 10, 19, -0.147176
79, 10, 20, -0.144946
79, 10, 21, -0.115172
79, 10, 22, -0.050513
79, 10, 23, 0.220840
79, 10, 24, 0.692868
79, 10, 25, 1.283482
79, 10, 26, 2.020836
79, 10, 27, 100.000000
79, 10, 28, 100.000000
79, 10, 29, 100.000000
79, 10, 30, 100.000000
79, 10, 31, 100.000000
79, 10, 32, 100.000000
79, 10, 33, 100.000000
79, 10, 34, 100.000000
79, 11, 0, 0.405415
79, 11, 1, -0.044083
79, 11, 2, -0.209785
79, 11, 3, -0.183063
79, 11, 4, -0.139570
79, 11, 5, -0.094765
79, 11, 6, -0.056142
79, 11, 7, -0.019090
79, 11, 8, -0.040449
79, 11, 9, -0.096887
79, 11, 10, -0.129462
79, 11, 11, -0.116300
79, 11, 12, -0.115234
79, 11, 13, -0.109344
79, 11, 14, -0.087411
79, 11, 15, -0.079144
79, 11, 16, -0.134443
79, 11, 17, -0.164416
79, 11, 18, -0.150475
79, 11, 19, -0.145147
79, 11, 20, -0.134389
79, 11, 21, -0.087378
79, 11, 22, -0.018261
79, 11, 23, 0.231139
79, 11, 24, 0.692123
79, 11, 25, 1.334296
79, 11, 26, 2.064494
79, 11, 27, 100.000000
79, 11, 28, 100.000000
79, 11, 29, 100.000000
79, 11, 30, 100.000000
79, 11, 31, 100.000000
79, 11, 32, 100.000000
79, 11, 33, 100.000000
79, 11, 34, 100.000000
79, 12, 0, 0.376594
79, 12, 1, -0.010501
79, 12, 2, -0.146371
79, 12, 3, -0.124680
79, 12, 4, -0.101396
79, 12, 5, -0.062570
79, 12, 6, -0.034802
79, 12, 7, -0.016418
79, 12, 8, -0.033781
79, 12, 9, -0.080826
79, 12, 10, -0.111849
79, 12, 11, -0.095321
79, 12, 12, -0.080738
79, 12, 13, -0.077242
79, 12, 14, -0.062169
79, 12, 15, -0.049359
79, 12, 16, -0.104945
79, 12, 17, -0.152758
79, 12, 18, -0.144564
79, 12, 19, -0.122737
79, 12, 20, -0.107790
79, 12, 21, -0.097911
79, 12, 22, -0.057594
79, 12, 23, 0.188452
79, 12, 24, 0.702963
79, 12, 25, 1.278734
79, 12, 26, 1.897397
79, 12, 27, 100.000000
79, 12, 28, 100.000000
79, 12, 29, 100.000000
79, 12, 30, 100.000000
79, 12, 31, 100.000000
79, 12, 32, 100.000000
79, 12, 33, 100.000000
79, 12, 34, 100.000000
79, 13, 0, 0.335480
79, 13, 1, -0.025537
79, 13, 2, -0.109610
79, 13, 3, -0.076205
79, 13, 4, -0.059841
79, 13, 5, -0.064551
79, 13, 6, -0.054973
79, 13, 7, -0.033085
79, 13, 8, -0.046926
79, 13, 9, -0.083914
79, 13, 10, -0.104578
79, 13, 11, -0.074022
79, 13, 12, -0.055198
79, 13, 13, -0.067387
79, 13, 14, -0.066144
79, 13, 15, -0.034074
79, 13, 16, -0.080894
79, 13, 17, -0.133507
79, 13, 18, -0.116639
79, 13, 19, -0.091774
79, 13, 20, -0.092344
79, 13, 21, -0.113025
79, 13, 22, -0.103221
79, 13, 23, 0.157148
79, 13, 24, 0.759611
79, 13, 25, 1.325479
79, 13, 26, 1.881506
79, 13, 27, 100.000000
79, 13, 28, 100.000000
79, 13, 29, 100.000000
79, 13, 30, 100.000000
79, 13, 31, 100.000000
79, 13, 32, 100.000000
79, 13, 33, 100.000000
79, 13, 34, 100.000000
79, 14, 0, 0.333413
79, 14, 1, -0.035070
79, 14, 2, -0.087713
79, 14, 3, -0.061161
79, 14, 4, -0.081217
79, 14, 5, -0.102950
79, 14, 6, -0.077053
79, 14, 7, -0.033324
79, 14, 8, -0.044169
79, 14, 9, -0.075585
79, 14, 10, -0.096188
79, 14, 11, -0.084619
79, 14, 12, -0.069978
79, 14, 13, -0.075976
79, 14, 14, -0.079299
79, 14, 15, -0.057013
79, 14, 16, -0.063685
79, 14, 17, -0.101670
79, 14, 18, -0.099434
79, 14, 19, -0.085446
79, 14, 20, -0.084925
79, 14, 21, -0.100539
79, 14, 22, -0.080047
79, 14, 23, 0.224503
79, 14, 24, 0.854349
79, 14, 25, 1.439834
79, 14, 26, 2.255377
79, 14, 27, 100.000000
79, 14, 28, 100.000000
79, 14, 29, 100.000000
79, 14, 30, 100.000000
79, 14, 31, 100.000000
79, 14, 32, 100.000000
79, 14, 33, 100.000000
79, 14, 34, 100.000000
79, 15, 0, 0.348677
79, 15, 1, -0.013297
79, 15, 2, -0.100520
79, 15, 3, -0.109185
79, 15, 4, -0.136559
79, 15, 5, -0.131938
79, 15, 6, -0.075311
79, 15, 7, -0.027012
79, 15, 8, -0.041922
79, 15, 9, -0.059289
79, 15, 10, -0.072879
79, 15, 11, -0.082858
79, 15, 12, -0.087182
79, 15, 13, -0.100296
79, 15, 14, -0.110116
79, 15, 15, -0.096785
79, 15, 16, -0.083514
79, 15, 17, -0.097642
79, 15, 18, -0.099743
79, 15, 19, -0.087127
79, 15, 20, -0.065700
79, 15, 21, -0.071213
79, 15, 22, -0.031381
79, 15, 23, 0.337113
79, 15, 24, 0.958768
79, 15, 25, 1.618898
79, 15, 26, 100.000000
79, 15, 27, 100.000000
79, 15, 28, 100.000000
79, 15, 29, 100.000000
79, 15, 30, 100.000000
79, 15, 31, 100.000000
79, 15, 32, 100.000000
79, 15, 33, 100.000000
79, 15, 34, 100.000000
79, 16, 0, 0.360642
79, 16, 1, 0.019716
79, 16, 2, -0.073008
79, 16, 3, -0.127826
79, 16, 4, -0.145709
79, 16, 5, -0.118391
79, 16, 6, -0.061529
79, 16, 7, -0.037101
79, 16, 8, -0.067539
79, 16, 9, -0.075105
79, 16, 10, -0.067509
79, 16, 11, -0.089761
79, 16, 12, -0.103310
79, 16, 13, -0.127641
79, 16, 14, -0.140737
79, 16, 15, -0.122796
79, 16, 16, -0.106859
79, 16, 17, -0.119075
79, 16, 18, -0.127505
79, 16, 19, -0.106133
79, 16, 20, -0.064132
79, 16, 21, -0.064338
79, 16, 22, 0.008381
79, 16, 23, 0.399898
79, 16, 24, 1.015162
79, 16, 25, 1.593469
79, 16, 26, 100.000000
79, 16, 27, 100.000000
79, 16, 28, 100.000000
79, 16, 29, 100.000000
79, 16, 30, 100.000000
79, 16, 31, 100.000000
79, 16, 32, 100.000000
79, 16, 33, 100.000000
79, 16, 34, 100.000000
79, 17, 0, 0.343762
79, 17, 1, -0.001881
79, 17, 2, -0.075898
79, 17, 3, -0.125050
79, 17, 4, -0.135105
79, 17, 5, -0.097195
79, 17, 6, -0.048839
79, 17, 7, -0.051712
79, 17, 8, -0.091253
79, 17, 9, -0.086807
79, 17, 10, -0.052476
79, 17, 11, -0.065478
79, 17, 12, -0.095921
79, 17, 13, -0.124069
79, 17, 14, -0.142259
79, 17, 15, -0.126408
79, 17, 16, -0.108027
79, 17, 17, -0.123395
79, 17, 18, -0.153261
79, 17, 19, -0.137562
79, 17, 20, -0.076688
79, 17, 21, -0.049248
79, 17, 22, 0.061289
79, 17, 23, 0.448518
79, 17, 24, 1.060133
79, 17, 25, 1.636843
79, 17, 26, 2.490986
79, 17, 27, 100.000000
79, 17, 28, 100.000000
79, 17, 29, 100.000000
79, 17, 30, 100.000000
79, 17, 31, 100.000000
79, 17, 32, 100.000000
79, 17, 33, 100.000000
79, 17, 34, 100.000000
79, 18, 0, 0.335268
79, 18, 1, -0.030191
79, 18, 2, -0.104741
79, 18, 3, -0.110484
79, 18, 4, -0.120217
79, 18, 5, -0.080111
79, 18, 6, -0.035577
79, 18, 7, -0.048198
79, 18, 8, -0.087176
79, 18, 9, -0.074871
79, 18, 10, -0.029449
79, 18, 11, -0.026353
79, 18, 12, -0.067680
79, 18, 13, -0.097580
79, 18, 14, -0.103227
79, 18, 15, -0.083408
79, 18, 16, -0.066273
79, 18, 17, -0.078064
79, 18, 18, -0.141217
79, 18, 19, -0.165030
79, 18, 20, -0.114551
79, 18, 21, -0.057090
79, 18, 22, 0.131998
79, 18, 23, 0.552822
79, 18, 24, 1.175801
79, 18, 25, 1.839243
79, 18, 26, 100.000000
79, 18, 27, 100.000000
79, 18, 28, 100.000000
79, 18, 29, 100.000000
79, 18, 30, 100.000000
79, 18, 31, 100.000000
79, 18, 32, 100.000000
79, 18, 33, 100.000000
79, 18, 34, 100.000000
79, 19, 0, 0.337036
79, 19, 1, -0.045408
79, 19, 2, -0.098941
79, 19, 3, -0.087645
79, 19, 4, -0.101021
79, 19, 5, -0.072274
79, 19, 6, -0.045817
79, 19, 7, -0.046130
79, 19, 8, -0.073014
79, 19, 9, -0.063657
79, 19, 10, -0.031352
79, 19, 11, -0.030473
79, 19, 12, -0.053185
79, 19, 13, -0.070892
79, 19, 14, -0.070307
79, 19, 15, -0.057699
79, 19, 16, -0.036597
79, 19, 17, -0.045455
79, 19, 18, -0.104674
79, 19, 19, -0.157665
79, 19, 20, -0.147345
79, 19, 21, -0.062477
79, 19, 22, 0.212681
79, 19, 23, 0.687168
79, 19, 24, 1.333141
79, 19, 25, 2.156439
79, 19, 26, 100.000000
79, 19, 27, 100.000000
79, 19, 28, 100.000000
79, 19, 29, 100.000000
79, 19, 30, 100.000000
79, 19, 31, 100.000000
79, 19, 32, 100.000000
79, 19, 33, 100.000000
79, 19, 34, 100.000000
79, 20, 0, 0.311392
79, 20, 1, -0.062114
79, 20, 2, -0.084443
79, 20, 3, -0.055119
79, 20, 4, -0.083129
79, 20, 5, -0.089978
79, 20, 6, -0.065616
79, 20, 7, -0.045530
79, 20, 8, -0.050514
79, 20, 9, -0.047066
79, 20, 10, -0.037894
79, 20, 11, -0.032172
79, 20, 12, -0.046025
79, 20, 13, -0.049480
79, 20, 14, -0.060665
79, 20, 15, -0.076369
79, 20, 16, -0.073467
79, 20, 17, -0.071374
79, 20, 18, -0.099537
79, 20, 19, -0.144515
79, 20, 20, -0.149935
79, 20, 21, -0.055590
79, 20, 22, 0.227226
79, 20, 23, 0.719824
79, 20, 24, 1.383415
79, 20, 25, 2.275608
79, 20, 26, 100.000000
79, 20, 27, 100.000000
79, 20, 28, 100.000000
79, 20, 29, 100.000000
79, 20, 30, 100.000000
79, 20, 31, 100.000000
79, 20, 32, 100.000000
79, 20, 33, 100.000000
79, 20, 34, 100.000000
79, 21, 0, 0.308366
79, 21, 1, -0.069829
79, 21, 2, -0.100159
79, 21, 3, -0.061974
79, 21, 4, -0.082062
79, 21, 5, -0.084438
79, 21, 6, -0.066882
79, 21, 7, -0.042024
79, 21, 8, -0.029969
79, 21, 9, -0.022240
79, 21, 10, -0.028110
79, 21, 11, -0.036802
79, 21, 12, -0.052992
79, 21, 13, -0.045572
79, 21, 14, -0.055340
79, 21, 15, -0.084559
79, 21, 16, -0.106745
79, 21, 17, -0.089527
79, 21, 18, -0.093435
79, 21, 19, -0.139179
79, 21, 20, -0.156760
79, 21, 21, -0.062494
79, 21, 22, 0.236122
79, 21, 23, 0.688296
79, 21, 24, 1.284040
79, 21, 25, 2.141136
79, 21, 26, 100.000000
79, 21, 27, 100.000000
79, 21, 28, 100.000000
79, 21, 29, 100.000000
79, 21, 30, 100.000000
79, 21, 31, 100.000000
79, 21, 32, 100.000000
79, 21, 33, 100.000000
79, 21, 34, 100.000000
79, 22, 0, 0.347431
79, 22, 1, -0.048019
79, 22, 2, -0.106922
79, 22, 3, -0.080689
79, 22, 4, -0.069240
79, 22, 5, -0.037207
79, 22, 6, -0.022789
79, 22, 7, -0.022945
79, 22, 8, -0.048975
79, 22, 9, -0.054958
79, 22, 10, -0.051394
79, 22, 11, -0.064100
79, 22, 12, -0.074831
79, 22, 13, -0.060582
79, 22, 14, -0.050661
79, 22, 15, -0.064790
79, 22, 16, -0.111362
79, 22, 17, -0.114525
79, 22, 18, -0.095225
79, 22, 19, -0.124827
79, 22, 20, -0.161983
79, 22, 21, -0.077023
79, 22, 22, 0.238246
79, 22, 23, 0.678471
79, 22, 24, 1.233466
79, 22, 25, 2.021197
79, 22, 26, 100.000000
79, 22, 27, 100.000000
79, 22, 28, 100.000000
79, 22, 29, 100.000000
79, 22, 30, 100.000000
79, 22, 31, 100.000000
79, 22, 32, 100.000000
79, 22, 33, 100.000000
79, 22, 34, 100.000000
79, 23, 0, 0.380841
79, 23, 1, -0.036534
79, 23, 2, -0.103584
79, 23, 3, -0.068108
79, 23, 4, -0.035427
79, 23, 5, -0.006478
79, 23, 6, 0.004481
79, 23, 7, -0.026171
79, 23, 8, -0.083189
79, 23, 9, -0.122393
79, 23, 10, -0.103811
79, 23, 11, -0.081835
79, 23, 12, -0.085936
79, 23, 13, -0.079762
79, 23, 14, -0.042598
79, 23, 15, -0.039351
79, 23, 16, -0.086313
79, 23, 17, -0.102210
79, 23, 18, -0.089482
79, 23, 19, -0.106039
79, 23, 20, -0.144573
79, 23, 21, -0.065873
79, 23, 22, 0.292254
79, 23, 23, 0.815072
79, 23, 24, 1.396998
79, 23, 25, 2.150795
79, 23, 26, 100.000000
79, 23, 27, 100.000000
79, 23, 28, 100.000000
79, 23, 29, 100.000000
79, 23, 30, 100.000000
79, 23, 31, 100.000000
79, 23, 32, 100.000000
79, 23, 33, 100.000000
79, 23, 34, 100.000000
79, 24, 0, 0.398970
79, 24, 1, -0.054692
79, 24, 2, -0.103452
79, 24, 3, -0.038917
79, 24, 4, -0.003808
79, 24, 5, -0.004023
79, 24, 6, -0.000830
79, 24, 7, -0.023328
79, 24, 8, -0.087874
79, 24, 9, -0.149359
79, 24, 10, -0.121332
79, 24, 11, -0.076142
79, 24, 12, -0.077350
79, 24, 13, -0.060944
79, 24, 14, -0.046844
79, 24, 15, -0.050458
79, 24, 16, -0.078371
79, 24, 17, -0.077149
79, 24, 18, -0.082957
79, 24, 19, -0.109892
79, 24, 20, -0.126412
79, 24, 21, 0.013774
79, 24, 22, 0.452971
79, 24, 23, 1.064261
79, 24, 24, 1.607602
79, 24, 25, 2.457850
79, 24, 26, 100.000000
79, 24, 27, 100.000000
79, 24, 28, 100.000000
79, 24, 29, 100.000000
79, 24, 30, 100.000000
79, 24, 31, 100.000000
79, 24, 32, 100.000000
79, 24, 33, 100.000000
79, 24, 34, 100.000000
79, 25, 0, 0.407296
79, 25, 1, -0.069294
79, 25, 2, -0.110090
79, 25, 3, -0.035204
79, 25, 4, -0.001483
79, 25, 5, -0.006982
79, 25, 6, -0.018238
79, 25, 7, -0.023840
79, 25, 8, -0.068961
79, 25, 9, -0.122002
79, 25, 10, -0.109462
79, 25, 11, -0.073289
79, 25, 12, -0.059107
79, 25, 13, -0.057809
79, 25, 14, -0.059632
79, 25, 15, -0.080232
79, 25, 16, -0.082858
79, 25, 17, -0.060062
79, 25, 18, -0.068583
79, 25, 19, -0.094814
79, 25, 20, -0.084462
79, 25, 21, 0.106875
79, 25, 22, 0.591277
79, 25, 23, 1.184226
79, 25, 24, 1.873248
79, 25, 25, 100.000000
79, 25, 26, 100.000000
79, 25, 27, 100.000000
79, 25, 28, 100.000000
79, 25, 29, 100.000000
79, 25, 30, 100.000000
79, 25, 31, 100.000000
79, 25, 32, 100.000000
79, 25, 33, 100.000000
79, 25, 34, 100.000000
79, 26, 0, 0.375784
79, 26, 1, -0.065642
79, 26, 2, -0.109861
79, 26, 3, -0.045181
79, 26, 4, -0.006050
79, 26, 5, -0.022633
79, 26, 6, -0.053738
79, 26, 7, -0.059141
79, 26, 8, -0.069059
79, 26, 9, -0.089000
79, 26, 10, -0.084965
79, 26, 11, -0.068560
79, 26, 12, -0.068510
79, 26, 13, -0.058439
79, 26, 14, -0.061278
79, 26, 15, -0.095195
79, 26, 16, -0.092929
79, 26, 17, -0.054575
79, 26, 18, -0.054028
79, 26, 19, -0.070994
79, 26, 20, -0.044973
79, 26, 21, 0.147705
79, 26, 22, 0.607137
79, 26, 23, 1.149556
79, 26, 24, 1.927289
79, 26, 25, 100.000000
79, 26, 26, 100.000000
79, 26, 27, 100.000000
79, 26, 28, 100.000000
79, 26, 29, 100.000000
79, 26, 30, 100.000000
79, 26, 31, 100.000000
79, 26, 32, 100.000000
79, 26, 33, 100.000000
79, 26, 34, 100.000000
79, 27, 0, 0.351496
79, 27, 1, -0.056965
79, 27, 2, -0.107563
79, 27, 3, -0.072384
79, 27, 4, -0.044816
79, 27, 5, -0.070072
79, 27, 6, -0.104744
79, 27, 7, -0.112496
79, 27, 8, -0.102099
79, 27, 9, -0.081414
79, 27, 10, -0.063563
79, 27, 11, -0.061809
79, 27, 12, -0.077510
79, 27, 13, -0.068676
79, 27, 14, -0.061428
79, 27, 15, -0.085138
79, 27, 16, -0.101454
79, 27, 17, -0.087542
79, 27, 18, -0.060168
79, 27, 19, -0.058077
79, 27, 20, -0.033235
79, 27, 21, 0.135991
79, 27, 22, 0.570094
79, 27, 23, 1.094759
79, 27, 24, 1.837430
79, 27, 25, 100.000000
79, 27, 26, 100.000000
79, 27, 27, 100.000000
79, 27, 28, 100.000000
79, 27, 29, 100.000000
79, 27, 30, 100.000000
79, 27, 31, 100.000000
79, 27, 32, 100.000000
79, 27, 33, 100.000000
79, 27, 34, 100.000000
79, 28, 0, 0.366592
79, 28, 1, -0.027375
79, 28, 2, -0.113210
79, 28, 3, -0.103985
79, 28, 4, -0.083578
79, 28, 5, -0.093862
79, 28, 6, -0.110672
79, 28, 7, -0.101652
79, 28, 8, -0.082907
79, 28, 9, -0.052363
79, 28, 10, -0.034886
79, 28, 11, -0.053655
79, 28, 12, -0.074105
79, 28, 13, -0.066393
79, 28, 14, -0.066187
79, 28, 15, -0.086181
79, 28, 16, -0.110753
79, 28, 17, -0.097417
79, 28, 18, -0.051648
79, 28, 19, -0.033098
79, 28, 20, -0.010038
79, 28, 21, 0.111754
79, 28, 22, 0.523552
79, 28, 23, 1.152817
79, 28, 24, 1.867095
79, 28, 25, 100.000000
79, 28, 26, 100.000000
79, 28, 27, 100.000000
79, 28, 28, 100.000000
79, 28, 29, 100.000000
79, 28, 30, 100.000000
79, 28, 31, 100.000000
79, 28, 32, 100.000000
79, 28, 33, 100.000000
79, 28, 34, 100.000000
79, 29, 0, 0.459154
79, 29, 1, 0.093886
79, 29, 2, -0.021111
79, 29, 3, 0.030189
79, 29, 4, 0.093520
79, 29, 5, 0.104767
79, 29, 6, 0.093800
79, 29, 7, 0.087698
79, 29, 8, 0.092918
79, 29, 9, 0.104075
79, 29, 10, 0.099217
79, 29, 11, 0.054148
79, 29, 12, 0.029031
79, 29, 13, 0.057227
79, 29, 14, 0.073511
79, 29, 15, 0.052850
79, 29, 16, 0.043681
79, 29, 17, 0.046418
79, 29, 18, 0.087228
79, 29, 19, 0.128237
79, 29, 20, 0.152245
79, 29, 21, 0.241910
79, 29, 22, 0.594849
79, 29, 23, 1.242189
79, 29, 24, 1.913677
79, 29, 25, 100.000000
79, 29, 26, 100.000000
79, 29, 27, 100.000000
79, 29, 28, 100.000000
79, 29, 29, 100.000000
79, 29, 30, 100.000000
79, 29, 31, 100.000000
79, 29, 32, 100.000000
79, 29, 33, 100.000000
79, 29, 34, 100.000000
